[header]
width=28
height=129
tilewidth=64
tileheight=32
music=boss_theme.ogg
tileset=tileset_dungeon.txt
title=Averguard Temple

[tilesets]
tileset=../../../tiled/dungeon/tiled_collision.png,64,32,0,0
tileset=../../../tiled/dungeon/tiled_dungeon.png,64,128,0,0
tileset=../../../tiled/dungeon/set_rules.png,64,32,0,0
tileset=../../../tiled/dungeon/tiled_dungeon_2x2.png,128,64,0,16
tileset=../../../tiled/dungeon/door_left.png,64,128,-16,-8
tileset=../../../tiled/dungeon/door_right.png,64,128,16,-8
tileset=../../../tiled/dungeon/stairs.png,256,256,0,48

[layer]
type=background
data=
0,0,0,0,0,0,0,0,0,0,18,16,18,18,19,17,19,16,0,0,0,0,0,0,0,0,0,0,
0,0,0,0,0,0,0,0,0,0,16,18,18,18,16,19,16,17,17,18,0,0,0,0,0,0,0,0,
0,0,0,0,0,0,0,0,0,0,16,16,16,16,18,16,18,19,16,18,0,0,0,0,0,0,0,0,
0,0,0,0,0,0,0,0,0,0,16,17,16,16,19,16,17,19,19,16,0,0,0,0,0,0,0,0,
0,0,0,0,0,0,18,16,18,18,19,19,16,30,23,23,23,31,16,17,16,18,16,18,0,0,0,0,
0,0,0,0,0,0,19,18,16,17,16,30,23,26,18,23,31,27,23,31,17,17,16,16,0,0,0,0,
0,0,0,0,0,0,17,16,16,16,19,22,30,23,26,17,27,23,31,20,16,16,16,16,0,0,0,0,
0,0,0,0,0,0,18,18,19,16,30,26,22,30,23,23,23,18,20,27,31,16,17,18,0,0,0,0,
0,0,0,0,0,0,19,17,19,16,22,30,26,22,17,18,17,20,27,31,20,17,18,18,0,0,0,0,
0,0,0,0,0,0,16,19,17,19,22,22,18,22,17,19,18,20,18,20,20,17,19,16,0,0,0,0,
0,0,0,0,0,0,19,17,16,17,22,22,17,22,19,19,17,20,17,20,20,17,16,17,0,0,0,0,
0,0,0,0,0,0,17,16,17,16,22,29,25,22,17,18,19,20,24,28,20,17,19,19,0,0,0,0,
0,0,0,0,0,0,19,19,17,17,29,25,22,18,21,21,21,28,20,24,28,16,17,19,0,0,0,0,
0,0,0,0,0,0,0,16,16,16,17,22,29,21,25,18,24,21,28,20,17,17,16,17,0,0,0,0,
0,0,0,0,0,0,0,19,17,19,16,29,21,25,29,21,28,24,21,28,16,16,17,16,0,0,0,0,
0,0,0,0,0,0,0,0,0,0,19,16,16,29,21,21,21,28,16,17,0,0,0,0,0,0,0,0,
0,0,0,0,0,0,0,0,0,0,19,18,18,16,18,18,19,17,19,16,0,0,0,0,0,0,0,0,
0,0,0,0,0,0,0,0,0,0,0,18,16,16,18,16,19,16,16,16,0,0,0,0,0,0,0,0,
0,0,0,0,0,0,0,0,0,0,0,16,17,18,16,16,17,18,16,17,0,0,0,0,0,0,0,0,
0,0,0,0,0,0,0,0,0,0,0,0,0,0,17,19,0,0,0,0,0,0,0,0,0,0,0,0,
0,0,0,0,0,0,0,0,0,0,0,0,0,0,17,17,0,0,0,0,0,0,0,0,0,0,0,0,
0,0,0,0,0,0,0,0,0,0,0,0,0,0,17,17,0,0,0,0,0,0,0,0,0,0,0,0,
0,0,0,0,0,0,0,0,0,0,0,0,0,0,18,16,0,0,0,0,0,0,0,0,0,0,0,0,
0,0,0,0,0,0,0,0,0,0,0,0,0,0,17,19,0,0,0,0,0,0,0,0,0,0,0,0,
0,0,0,0,0,0,0,0,0,0,0,0,0,0,16,19,0,0,0,0,0,0,0,0,0,0,0,0,
0,0,0,0,0,0,0,0,0,0,0,0,0,0,18,16,0,0,0,0,0,0,0,0,0,0,0,0,
0,0,0,0,0,0,0,0,0,0,0,0,18,18,16,19,16,19,18,0,0,0,0,0,0,0,0,0,
0,0,0,0,0,0,0,0,0,0,0,0,17,16,18,16,18,17,19,49,0,0,0,0,0,0,0,0,
0,0,0,0,0,0,0,0,0,0,0,0,16,16,19,16,17,17,17,49,0,0,0,0,0,0,0,0,
0,0,0,0,0,0,0,0,0,0,0,0,50,50,51,51,51,50,50,0,0,0,0,0,0,0,0,0,
0,0,0,0,0,0,0,0,0,0,0,0,0,0,51,51,51,0,0,0,0,0,0,0,0,0,0,0,
0,0,0,0,0,0,0,0,0,0,0,0,0,0,51,51,51,0,0,0,0,0,0,0,0,0,0,0,
0,0,0,0,0,0,0,0,0,0,0,0,0,0,51,51,51,0,0,0,0,0,0,0,0,0,0,0,
0,0,0,0,0,0,0,0,0,0,0,0,0,0,51,51,51,0,0,0,0,0,0,0,0,0,0,0,
0,0,0,0,0,0,0,0,0,0,0,0,0,0,51,51,51,0,0,0,0,0,0,0,0,0,0,0,
0,0,0,0,0,0,0,0,0,0,0,0,0,0,51,51,51,0,0,0,0,0,0,0,0,0,0,0,
0,0,0,0,0,0,0,0,0,0,0,0,0,0,51,51,51,0,0,0,0,0,0,0,0,0,0,0,
0,0,0,0,0,0,0,0,0,0,0,0,0,0,51,51,51,0,0,0,0,0,0,0,0,0,0,0,
0,0,0,0,0,0,0,0,0,0,0,0,0,0,51,51,51,0,0,0,0,0,0,0,0,0,0,0,
0,0,0,0,0,0,0,0,0,0,0,0,0,0,51,51,51,0,0,0,0,0,0,0,0,0,0,0,
0,0,0,0,0,0,0,0,0,0,0,0,0,0,51,51,51,0,0,0,0,0,0,0,0,0,0,0,
0,0,0,0,0,0,0,0,0,0,0,0,0,0,51,51,51,0,0,0,0,0,0,0,0,0,0,0,
0,0,0,0,0,0,0,0,0,0,0,0,0,0,51,51,51,0,0,0,0,0,0,0,0,0,0,0,
0,0,0,0,0,0,0,0,0,0,0,0,0,0,51,51,51,0,0,0,0,0,0,0,0,0,0,0,
0,0,0,0,0,0,0,0,0,0,0,0,0,0,51,51,51,0,0,0,0,0,0,0,0,0,0,0,
0,0,0,0,0,0,0,0,0,0,18,49,0,0,51,51,51,0,0,0,0,0,18,49,0,0,0,0,
0,0,0,0,0,0,0,0,0,0,17,49,0,0,51,51,51,0,0,0,0,0,17,49,0,0,0,0,
0,0,0,0,0,0,0,0,16,16,17,49,0,0,51,51,51,0,0,0,16,16,17,49,0,0,0,0,
0,0,0,0,0,0,0,0,50,50,50,0,0,0,51,51,51,0,0,0,50,50,50,0,0,0,0,0,
0,0,0,0,0,0,0,0,0,0,0,0,0,0,51,51,51,0,0,0,0,0,0,0,0,0,0,0,
0,0,0,0,0,0,0,0,0,0,0,0,0,0,51,51,51,0,0,0,0,0,0,0,0,0,0,0,
0,0,0,0,0,0,17,18,18,18,18,16,19,16,19,18,18,17,18,18,18,18,16,19,16,49,0,0,
0,0,0,0,0,0,17,19,16,17,16,18,16,18,17,19,16,17,19,16,17,16,18,16,18,49,0,0,
0,0,0,0,0,0,17,16,17,16,16,19,16,17,17,17,19,17,16,17,16,16,19,16,17,49,0,0,
0,0,0,0,0,0,18,16,18,48,50,50,50,50,50,50,50,50,50,50,50,50,18,16,18,49,0,0,
0,0,0,0,0,0,17,19,16,49,0,0,0,0,0,0,0,0,0,0,0,0,17,19,16,49,0,0,
0,0,0,0,0,0,19,18,18,49,0,0,0,0,0,0,0,0,0,0,0,0,19,18,18,49,0,0,
0,0,0,0,0,0,17,19,16,49,0,0,0,0,0,0,0,0,0,0,0,0,17,19,16,49,0,0,
0,0,0,0,0,0,17,17,19,49,0,0,0,0,0,17,49,0,0,0,0,0,17,17,19,49,0,0,
0,0,0,0,0,0,17,17,19,49,0,0,0,0,0,50,0,0,0,0,0,0,17,17,19,49,0,0,
0,0,0,0,0,0,18,16,18,49,0,0,0,0,0,0,0,0,0,0,0,0,18,16,18,49,0,0,
0,0,0,0,0,0,17,19,16,49,0,0,0,0,0,0,0,0,0,0,0,0,17,19,16,49,0,0,
0,0,0,0,0,0,17,18,18,18,18,16,19,16,19,18,18,17,18,18,18,18,16,19,16,49,0,0,
0,0,0,0,0,0,17,19,16,17,16,18,16,18,17,19,16,17,19,16,17,16,18,16,18,49,0,0,
0,0,0,0,0,0,17,16,17,16,16,19,16,17,17,17,19,17,16,17,16,16,19,16,17,49,0,0,
0,0,0,0,0,0,50,50,50,50,50,50,50,50,18,16,18,48,50,50,50,50,50,50,50,0,0,0,
0,0,0,0,0,0,0,0,0,0,0,0,0,0,17,19,16,49,0,0,0,0,0,0,0,0,0,0,
0,0,0,0,0,0,0,0,0,0,0,0,0,0,19,18,18,49,0,0,0,0,0,0,0,0,0,0,
0,0,0,0,0,0,0,0,0,0,0,0,0,0,17,17,19,49,0,0,0,0,0,0,0,0,0,0,
0,0,0,0,0,0,0,0,0,0,0,0,0,0,18,16,18,49,0,0,0,0,0,0,0,0,0,0,
0,0,0,0,0,0,0,0,18,49,0,0,0,0,17,19,16,49,0,0,0,0,0,0,18,49,0,0,
0,0,0,0,0,0,0,0,17,49,0,0,0,0,19,18,18,49,0,0,0,0,0,0,17,49,0,0,
0,0,0,0,0,0,16,16,17,49,0,0,0,0,17,19,16,49,0,0,0,0,16,16,17,49,0,0,
0,0,0,0,0,0,50,50,50,0,0,0,0,0,17,17,19,49,0,0,0,0,50,50,50,0,0,0,
0,0,0,0,0,0,0,0,0,0,0,0,0,0,18,16,18,49,0,0,0,0,0,0,0,0,0,0,
0,0,0,0,0,0,0,0,0,0,0,0,0,0,17,19,16,49,0,0,0,0,0,0,0,0,0,0,
0,0,0,0,0,0,0,0,0,0,0,0,0,0,19,18,18,49,0,0,0,0,0,0,0,0,0,0,
0,0,0,0,0,0,0,0,0,0,0,0,0,0,18,16,16,0,0,0,0,0,0,0,0,0,0,0,
0,0,0,0,0,0,0,0,0,0,0,0,0,0,16,18,0,0,0,0,0,0,0,0,0,0,0,0,
0,0,0,0,0,0,0,0,0,0,0,0,0,0,16,17,0,0,0,0,0,0,0,0,0,0,0,0,
0,0,0,0,0,0,0,0,0,0,0,0,0,0,17,19,0,0,0,0,0,0,0,0,0,0,0,0,
0,0,0,0,0,0,0,0,0,0,0,0,0,0,17,17,0,0,0,0,0,0,0,0,0,0,0,0,
0,0,0,0,0,0,0,0,0,0,0,0,0,0,18,16,0,0,0,0,0,0,0,0,0,0,0,0,
0,0,0,0,0,0,0,0,0,0,0,0,0,0,17,19,0,0,0,0,0,0,0,0,0,0,0,0,
0,0,0,0,0,0,0,0,0,0,0,0,0,0,19,18,0,0,0,0,0,0,0,0,0,0,0,0,
0,0,0,0,0,0,0,0,0,0,0,0,0,0,19,16,0,0,0,0,0,0,0,0,0,0,0,0,
0,0,0,0,0,0,0,0,0,0,0,0,0,0,0,0,0,0,0,0,0,0,0,0,0,0,0,0,
0,0,0,0,0,0,0,0,0,0,0,0,0,0,16,17,0,0,0,0,0,0,0,0,0,0,0,0,
0,0,0,0,0,0,0,0,0,0,0,17,16,16,16,16,16,18,16,0,0,0,0,0,0,0,0,0,
0,0,0,0,0,0,0,0,0,0,0,16,19,16,18,18,19,17,19,0,0,0,0,0,0,0,0,0,
0,0,0,0,0,0,0,0,0,0,0,16,17,18,16,16,18,19,18,0,0,0,0,0,0,0,0,0,
0,0,0,0,0,0,0,0,0,0,0,17,18,18,18,18,16,19,16,0,0,0,0,0,0,0,0,0,
0,0,0,0,0,0,0,0,0,0,0,17,19,16,17,16,18,16,18,0,0,0,0,0,0,0,0,0,
0,0,0,0,0,0,0,0,0,0,0,25,16,17,16,16,19,16,17,0,0,0,0,0,0,0,0,0,
0,0,0,0,16,16,16,16,16,22,17,29,25,16,17,18,19,16,24,21,17,20,17,16,16,16,0,0,
0,0,0,0,19,16,18,18,19,22,16,18,29,25,18,16,17,24,28,17,16,20,16,19,16,18,0,0,
0,0,0,0,17,18,16,16,17,18,21,25,18,29,21,21,21,28,16,24,21,28,16,17,18,16,0,0,
0,0,0,0,18,18,18,18,18,18,19,29,25,16,19,17,19,16,24,28,17,16,18,18,19,17,0,0,
0,0,0,0,19,16,17,16,19,16,16,17,29,25,17,16,18,24,28,17,18,18,16,16,18,19,0,0,
0,0,0,0,16,17,16,16,16,17,18,18,16,29,21,21,21,28,18,16,19,18,18,18,16,19,0,0,
0,0,0,0,19,19,16,19,24,21,21,21,21,21,25,16,24,21,21,21,21,21,25,16,16,18,0,0,
0,0,0,0,17,19,16,18,20,16,17,19,16,18,22,16,20,16,17,19,16,18,22,18,18,16,0,0,
0,0,0,0,19,17,19,19,20,17,16,16,16,16,22,18,20,17,16,16,16,16,22,19,16,17,0,0,
0,0,0,0,17,16,17,19,20,16,19,16,18,18,22,16,20,16,19,16,18,18,22,18,19,17,0,0,
0,0,0,0,19,16,17,16,20,16,17,18,16,16,22,18,20,16,17,18,16,16,22,16,16,18,0,0,
0,0,0,0,16,17,16,16,20,17,18,18,18,18,22,17,20,17,18,18,18,18,22,18,19,17,0,0,
0,0,0,0,19,19,16,19,20,17,19,16,17,16,22,16,20,17,19,16,17,16,22,16,18,19,0,0,
0,0,0,0,17,19,16,18,20,17,16,17,16,16,22,16,20,17,16,17,16,16,22,18,16,19,0,0,
0,0,0,0,19,17,19,19,27,23,23,23,23,23,26,16,27,23,23,23,23,23,26,16,18,16,0,0,
0,0,0,0,17,16,17,19,18,18,18,18,19,16,19,19,17,19,16,17,18,18,18,16,19,16,0,0,
0,0,0,0,0,0,0,0,0,0,16,17,19,16,18,17,17,17,16,18,0,0,0,0,0,0,0,0,
0,0,0,0,0,0,0,0,0,0,17,16,16,16,16,16,18,16,18,16,0,0,0,0,0,0,0,0,
0,0,0,0,0,0,0,0,0,0,16,19,16,18,18,19,17,19,18,18,0,0,0,0,0,0,0,0,
0,0,0,0,0,0,0,0,0,0,16,17,18,16,16,18,19,18,16,17,0,0,0,0,0,0,0,0,
17,19,19,16,19,16,0,0,0,0,17,18,18,18,18,16,19,16,17,16,0,0,0,0,0,0,0,0,
19,16,19,16,17,19,0,0,0,0,17,19,16,17,16,18,16,18,19,16,0,0,0,0,0,0,0,0,
19,16,18,19,17,17,0,0,0,0,17,16,17,16,16,19,16,17,19,16,0,0,0,0,0,0,0,0,
16,16,16,16,18,16,19,16,0,18,17,19,19,16,19,16,17,19,17,19,0,0,0,0,0,0,0,0,
16,18,18,19,17,19,17,19,0,18,16,17,19,16,18,19,17,17,16,17,0,0,0,0,0,0,0,0,
18,16,16,18,19,18,0,0,0,0,17,19,17,19,19,16,19,16,17,16,0,0,0,0,0,0,0,0,
18,18,18,16,19,16,0,0,0,0,16,17,16,17,19,16,18,19,17,17,0,0,0,0,0,0,0,0,
16,17,16,18,16,18,0,0,0,0,17,16,17,16,16,16,16,16,18,16,0,0,0,0,0,0,0,0,
17,16,16,19,16,17,0,0,0,0,16,19,16,19,16,18,18,19,17,19,0,0,0,0,0,0,0,0,
17,19,19,16,19,16,0,0,0,0,16,17,16,17,18,16,16,18,19,18,0,0,0,0,0,0,0,0,
0,0,0,0,0,0,0,0,0,0,17,18,17,18,18,18,18,16,19,16,0,0,0,0,0,0,0,0,
0,0,0,0,0,0,0,0,0,0,17,19,17,19,16,17,16,18,16,18,0,0,0,0,0,0,0,0,
0,0,0,0,0,0,0,0,0,0,17,16,17,16,17,16,16,19,16,17,0,0,0,0,0,0,0,0,
0,0,0,0,0,0,0,0,0,0,0,0,0,17,16,16,19,0,0,0,0,0,0,0,0,0,0,0

[layer]
type=object
data=
0,0,0,0,0,0,0,0,0,0,77,65,65,65,65,65,65,65,65,65,78,0,0,0,0,0,0,0,
0,0,0,0,0,0,0,0,0,0,68,0,0,0,0,145,0,0,0,0,66,0,0,0,0,0,0,0,
0,0,0,0,0,0,0,0,0,0,68,0,111,0,0,0,0,0,111,0,66,0,0,0,0,0,0,0,
0,0,0,0,0,0,0,0,0,0,68,0,0,0,0,0,0,0,0,0,66,0,0,0,0,0,0,0,
0,0,0,0,0,0,77,65,65,65,73,0,0,0,0,0,0,0,0,0,74,65,65,65,78,0,0,0,
0,0,0,0,0,0,68,0,0,0,0,0,0,0,0,0,0,0,0,0,0,0,0,0,70,0,0,0,
0,0,0,0,0,0,68,0,111,0,0,0,0,0,0,0,0,0,0,0,0,0,111,0,82,0,0,0,
0,0,0,0,0,0,68,0,0,0,0,0,0,110,0,0,0,110,0,0,0,0,0,0,82,0,0,0,
0,0,0,0,0,0,68,0,0,0,0,0,0,0,0,0,0,0,0,0,0,0,0,0,82,0,0,0,
0,0,0,0,0,0,68,0,0,0,0,0,0,0,0,195,0,0,0,0,0,0,0,0,82,0,0,0,
0,0,0,0,0,0,68,0,0,0,0,0,0,0,0,194,0,0,0,0,0,0,0,0,82,0,0,0,
0,0,0,0,0,0,68,0,0,0,0,0,0,0,0,0,0,0,0,0,0,0,0,0,82,0,0,0,
0,0,0,0,0,0,68,0,0,0,0,0,0,110,0,0,0,110,0,0,0,0,0,0,82,0,0,0,
0,0,0,0,0,0,68,0,111,0,0,0,0,0,0,0,0,0,0,0,0,0,111,0,82,0,0,0,
0,0,0,0,0,0,68,0,0,0,0,0,0,0,0,0,0,0,0,0,0,0,0,0,82,0,0,0,
0,0,0,0,0,0,76,67,67,67,72,0,0,0,0,0,0,0,0,0,91,83,83,83,95,0,0,0,
0,0,0,0,0,0,0,0,0,0,68,0,0,0,0,0,0,0,0,0,82,0,0,0,0,0,0,0,
0,0,0,0,0,0,0,0,0,0,68,0,111,0,0,0,0,0,111,0,82,0,0,0,0,0,0,0,
0,0,0,0,0,0,0,0,0,0,68,0,0,0,0,0,0,0,0,0,82,0,0,0,0,0,0,0,
0,0,0,0,0,0,0,0,0,0,76,67,67,67,72,0,91,83,83,83,95,0,0,0,0,0,0,0,
0,0,0,0,0,0,0,0,0,0,0,0,0,0,68,0,82,0,0,0,0,0,0,0,0,0,0,0,
0,0,0,0,0,0,0,0,0,0,0,0,0,0,68,0,82,0,0,0,0,0,0,0,0,0,0,0,
0,0,0,0,0,0,0,0,0,0,0,0,0,0,68,0,82,0,0,0,0,0,0,0,0,0,0,0,
0,0,0,0,0,0,0,0,0,0,0,0,0,0,68,0,82,0,0,0,0,0,0,0,0,0,0,0,
0,0,0,0,0,0,0,0,0,0,0,0,0,0,68,0,82,0,0,0,0,0,0,0,0,0,0,0,
0,0,0,0,0,0,0,0,0,0,0,0,0,0,68,0,82,0,0,0,0,0,0,0,0,0,0,0,
0,0,0,0,0,0,0,0,0,0,0,0,65,107,73,0,90,107,65,0,0,0,0,0,0,0,0,0,
0,0,0,0,0,0,0,0,0,0,0,0,0,129,0,0,0,129,0,0,0,0,0,0,0,0,0,0,
0,0,0,0,0,0,0,0,0,0,0,0,0,0,0,0,0,0,0,0,0,0,0,0,0,0,0,0,
0,0,0,0,0,0,0,0,0,0,0,0,0,0,0,0,0,0,0,0,0,0,0,0,0,0,0,0,
0,0,0,0,0,0,0,0,0,0,0,0,0,0,0,0,0,0,0,0,0,0,0,0,0,0,0,0,
0,0,0,0,0,0,0,0,0,0,0,0,0,0,0,0,0,0,0,0,0,0,0,0,0,0,0,0,
0,0,0,0,0,0,0,0,0,0,0,0,0,0,0,0,0,0,0,0,0,0,0,0,0,0,0,0,
0,0,0,0,0,0,0,0,0,0,0,0,0,0,0,0,0,0,0,0,0,0,0,0,0,0,0,0,
0,0,0,0,0,0,0,0,0,0,0,0,0,0,0,0,0,0,0,0,0,0,0,0,0,0,0,0,
0,0,0,0,0,0,0,0,0,0,0,0,0,0,0,0,0,0,0,0,0,0,0,0,0,0,0,0,
0,0,0,0,0,0,0,0,0,0,0,0,0,0,0,0,0,0,0,0,0,0,0,0,0,0,0,0,
0,0,0,0,0,0,0,0,0,0,0,0,0,0,0,0,0,0,0,0,0,0,0,0,0,0,0,0,
0,0,0,0,0,0,0,0,0,0,0,0,0,0,0,0,0,0,0,0,0,0,0,0,0,0,0,0,
0,0,0,0,0,0,0,0,0,0,0,0,0,0,0,0,0,0,0,0,0,0,0,0,0,0,0,0,
0,0,0,0,0,0,0,0,0,0,0,0,0,0,0,0,0,0,0,0,0,0,0,0,0,0,0,0,
0,0,0,0,0,0,0,0,0,0,0,0,0,0,0,0,0,0,0,0,0,0,0,0,0,0,0,0,
0,0,0,0,0,0,0,0,0,0,0,0,0,0,0,0,0,0,0,0,0,0,0,0,0,0,0,0,
0,0,0,0,0,0,0,0,0,0,0,0,0,0,0,0,0,0,0,0,0,0,0,0,0,0,0,0,
0,0,0,0,0,0,0,0,0,0,0,0,0,0,0,0,0,0,0,0,0,0,0,0,0,0,0,0,
0,0,0,0,0,0,0,0,75,67,72,0,0,0,0,0,0,0,0,0,75,67,72,0,0,0,0,0,
0,0,0,0,0,0,0,0,66,0,102,0,0,0,0,0,0,0,0,0,66,0,102,0,0,0,0,0,
0,0,0,0,0,0,0,0,74,103,73,0,0,0,0,0,0,0,0,0,74,103,73,0,0,0,0,0,
0,0,0,0,0,0,0,0,0,0,0,0,0,0,0,0,0,0,0,0,0,0,0,0,0,0,0,0,
0,0,0,0,0,0,0,0,0,0,0,0,0,0,0,0,0,0,0,0,0,0,0,0,0,0,0,0,
0,0,0,0,0,0,0,0,0,0,0,0,0,0,0,0,0,0,0,0,0,0,0,0,0,0,0,0,
0,0,0,0,0,0,0,0,0,0,0,0,0,0,0,0,0,0,0,0,0,0,0,0,0,0,0,0,
0,0,0,0,0,0,0,0,0,0,0,0,0,0,0,0,0,0,0,0,0,0,0,0,0,0,0,0,
0,0,0,0,0,0,0,0,0,0,0,0,0,0,0,0,0,0,0,0,0,0,0,0,0,0,0,0,
0,0,0,0,0,0,0,0,0,0,0,0,0,0,0,0,0,0,0,0,0,0,0,0,0,0,0,0,
0,0,0,0,0,0,0,0,0,0,0,0,0,0,0,0,0,0,0,0,0,0,0,0,0,0,0,0,
0,0,0,0,0,0,0,0,0,0,0,0,0,0,0,0,0,0,0,0,0,0,0,0,0,0,0,0,
0,0,0,0,0,0,0,0,0,0,0,0,0,192,0,0,0,0,0,0,0,0,0,0,0,0,0,0,
0,0,0,0,0,0,0,0,0,0,0,0,0,0,0,129,0,0,0,0,0,0,0,0,0,0,0,0,
0,0,0,0,0,0,0,0,0,0,0,0,0,0,0,0,0,0,0,0,0,0,0,0,0,0,0,0,
0,0,0,0,0,0,0,0,0,0,0,0,0,192,0,0,0,0,0,0,0,0,0,0,0,0,0,0,
0,0,0,0,0,0,0,0,0,0,0,0,0,0,0,0,0,0,0,0,0,0,0,0,0,0,0,0,
0,0,0,0,0,0,0,0,0,0,0,0,0,0,0,0,0,0,0,0,0,0,0,0,0,0,0,0,
0,0,0,0,0,0,0,0,0,0,0,0,0,0,0,0,0,0,0,0,0,0,0,0,0,0,0,0,
0,0,0,0,0,0,0,0,0,0,0,0,0,0,0,0,0,0,0,0,0,0,0,0,0,0,0,0,
0,0,0,0,0,0,0,0,0,0,0,0,0,0,0,0,0,0,0,0,0,0,0,0,0,0,0,0,
0,0,0,0,0,0,0,0,0,0,0,0,0,0,0,0,0,0,0,0,0,0,0,0,0,0,0,0,
0,0,0,0,0,0,0,0,0,0,0,0,0,0,0,0,0,0,0,0,0,0,0,0,0,0,0,0,
0,0,0,0,0,0,0,0,0,0,0,0,0,0,0,0,0,0,0,0,0,0,0,0,0,0,0,0,
0,0,0,0,0,0,0,0,0,0,0,0,0,0,0,0,0,0,0,0,0,0,0,0,0,0,0,0,
0,0,0,0,0,0,75,67,72,0,0,0,0,0,0,0,0,0,0,0,0,0,75,67,72,0,0,0,
0,0,0,0,0,0,66,0,102,0,0,0,0,0,0,0,0,0,0,0,0,0,66,0,102,0,0,0,
0,0,0,0,0,0,74,103,73,0,0,0,0,0,0,0,0,0,0,0,0,0,74,103,73,0,0,0,
0,0,0,0,0,0,0,0,0,0,0,0,0,0,0,0,0,0,0,0,0,0,0,0,0,0,0,0,
0,0,0,0,0,0,0,0,0,0,0,0,0,0,0,0,0,0,0,0,0,0,0,0,0,0,0,0,
0,0,0,0,0,0,0,0,0,0,0,0,0,0,0,0,0,0,0,0,0,0,0,0,0,0,0,0,
0,0,0,0,0,0,0,0,0,0,0,0,0,0,0,0,0,0,0,0,0,0,0,0,0,0,0,0,
0,0,0,0,0,0,0,0,0,0,0,0,0,0,72,16,91,0,0,0,0,0,0,0,0,0,0,0,
0,0,0,0,0,0,0,0,0,0,0,0,0,0,68,0,82,0,0,0,0,0,0,0,0,0,0,0,
0,0,0,0,0,0,0,0,0,0,0,0,0,0,68,0,82,0,0,0,0,0,0,0,0,0,0,0,
0,0,0,0,0,0,0,0,0,0,0,0,0,0,68,0,82,0,0,0,0,0,0,0,0,0,0,0,
0,0,0,0,0,0,0,0,0,0,0,0,0,0,68,0,82,0,0,0,0,0,0,0,0,0,0,0,
0,0,0,0,0,0,0,0,0,0,0,0,0,0,68,0,82,0,0,0,0,0,0,0,0,0,0,0,
0,0,0,0,0,0,0,0,0,0,0,0,0,0,68,0,82,0,0,0,0,0,0,0,0,0,0,0,
0,0,0,0,0,0,0,0,0,0,0,0,0,0,68,0,82,0,0,0,0,0,0,0,0,0,0,0,
0,0,0,0,0,0,0,0,0,0,0,0,0,0,68,0,82,0,0,0,0,0,0,0,0,0,0,0,
0,0,0,0,0,0,0,0,0,0,0,0,0,0,68,0,82,0,0,0,0,0,0,0,0,0,0,0,
0,0,0,0,0,0,0,0,0,0,0,0,0,0,68,0,82,0,0,0,0,0,0,0,0,0,0,0,
0,0,0,0,0,0,0,0,0,0,0,77,65,65,107,115,107,65,65,78,0,0,0,0,0,0,0,0,
0,0,0,0,0,0,0,0,0,0,0,68,0,0,0,0,0,0,0,70,0,0,0,0,0,0,0,0,
0,0,0,0,0,0,0,0,0,0,0,68,0,110,0,0,0,110,0,82,0,0,0,0,0,0,0,0,
0,0,0,0,0,0,0,0,0,0,0,68,0,0,0,0,0,0,0,82,0,0,0,0,0,0,0,0,
0,0,0,0,0,0,0,0,0,0,0,68,0,0,0,0,0,0,0,82,0,0,0,0,0,0,0,0,
0,0,0,0,0,0,0,0,0,0,0,68,0,0,0,0,0,0,0,82,0,0,0,0,0,0,0,0,
0,0,0,0,77,65,65,65,65,65,65,73,0,0,0,133,0,0,0,90,81,65,65,109,65,65,78,0,
0,0,0,0,68,0,0,111,0,0,110,0,0,0,0,0,0,0,0,0,110,0,0,111,0,0,70,0,
0,0,0,0,68,0,0,0,0,0,0,0,0,0,0,0,0,0,0,0,0,0,0,0,0,0,82,0,
0,0,0,0,98,0,0,0,0,128,0,0,0,0,0,0,0,0,0,0,0,130,0,0,0,0,82,0,
0,0,0,0,68,0,0,0,0,0,0,0,0,0,167,135,167,0,0,0,0,0,0,0,0,0,82,0,
0,0,0,0,68,0,0,111,128,0,0,0,0,0,0,0,0,0,0,0,0,0,130,111,0,0,82,0,
0,0,0,0,68,0,0,0,0,0,0,0,0,0,0,0,0,0,0,0,0,0,0,0,0,0,82,0,
0,0,0,0,106,0,0,0,0,137,137,0,137,137,0,0,0,137,137,0,137,137,0,0,0,0,82,0,
0,0,0,0,68,0,0,0,0,0,0,0,0,0,0,0,0,0,0,0,0,0,0,0,0,0,82,0,
0,0,0,0,68,0,0,111,0,137,137,0,137,137,0,0,0,137,137,0,137,137,0,111,0,0,82,0,
0,0,0,0,68,0,0,0,0,0,0,0,0,0,0,0,0,0,0,0,0,0,0,0,0,0,82,0,
0,0,0,0,106,0,0,0,0,137,137,0,137,137,0,0,0,137,137,0,137,137,0,0,0,0,82,0,
0,0,0,0,104,0,0,0,0,0,0,0,0,0,0,0,0,0,0,0,0,0,0,0,0,0,82,0,
0,0,0,0,68,0,0,111,0,137,137,0,137,137,0,0,0,137,137,0,137,137,0,111,0,0,82,0,
0,0,0,0,68,0,0,0,0,0,0,0,0,0,0,0,0,0,0,0,0,0,0,0,0,0,82,0,
0,0,0,0,68,0,0,0,0,0,0,0,0,0,0,0,0,0,0,0,0,0,0,0,0,0,82,0,
0,0,0,0,76,71,83,83,83,83,88,0,0,0,0,0,0,0,0,0,91,83,83,83,83,83,95,0,
0,0,0,0,0,0,0,0,0,0,80,0,0,0,0,0,0,0,0,0,82,0,0,0,0,0,0,0,
0,0,0,0,0,0,0,0,0,0,68,0,0,111,0,0,0,111,0,0,82,0,0,0,0,0,0,0,
0,0,0,0,0,0,0,0,0,0,108,0,0,0,0,0,0,0,0,0,82,0,0,0,0,0,0,0,
77,101,101,103,101,101,78,0,0,0,104,0,0,0,0,0,0,0,0,0,82,0,0,0,0,0,0,0,
100,0,0,0,0,0,70,0,0,0,68,0,0,111,0,0,0,111,0,0,82,0,0,0,0,0,0,0,
100,0,0,0,0,0,82,0,0,0,68,0,0,0,0,0,0,0,0,0,82,0,0,0,0,0,0,0,
98,0,148,0,0,0,90,81,65,65,106,0,0,0,0,0,0,0,0,0,82,0,0,0,0,0,0,0,
100,0,0,0,0,0,0,0,0,0,114,0,0,111,0,0,0,111,0,166,82,0,0,0,0,0,0,0,
102,0,0,0,0,0,91,83,83,83,106,0,0,0,0,0,0,0,0,0,82,0,0,0,0,0,0,0,
100,0,0,0,0,0,82,0,0,0,68,0,0,0,0,0,0,0,0,0,82,0,0,0,0,0,0,0,
98,0,148,0,0,0,82,0,0,0,68,0,0,111,0,0,0,111,0,0,82,0,0,0,0,0,0,0,
100,0,0,0,0,0,82,0,0,0,68,0,0,0,0,0,0,0,0,0,82,0,0,0,0,0,0,0,
100,0,0,0,0,0,82,0,0,0,68,0,0,0,0,0,0,0,0,0,82,0,0,0,0,0,0,0,
76,71,83,83,83,83,95,0,0,0,68,0,0,111,0,0,0,111,0,0,82,0,0,0,0,0,0,0,
0,0,0,0,0,0,0,0,0,0,104,0,0,0,0,0,0,0,0,0,82,0,0,0,0,0,0,0,
0,0,0,0,0,0,0,0,0,0,68,0,0,0,0,0,0,0,0,0,82,0,0,0,0,0,0,0,
0,0,0,0,0,0,0,0,0,0,76,71,83,88,244,245,91,83,83,83,95,0,0,0,0,0,0,0

[layer]
type=collision
data=
3,3,3,3,3,3,3,3,3,3,1,1,1,1,1,1,1,1,1,1,1,3,3,3,3,3,3,3,
3,3,3,3,3,3,3,3,3,3,1,0,0,0,0,2,0,0,0,0,1,3,3,3,3,3,3,3,
3,3,3,3,3,3,3,3,3,3,1,0,1,0,0,0,0,0,1,0,1,3,3,3,3,3,3,3,
3,3,3,3,3,3,3,3,3,3,1,0,0,0,0,0,0,0,0,0,1,3,3,3,3,3,3,3,
3,3,3,3,3,3,1,1,1,1,1,0,0,0,0,0,0,0,0,0,1,1,1,1,1,3,3,3,
3,3,3,3,3,3,1,0,0,0,0,0,0,0,0,0,0,0,0,0,0,0,0,0,1,3,3,3,
3,3,3,3,3,3,1,0,1,0,0,0,0,0,0,0,0,0,0,0,0,0,1,0,1,3,3,3,
3,3,3,3,3,3,1,0,0,0,0,0,0,1,0,0,0,1,0,0,0,0,0,0,1,3,3,3,
3,3,3,3,3,3,1,0,0,0,0,0,0,0,0,0,0,0,0,0,0,0,0,0,1,3,3,3,
3,3,3,3,3,3,1,0,0,0,0,0,0,0,0,2,0,0,0,0,0,0,0,0,1,3,3,3,
3,3,3,3,3,3,1,0,0,0,0,0,0,0,0,2,0,0,0,0,0,0,0,0,1,3,3,3,
3,3,3,3,3,3,1,0,0,0,0,0,0,0,0,0,0,0,0,0,0,0,0,0,1,3,3,3,
3,3,3,3,3,3,1,0,0,0,0,0,0,1,0,0,0,1,0,0,0,0,0,0,1,3,3,3,
3,3,3,3,3,3,1,0,1,0,0,0,0,0,0,0,0,0,0,0,0,0,1,0,1,3,3,3,
3,3,3,3,3,3,1,0,0,0,0,0,0,0,0,0,0,0,0,0,0,0,0,0,1,3,3,3,
3,3,3,3,3,3,1,1,1,1,1,0,0,0,0,0,0,0,0,0,1,1,1,1,1,3,3,3,
3,3,3,3,3,3,3,3,3,3,1,0,0,0,0,0,0,0,0,0,1,3,3,3,3,3,3,3,
3,3,3,3,3,3,3,3,3,3,1,0,1,0,0,0,0,0,1,0,1,3,3,3,3,3,3,3,
3,3,3,3,3,3,3,3,3,3,1,0,0,0,0,0,0,0,0,0,1,3,3,3,3,3,3,3,
3,3,3,3,3,3,3,3,3,3,1,1,1,1,1,0,1,1,1,1,1,3,3,3,3,3,3,3,
3,3,3,3,3,3,3,3,3,3,3,3,3,3,1,0,1,3,3,3,3,3,3,3,3,3,3,3,
3,3,3,3,3,3,3,3,3,3,3,3,3,3,1,0,1,3,3,3,3,3,3,3,3,3,3,3,
3,3,3,3,3,3,3,3,3,3,3,3,3,3,1,0,1,3,3,3,3,3,3,3,3,3,3,3,
3,3,3,3,3,3,3,3,3,3,3,3,3,3,1,0,1,3,3,3,3,3,3,3,3,3,3,3,
3,3,3,3,3,3,3,3,3,3,3,3,3,3,1,0,1,3,3,3,3,3,3,3,3,3,3,3,
3,3,3,3,3,3,3,3,3,3,3,3,3,3,1,0,1,3,3,3,3,3,3,3,3,3,3,3,
3,3,3,3,3,3,3,3,3,3,3,3,1,1,1,0,1,1,1,3,3,3,3,3,3,3,3,3,
3,3,3,3,4,4,4,4,4,4,4,2,0,1,0,0,0,1,0,2,4,4,4,4,4,4,4,3,
3,3,3,3,4,4,4,4,4,4,4,2,0,0,0,0,0,0,0,2,4,4,4,4,4,4,4,3,
3,3,3,3,4,4,4,4,4,4,4,2,2,2,0,0,0,2,2,2,4,4,4,4,4,4,4,3,
3,3,3,3,4,4,4,4,4,4,4,4,4,2,0,0,0,2,4,4,4,4,4,4,4,4,4,3,
3,3,3,3,4,4,4,4,4,4,4,4,4,2,0,0,0,2,4,4,4,4,4,4,4,4,4,3,
3,3,3,3,4,4,4,4,4,4,4,4,4,2,0,0,0,2,4,4,4,4,4,4,4,4,4,3,
3,3,3,3,4,4,4,4,4,4,4,4,4,2,0,0,0,2,4,4,4,4,4,4,4,4,4,3,
3,3,3,3,4,4,4,4,4,4,4,4,4,2,0,0,0,2,4,4,4,4,4,4,4,4,4,3,
3,3,3,3,4,4,4,4,4,4,4,4,4,2,0,0,0,2,4,4,4,4,4,4,4,4,4,3,
3,3,3,3,4,4,4,4,4,4,4,4,4,2,0,0,0,2,4,4,4,4,4,4,4,4,4,3,
3,3,3,3,4,4,4,4,4,4,4,4,4,2,0,0,0,2,4,4,4,4,4,4,4,4,4,3,
3,3,3,3,4,4,4,4,4,4,4,4,4,2,0,0,0,2,4,4,4,4,4,4,4,4,4,3,
3,3,3,3,4,4,4,4,4,4,4,4,4,2,0,0,0,2,4,4,4,4,4,4,4,4,4,3,
3,3,3,3,4,4,4,4,4,4,4,4,4,2,0,0,0,2,4,4,4,4,4,4,4,4,4,3,
3,3,3,3,4,4,4,4,4,4,4,4,4,2,0,0,0,2,4,4,4,4,4,4,4,4,4,3,
3,3,3,3,4,4,4,4,4,4,4,4,4,2,0,0,0,2,4,4,4,4,4,4,4,4,4,3,
3,3,3,3,4,4,4,4,4,4,4,4,4,2,0,0,0,2,4,4,4,4,4,4,4,4,4,3,
3,3,3,3,4,4,4,4,4,4,4,4,4,2,0,0,0,2,4,4,4,4,4,4,4,4,4,3,
3,3,3,3,4,4,4,4,1,1,1,4,4,2,0,0,0,2,4,4,1,1,1,4,4,4,4,3,
3,3,3,3,4,4,4,4,1,1,1,4,4,2,0,0,0,2,4,4,1,1,1,4,4,4,4,3,
3,3,3,3,4,4,4,4,1,1,1,4,4,2,0,0,0,2,4,4,1,1,1,4,4,4,4,3,
3,3,3,3,4,4,4,4,4,4,4,4,4,2,0,0,0,2,4,4,4,4,4,4,4,4,4,3,
3,3,3,3,4,4,4,4,4,4,4,4,4,2,0,0,0,2,4,4,4,4,4,4,4,4,4,3,
3,3,3,3,4,2,2,2,2,2,2,2,2,2,0,0,0,2,2,2,2,2,2,2,2,2,4,3,
3,3,3,3,4,2,0,0,0,0,0,0,0,0,0,0,0,0,0,0,0,0,0,0,0,2,4,3,
3,3,3,3,4,2,0,0,0,0,0,0,0,0,0,0,0,0,0,0,0,0,0,0,0,2,4,3,
3,3,3,3,4,2,0,0,0,0,0,0,0,0,0,0,0,0,0,0,0,0,0,0,0,2,4,3,
3,3,3,3,4,2,0,0,0,2,2,2,2,2,2,2,2,2,2,2,2,2,0,0,0,2,4,3,
3,3,3,3,4,2,0,0,0,2,2,2,2,2,2,2,2,2,2,2,2,2,0,0,0,2,4,3,
3,3,3,3,4,2,0,0,0,2,2,2,2,2,2,2,2,2,2,2,2,2,0,0,0,2,4,3,
3,3,3,3,4,2,0,0,0,2,2,2,2,2,2,2,2,2,2,2,2,2,0,0,0,2,4,3,
3,3,3,3,4,2,0,0,0,2,2,2,2,2,2,2,2,2,2,2,2,2,0,0,0,2,4,3,
3,3,3,3,4,2,0,0,0,2,2,2,2,2,2,2,2,2,2,2,2,2,0,0,0,2,4,3,
3,3,3,3,4,2,0,0,0,2,2,2,2,2,2,2,2,2,2,2,2,2,0,0,0,2,4,3,
3,3,3,3,4,2,0,0,0,2,2,2,2,2,2,2,2,2,2,2,2,2,0,0,0,2,4,3,
3,3,3,3,4,2,0,0,0,0,0,0,0,0,0,0,0,0,0,0,0,0,0,0,0,2,4,3,
3,3,3,3,4,2,0,0,0,0,0,0,0,0,0,0,0,0,0,0,0,0,0,0,0,2,4,3,
3,3,3,3,4,2,0,0,0,0,0,0,0,0,0,0,0,0,0,0,0,0,0,0,0,2,4,3,
3,3,3,3,4,2,2,2,2,2,2,2,2,2,0,0,0,2,2,2,2,2,2,2,2,2,4,3,
3,3,3,3,4,4,4,4,4,4,4,4,4,2,0,0,0,2,4,4,4,4,4,4,4,4,4,3,
3,3,3,3,4,4,4,4,4,4,4,4,4,2,0,0,0,2,4,4,4,4,4,4,4,4,4,3,
3,3,3,3,4,4,4,4,4,4,4,4,4,2,0,0,0,2,4,4,4,4,4,4,4,4,4,3,
3,3,3,3,4,4,4,4,4,4,4,4,4,2,0,0,0,2,4,4,4,4,4,4,4,4,4,3,
3,3,3,3,4,4,1,1,1,4,4,4,4,2,0,0,0,2,4,4,4,4,1,1,1,4,4,3,
3,3,3,3,4,4,1,1,1,4,4,4,4,2,0,0,0,2,4,4,4,4,1,1,1,4,4,3,
3,3,3,3,4,4,1,1,1,4,4,4,4,2,0,0,0,2,4,4,4,4,1,1,1,4,4,3,
3,3,3,3,4,4,4,4,4,4,4,4,4,2,0,0,0,2,4,4,4,4,4,4,4,4,4,3,
3,3,3,3,4,4,4,4,4,4,4,4,4,2,0,0,0,2,4,4,4,4,4,4,4,4,4,3,
3,3,3,3,4,4,4,4,4,4,4,4,4,2,0,0,0,2,4,4,4,4,4,4,4,4,4,3,
3,3,3,3,4,4,4,4,4,4,4,4,4,2,0,0,0,2,4,4,4,4,4,4,4,4,4,3,
3,3,3,3,3,3,3,3,3,3,3,3,3,3,1,0,1,3,3,3,3,3,3,3,3,3,3,3,
3,3,3,3,3,3,3,3,3,3,3,3,3,3,1,0,1,3,3,3,3,3,3,3,3,3,3,3,
3,3,3,3,3,3,3,3,3,3,3,3,3,3,1,0,1,3,3,3,3,3,3,3,3,3,3,3,
3,3,3,3,3,3,3,3,3,3,3,3,3,3,1,0,1,3,3,3,3,3,3,3,3,3,3,3,
3,3,3,3,3,3,3,3,3,3,3,3,3,3,1,0,1,3,3,3,3,3,3,3,3,3,3,3,
3,3,3,3,3,3,3,3,3,3,3,3,3,3,1,0,1,3,3,3,3,3,3,3,3,3,3,3,
3,3,3,3,3,3,3,3,3,3,3,3,3,3,1,0,1,3,3,3,3,3,3,3,3,3,3,3,
3,3,3,3,3,3,3,3,3,3,3,3,3,3,1,0,1,3,3,3,3,3,3,3,3,3,3,3,
3,3,3,3,3,3,3,3,3,3,3,3,3,3,1,0,1,3,3,3,3,3,3,3,3,3,3,3,
3,3,3,3,3,3,3,3,3,3,3,3,3,3,1,0,1,3,3,3,3,3,3,3,3,3,3,3,
3,3,3,3,3,3,3,3,3,3,3,3,3,3,1,0,1,3,3,3,3,3,3,3,3,3,3,3,
3,3,3,3,3,3,3,3,3,3,3,1,1,1,1,2,1,1,1,1,3,3,3,3,3,3,3,3,
3,3,3,3,3,3,3,3,3,3,3,1,0,0,0,0,0,0,0,1,3,3,3,3,3,3,3,3,
3,3,3,3,3,3,3,3,3,3,3,1,0,1,0,0,0,1,0,1,3,3,3,3,3,3,3,3,
3,3,3,3,3,3,3,3,3,3,3,1,0,0,0,0,0,0,0,1,3,3,3,3,3,3,3,3,
3,3,3,3,3,3,3,3,3,3,3,1,0,0,0,0,0,0,0,1,3,3,3,3,3,3,3,3,
3,3,3,3,3,3,3,3,3,3,3,1,0,0,0,0,0,0,0,1,3,3,3,3,3,3,3,3,
3,3,3,3,1,1,1,1,1,1,1,1,0,0,0,1,0,0,0,1,1,1,1,1,1,1,1,3,
3,3,3,3,1,0,0,1,0,0,1,0,0,0,0,0,0,0,0,0,1,0,0,1,0,0,1,3,
3,3,3,3,1,0,0,0,0,0,0,0,0,0,0,0,0,0,0,0,0,0,0,0,0,0,1,3,
3,3,3,3,1,0,0,0,0,1,0,0,0,0,0,0,0,0,0,0,0,1,0,0,0,0,1,3,
3,3,3,3,1,0,0,0,0,0,0,0,0,0,2,2,2,0,0,0,0,0,0,0,0,0,1,3,
3,3,3,3,1,0,0,1,1,0,0,0,0,0,0,0,0,0,0,0,0,0,1,1,0,0,1,3,
3,3,3,3,1,0,0,0,0,0,0,0,0,0,0,0,0,0,0,0,0,0,0,0,0,0,1,3,
3,3,3,3,1,0,0,0,0,2,2,0,2,2,0,0,0,2,2,0,2,2,0,0,0,0,1,3,
3,3,3,3,1,0,0,0,0,0,0,0,0,0,0,0,0,0,0,0,0,0,0,0,0,0,1,3,
3,3,3,3,1,0,0,1,0,2,2,0,2,2,0,0,0,2,2,0,2,2,0,1,0,0,1,3,
3,3,3,3,1,0,0,0,0,0,0,0,0,0,0,0,0,0,0,0,0,0,0,0,0,0,1,3,
3,3,3,3,1,0,0,0,0,2,2,0,2,2,0,0,0,2,2,0,2,2,0,0,0,0,1,3,
3,3,3,3,1,0,0,0,0,0,0,0,0,0,0,0,0,0,0,0,0,0,0,0,0,0,1,3,
3,3,3,3,1,0,0,1,0,2,2,0,2,2,0,0,0,2,2,0,2,2,0,1,0,0,1,3,
3,3,3,3,1,0,0,0,0,0,0,0,0,0,0,0,0,0,0,0,0,0,0,0,0,0,1,3,
3,3,3,3,1,0,0,0,0,0,0,0,0,0,0,0,0,0,0,0,0,0,0,0,0,0,1,3,
3,3,3,3,1,1,1,1,1,1,1,0,0,0,0,0,0,0,0,0,1,1,1,1,1,1,1,3,
3,3,3,3,3,3,3,3,3,3,1,0,0,0,0,0,0,0,0,0,1,3,3,3,3,3,3,3,
3,3,3,3,3,3,3,3,3,3,1,0,0,1,0,0,0,1,0,0,1,3,3,3,3,3,3,3,
3,3,3,3,3,3,3,3,3,3,1,0,0,0,0,0,0,0,0,0,1,3,3,3,3,3,3,3,
1,1,1,1,1,1,1,3,3,3,1,0,0,0,0,0,0,0,0,0,1,3,3,3,3,3,3,3,
1,0,0,0,0,0,1,3,3,3,1,0,0,1,0,0,0,1,0,0,1,3,3,3,3,3,3,3,
1,0,0,0,0,0,1,3,3,3,1,0,0,0,0,0,0,0,0,0,1,3,3,3,3,3,3,3,
1,0,2,0,0,0,1,1,1,1,1,0,0,0,0,0,0,0,0,0,1,3,3,3,3,3,3,3,
1,0,0,0,0,0,0,0,0,0,2,0,0,1,0,0,0,1,0,2,1,3,3,3,3,3,3,3,
1,0,0,0,0,0,1,1,1,1,1,0,0,0,0,0,0,0,0,0,1,3,3,3,3,3,3,3,
1,0,0,0,0,0,1,3,3,3,1,0,0,0,0,0,0,0,0,0,1,3,3,3,3,3,3,3,
1,0,2,0,0,0,1,3,3,3,1,0,0,1,0,0,0,1,0,0,1,3,3,3,3,3,3,3,
1,0,0,0,0,0,1,3,3,3,1,0,0,0,0,0,0,0,0,0,1,3,3,3,3,3,3,3,
1,0,0,0,0,0,1,3,3,3,1,0,0,0,0,0,0,0,0,0,1,3,3,3,3,3,3,3,
1,1,1,1,1,1,1,3,3,3,1,0,0,1,0,0,0,1,0,0,1,3,3,3,3,3,3,3,
3,3,3,3,3,3,3,3,3,3,1,0,0,0,0,0,0,0,0,0,1,3,3,3,3,3,3,3,
3,3,3,3,3,3,3,3,3,3,1,0,0,0,0,0,0,0,0,0,1,3,3,3,3,3,3,3,
3,3,3,3,3,3,3,3,3,3,1,1,1,1,0,0,1,1,1,1,1,3,3,3,3,3,3,3

[event]
type=teleport
location=14,127,2,1
intermap=averguard_atrium.txt,8,2

[event]
# switch to open the temple library room
type=run_once
location=19,118,1,1
hotspot=location
mapmod=object,19,118,150;object,10,118,112;collision,10,118,0
soundfx=soundfx/door_open.ogg
tooltip=Switch

[event]
# fire statue trap
type=run_always
location=6,51,19,14
cooldown=30
power=31
power_damage=2,3
power_path=15,58,hero

[event]
# if the player doesn't have the talisman and key, the door is sealed
type=run_once
location=15,88,1,1
hotspot=location
msg=You insert the Averguard Key. Runes glow around the door, then fade. The door is still sealed.
requires_item=9001
requires_not=ak_maddox_search
requires_status=ak_temple_search
set_status=ak_temple_sealed
tooltip=Sealed Temple Door

[event]
# the first time you use the talisman
type=run_once
location=13,89,1,1
hotspot=location
msg=You read aloud the runes on Langlier's Talisman. The Avergard Key begins to glow!
requires_not=ak_talisman_used
requires_status=ak_maddox_search
set_status=ak_talisman_used
shakycam=60
soundfx=soundfx/powers/quake.ogg
tooltip=Activate Talisman

[event]
type=run_once
location=17,91,1,1
hotspot=location
mapmod=object,15,88,113;collision,15,88,0
requires_status=ak_talisman_used
soundfx=soundfx/door_open.ogg
tooltip=Temple Door

[event]
type=run_once
location=2,117,1,1
hotspot=location
mapmod=object,2,117,164
msg="Some said Sir Maddox cared too much for the peasants.  He would not quarantine, saying the villagers did not deserve to die locked away."
soundfx=soundfx/inventory/inventory_page.ogg
tooltip=Book Stand

[event]
type=run_once
location=2,121,1,1
hotspot=location
mapmod=object,2,121,164
msg="Maddox died of the plague in 638.  After attempts to magically revive him failed he was sealed deep behind the temple."
soundfx=soundfx/inventory/inventory_page.ogg
tooltip=Book Stand

[event]
# chest in the boss room
type=run_once
location=15,1,1,1
hotspot=location
msg=This chest is locked.
requires_not=ak_maddox_defeated
tooltip=Treasure Chest

[event]
type=run_once
location=15,1,1,1
hotspot=location
loot=random,14,2,6;random,15,2,7;random,16,2,5
mapmod=object,15,1,161
requires_status=ak_maddox_defeated
soundfx=soundfx/wood_open.ogg
tooltip=Treasure Chest

[event]
type=run_once
location=14,62,3,1
msg=A plaque under the statue reads "Sir Evan Maddox, may he return to rescue us all"

[event]
# when entering Maddox's Burial Chamber
type=run_once
location=15,19,2,2
msg=A ghastly voice reverberates from the next chamber.  "What fool disturbs my tomb?!"

[event]
type=run_once
location=15,9,1,2
hotspot=location
loot=random,16,9,5
msg=You wipe dust away from the tomb lid, revealing an inscription: "Here lies Sir Evan Maddox"
tooltip=Maddox's Tomb

[event]
# brazier sound effect
type=run_always
location=11,95,9,7
cooldown=120
soundfx=soundfx/environment/open_fire.ogg

[enemy]
type=zombie_rotting
location=12,115,1,1

[enemy]
type=zombie
location=16,118,1,1

[enemy]
type=zombie_rotting
location=13,109,1,1

[enemy]
type=zombie_rotting
location=10,106,1,1
direction=3

[enemy]
type=zombie_rotting
location=9,104,1,1
direction=3

[enemy]
type=zombie_rotting
location=10,104,1,1
direction=3

[enemy]
type=zombie
location=9,102,1,1
direction=3

[enemy]
type=zombie_rotting
location=10,100,1,1
direction=3

[enemy]
type=zombie_rotting
location=12,106,1,1
direction=3

[enemy]
type=zombie_rotting
location=13,102,1,1
direction=3

[enemy]
type=zombie_brute
location=12,100,1,1
direction=3

[enemy]
type=zombie_rotting
location=13,100,1,1
direction=3

[enemy]
type=zombie_rotting
location=17,106,1,1
direction=3

[enemy]
type=zombie
location=17,104,1,1
direction=3

[enemy]
type=zombie_rotting
location=18,100,1,1
direction=3

[enemy]
type=zombie_rotting
location=20,102,1,1
direction=3

[enemy]
type=zombie_rotting
location=21,102,1,1
direction=3

[enemy]
type=zombie_iceclaw
location=21,104,1,1
direction=3

[enemy]
type=skeletal_mage
location=15,99,1,1
direction=3

[enemy]
type=skeletal_warrior
location=15,95,1,1
direction=7

[enemy]
type=skeletal_sniper
location=14,27,1,1
direction=7

[enemy]
type=skeletal_sniper
location=16,27,1,1
direction=7

[enemy]
type=sir_evan_maddox
location=16,8,1,1
direction=7

[enemygroup]
type=undead
location=6,49,19,18
level=3,6
number=3,5

[enemygroup]
type=undead
location=6,49,19,18
level=3,6
number=3,5

[enemygroup]
type=undead
location=1,115,5,9
level=4,6
number=1,3

