[header]
width=70
height=100
tilewidth=64
tileheight=32
music=dungeon_theme.ogg
tileset=tileset_dungeon.txt
title=Averguard Academy

[tilesets]
tileset=../../../tiled/dungeon/tiled_collision.png,64,32,0,0
tileset=../../../tiled/dungeon/tiled_dungeon.png,64,128,0,0
tileset=../../../tiled/dungeon/set_rules.png,64,32,0,0
tileset=../../../tiled/dungeon/tiled_dungeon_2x2.png,128,64,0,16
tileset=../../../tiled/dungeon/door_left.png,64,128,-16,-8
tileset=../../../tiled/dungeon/door_right.png,64,128,16,-8
tileset=../../../tiled/dungeon/stairs.png,256,256,0,48

[layer]
type=background
data=
0,0,0,0,0,0,0,0,0,0,0,0,0,0,0,0,0,0,0,0,0,0,0,0,0,0,0,0,0,0,0,0,0,0,0,0,0,0,0,0,0,0,0,0,0,0,0,0,0,0,0,0,0,0,0,0,0,0,0,0,0,0,0,0,0,0,0,0,0,0,
0,0,0,0,0,0,0,0,0,0,0,0,0,0,0,0,0,0,0,0,0,0,0,0,0,0,0,0,0,0,0,0,0,0,0,0,0,0,0,0,0,0,0,0,0,0,0,0,0,0,0,0,0,0,0,0,0,0,0,0,0,0,0,0,0,0,0,0,0,0,
0,0,0,0,0,0,0,0,0,0,0,0,0,0,0,0,0,0,0,0,0,0,0,0,0,0,0,0,0,0,0,0,0,0,0,0,0,0,0,0,0,0,0,0,0,0,0,0,0,0,0,0,0,0,0,0,0,0,0,0,19,17,18,17,16,0,0,0,0,0,
0,0,0,0,0,0,0,0,0,0,0,0,0,0,0,0,0,0,0,0,0,0,0,0,0,0,0,0,0,0,0,0,0,0,0,0,0,0,0,0,0,0,0,0,0,0,0,0,0,0,0,0,0,0,0,0,0,0,0,0,18,18,19,16,17,0,0,0,0,0,
0,0,0,0,0,0,0,0,0,0,0,0,0,0,0,0,0,0,0,0,0,0,0,0,0,0,0,0,0,0,0,0,0,0,0,0,0,0,0,0,0,0,0,0,0,0,0,0,0,0,0,0,0,0,0,0,0,0,0,0,19,17,18,18,16,0,0,0,0,0,
0,0,0,0,0,0,0,0,0,0,0,0,0,0,0,0,0,0,0,0,0,0,0,0,0,0,0,0,0,0,0,0,0,0,0,0,0,0,0,0,0,0,0,0,0,0,0,0,0,0,0,0,0,0,0,0,0,0,0,0,17,16,17,16,19,0,0,0,0,0,
0,0,0,0,0,0,0,0,0,0,0,0,0,0,0,0,0,0,0,0,0,0,0,0,0,0,0,0,0,0,0,0,0,0,0,0,0,0,0,0,0,0,0,0,0,0,0,0,0,0,0,0,0,0,0,0,0,0,0,0,17,18,18,19,16,0,0,0,0,0,
0,0,0,0,0,0,0,0,0,0,0,0,0,0,0,0,0,0,0,0,0,0,0,0,0,0,0,0,0,0,0,0,0,0,0,0,0,0,0,0,0,0,0,0,0,0,0,0,0,0,0,0,0,0,0,0,0,0,0,0,16,19,19,17,17,0,0,0,0,0,
0,0,0,0,0,0,0,0,0,0,0,0,0,0,0,0,0,0,0,0,0,0,0,0,0,0,0,0,0,0,0,0,0,0,0,0,0,0,0,0,0,0,0,0,0,0,0,0,0,0,0,0,0,0,0,0,0,0,0,0,19,19,16,17,18,0,0,0,0,0,
0,0,0,0,0,0,0,0,0,0,0,0,0,0,0,0,0,0,0,0,0,0,0,0,0,0,0,0,0,0,0,0,0,0,0,0,0,0,0,0,0,0,0,0,0,0,0,0,0,0,0,0,0,0,0,0,0,0,0,0,17,16,17,16,19,0,0,0,0,0,
0,0,0,0,0,0,0,0,0,0,0,0,0,0,0,0,0,0,0,0,0,0,0,0,0,0,0,0,0,0,0,0,0,0,0,0,0,0,0,0,0,0,0,0,0,0,0,0,0,0,0,0,0,0,0,0,0,0,0,0,17,18,18,19,16,0,0,0,0,0,
0,0,0,0,0,0,0,0,0,0,0,0,0,0,0,0,0,0,0,0,0,0,0,0,0,0,0,0,0,0,0,0,0,0,0,0,0,0,0,0,0,0,0,0,0,0,0,0,0,0,0,0,0,0,0,0,0,0,0,0,16,19,19,17,17,0,0,0,0,0,
0,0,0,0,0,0,0,0,0,0,0,0,0,0,0,0,0,0,0,0,0,0,0,0,0,0,0,0,0,0,0,0,0,0,0,0,0,0,0,0,0,0,0,0,0,0,0,0,0,0,0,0,0,0,0,0,0,0,0,17,19,17,18,17,16,18,0,0,0,0,
0,0,0,0,0,0,0,0,0,0,0,0,0,0,0,0,0,0,0,0,0,0,0,0,0,0,0,0,0,0,0,0,0,0,0,0,0,0,0,0,0,0,0,0,0,0,0,0,0,0,0,0,0,0,0,0,0,0,0,17,18,18,19,16,17,17,0,0,0,0,
0,0,0,0,0,0,0,0,0,0,0,0,0,0,0,0,0,0,0,0,0,0,0,0,0,0,0,0,0,0,0,0,0,0,0,0,0,0,0,0,0,0,0,0,0,0,0,0,0,0,0,0,0,0,0,0,0,0,0,17,19,17,18,18,16,18,0,0,0,0,
0,0,0,0,0,0,0,0,0,0,0,0,0,0,0,0,0,0,0,0,0,0,0,0,0,0,0,0,0,0,0,0,0,0,0,0,0,0,0,0,0,0,0,0,0,0,0,0,0,0,0,0,0,0,0,0,0,0,0,16,17,16,17,16,19,19,0,0,0,0,
0,0,0,0,0,0,0,0,0,0,0,0,0,0,0,0,0,0,0,0,0,0,0,0,0,0,0,0,0,0,0,0,0,0,0,0,0,0,0,0,0,0,0,0,0,0,0,0,0,0,0,0,0,0,0,0,0,0,0,16,17,18,18,19,16,16,0,0,0,0,
0,0,0,0,0,0,0,0,0,0,0,0,0,0,0,0,0,0,0,0,0,0,0,0,0,0,0,0,0,0,0,0,0,0,0,0,0,0,0,0,0,0,0,0,0,0,0,0,0,0,0,0,0,0,0,0,0,0,0,0,16,19,19,17,17,0,0,0,0,0,
0,0,0,0,0,0,0,0,0,0,0,0,0,0,0,0,0,0,0,0,0,0,0,0,0,0,0,0,0,0,0,0,0,0,0,0,0,0,0,0,0,0,0,0,0,0,0,0,0,0,0,0,0,0,0,0,0,0,0,0,19,19,16,17,18,0,0,0,0,0,
0,0,0,0,0,0,0,0,0,0,0,0,0,0,0,0,0,0,0,0,0,0,0,0,0,0,0,0,0,0,0,0,0,0,0,0,0,0,0,0,0,0,0,0,0,0,0,0,0,0,0,0,0,0,0,0,0,0,0,0,17,16,17,16,19,0,0,0,0,0,
0,0,0,0,0,0,0,0,0,0,0,0,0,19,18,16,18,19,19,18,19,18,18,16,19,17,16,17,18,19,18,18,17,19,18,19,18,18,19,0,0,0,0,0,0,0,0,0,0,0,0,0,0,0,0,0,0,0,0,0,17,18,18,19,16,0,0,0,0,0,
0,0,0,0,0,0,0,0,0,0,0,0,0,17,18,17,0,18,17,18,0,19,17,18,18,17,18,18,18,19,19,16,17,19,18,19,19,16,16,0,0,0,0,0,0,0,0,0,0,0,0,0,0,0,0,0,0,0,0,0,16,19,19,17,17,0,0,0,0,0,
0,0,0,0,0,0,0,0,0,0,0,0,0,18,19,16,0,0,17,19,0,0,18,16,17,16,19,19,16,18,18,17,18,19,16,18,18,17,18,0,0,0,0,0,0,0,0,0,0,0,0,0,0,0,0,0,0,0,0,0,19,19,16,17,18,0,0,0,0,0,
0,0,0,0,0,0,0,0,0,0,0,0,0,17,18,18,0,0,0,17,0,0,0,17,17,19,19,16,18,19,19,18,19,18,18,19,19,18,18,0,0,0,0,0,0,0,0,0,0,0,0,0,0,0,0,0,0,0,0,0,16,17,17,17,16,0,0,0,0,0,
0,0,0,0,0,0,0,0,0,0,0,0,0,16,17,16,0,0,0,16,0,0,0,18,18,16,17,17,18,17,19,16,16,17,18,17,19,16,19,0,0,0,0,0,0,0,0,0,16,18,18,19,18,0,0,0,0,0,0,0,18,16,17,16,16,0,0,0,0,0,
0,0,0,0,0,0,0,0,0,0,0,0,0,18,18,19,0,0,0,18,0,0,0,18,0,0,0,0,0,0,0,19,18,19,17,16,16,19,16,19,17,16,17,18,19,18,18,17,19,18,19,18,18,17,19,18,16,16,17,18,18,19,18,16,17,16,18,0,0,0,
0,0,0,0,0,0,0,0,0,0,0,0,0,19,19,17,0,0,0,19,19,0,0,19,17,0,0,0,0,0,0,0,19,18,17,18,18,16,18,18,17,18,18,18,19,19,16,17,19,18,19,19,16,17,19,18,19,19,18,19,19,17,19,18,16,17,16,0,0,0,
0,0,0,0,0,0,0,0,0,0,0,0,0,19,16,17,0,0,0,16,18,16,0,17,19,18,0,0,0,0,0,0,0,17,16,19,19,19,16,17,16,19,19,16,18,18,17,18,19,16,18,18,17,18,19,19,17,16,19,16,18,18,19,18,19,16,17,0,0,0,
0,0,0,0,0,0,0,0,0,0,0,0,0,17,17,17,19,0,0,16,17,18,16,16,16,16,17,18,16,16,17,18,16,19,18,19,19,18,17,17,19,19,16,18,19,19,18,19,18,18,19,19,18,19,18,18,18,18,16,17,19,17,19,19,17,18,16,0,0,0,
0,0,0,0,0,0,0,0,0,0,0,0,0,16,17,16,17,17,0,19,18,19,17,19,0,0,0,0,0,0,0,16,17,19,16,17,19,19,18,18,16,17,17,18,17,19,16,16,17,18,17,19,16,16,17,19,17,18,19,18,18,16,18,18,18,18,18,0,0,0,
0,0,0,0,0,0,0,0,0,0,0,0,0,19,18,16,19,16,19,16,19,16,19,16,18,0,0,0,0,0,0,0,16,19,18,16,19,19,18,19,18,16,17,0,0,0,0,0,19,19,16,18,19,0,0,0,0,0,0,0,0,0,0,0,0,0,0,0,0,0,
0,0,0,0,0,0,0,0,0,0,0,0,0,17,18,17,0,18,19,18,16,18,16,18,17,16,0,0,0,0,0,0,0,19,18,19,17,19,16,16,18,19,18,0,0,0,0,0,0,0,0,0,0,0,0,0,0,0,0,0,0,0,0,0,0,0,0,0,0,0,
0,0,0,0,0,0,0,0,0,0,0,0,0,18,19,16,0,0,18,17,16,16,16,16,17,18,16,16,17,18,16,19,18,19,19,17,17,17,18,19,19,17,18,0,0,0,0,0,0,0,0,0,0,0,0,0,0,0,0,0,0,0,0,0,0,0,0,0,0,0,
0,0,0,0,0,0,0,0,0,0,0,0,0,19,18,16,0,0,0,19,0,18,19,17,0,0,0,0,0,0,0,16,17,18,18,18,16,18,18,17,18,18,19,0,0,0,0,0,0,0,0,0,0,0,0,0,0,0,0,0,0,0,0,0,0,0,0,0,0,0,
0,0,0,0,0,0,0,0,0,0,0,0,0,17,18,17,0,0,0,16,0,0,19,16,18,0,0,0,0,0,0,0,19,17,19,17,16,17,18,16,19,17,18,0,0,0,0,0,0,0,0,0,0,0,0,0,0,0,0,0,0,0,0,0,0,0,0,0,0,0,
0,0,0,0,0,0,0,0,0,0,0,0,0,18,19,16,0,0,0,18,0,0,0,18,19,16,0,0,0,0,0,0,0,18,17,18,19,18,19,17,17,18,18,0,0,0,0,0,0,0,0,0,0,0,0,0,0,0,0,0,0,0,0,0,0,0,0,0,0,0,
0,0,0,0,0,0,0,0,0,0,0,0,0,17,18,18,0,0,0,19,0,0,0,16,16,17,18,16,16,17,18,16,19,18,16,19,16,19,16,19,16,19,19,0,0,0,0,0,0,0,0,0,0,0,0,0,0,0,0,0,0,0,0,0,0,0,0,0,0,0,
0,0,0,0,0,0,0,0,0,0,0,0,0,16,17,16,0,0,0,18,0,0,0,19,0,0,0,0,0,0,0,19,17,16,19,19,18,16,18,16,19,19,16,0,0,0,0,0,0,0,0,0,0,0,0,0,0,0,0,0,0,0,0,0,0,0,0,0,0,0,
0,0,0,0,0,0,0,0,0,0,0,0,0,18,18,19,17,0,0,16,17,0,0,19,19,0,0,0,0,0,0,0,19,19,16,17,18,17,16,16,16,17,17,0,0,0,0,0,0,0,0,0,0,0,0,0,0,0,0,0,0,0,0,0,0,0,0,0,0,0,
0,0,0,0,0,0,0,0,0,0,0,0,0,19,19,17,17,19,0,19,16,18,0,16,17,19,0,0,0,0,0,0,0,19,18,16,19,16,17,17,18,16,17,0,0,0,0,0,0,0,0,0,0,0,0,0,0,0,0,0,0,0,0,0,0,0,0,0,0,0,
0,0,0,0,0,0,0,0,0,0,0,0,0,19,16,17,17,19,17,16,17,16,19,19,19,16,17,19,17,16,17,16,19,19,19,16,17,19,17,16,17,16,19,19,19,16,17,19,19,16,17,19,17,16,17,16,19,0,0,0,0,0,0,0,0,0,0,0,0,0,
0,0,0,0,0,0,0,0,0,0,0,0,0,17,17,17,18,18,17,18,18,19,16,19,18,17,18,18,17,18,18,19,16,19,18,17,18,18,17,18,18,19,16,19,18,17,18,19,18,17,18,18,17,18,18,19,16,0,0,0,0,0,0,0,0,0,0,0,0,0,
0,0,0,0,0,0,0,0,0,0,0,0,0,16,17,16,19,17,16,19,19,17,17,19,19,18,19,17,16,19,19,17,17,19,19,18,19,17,16,19,19,17,17,19,19,18,19,19,19,18,19,17,16,19,19,17,17,0,0,0,0,0,0,0,0,0,0,0,0,0,
0,0,0,0,0,0,0,0,0,0,0,0,0,19,18,16,0,0,0,0,0,0,0,17,19,16,0,16,19,19,0,17,18,17,0,16,16,16,19,19,16,0,0,0,0,0,0,0,0,0,16,16,19,19,16,17,18,0,0,0,0,0,0,0,0,0,0,0,0,0,
0,0,0,0,0,0,0,0,0,0,0,0,0,17,18,17,0,0,0,0,0,0,0,16,17,18,0,0,16,17,0,0,16,16,0,0,19,19,16,17,17,17,0,0,0,0,0,0,0,0,0,19,16,17,17,17,16,0,0,0,0,0,0,0,0,0,0,0,0,0,
0,0,0,0,0,0,0,0,0,19,17,16,17,18,19,16,0,0,0,0,0,0,0,19,18,18,0,0,0,16,0,0,0,19,0,0,0,19,18,16,17,16,16,0,0,0,0,0,0,0,0,0,18,16,17,16,16,0,0,0,0,0,0,0,0,0,0,0,0,0,
0,0,0,0,0,0,0,0,0,18,17,18,18,17,18,18,0,0,0,0,0,0,0,16,17,18,0,0,0,19,0,0,0,16,0,0,0,19,18,19,18,16,17,16,17,18,16,16,17,18,16,19,18,19,18,16,17,0,0,0,0,0,0,0,0,0,0,0,0,0,
0,0,0,0,0,0,0,0,0,17,16,19,19,16,17,16,0,0,0,0,0,0,0,19,18,19,0,0,0,17,0,0,0,19,0,0,0,19,19,17,18,0,0,0,0,0,0,0,0,0,17,19,19,17,18,17,16,0,0,0,0,0,0,0,0,0,0,0,0,0,
0,0,0,0,0,0,0,0,0,17,18,18,17,18,18,19,0,0,0,0,0,0,0,16,19,16,0,0,0,18,0,0,0,16,0,0,0,18,18,18,19,16,0,0,0,0,0,0,0,0,0,18,18,18,19,16,17,0,0,0,0,0,0,0,0,0,0,0,0,0,
0,0,0,0,0,0,0,0,0,18,19,17,16,19,19,17,0,0,0,0,0,0,0,18,16,18,0,0,0,17,0,0,0,18,0,0,0,17,19,17,18,18,16,0,0,0,0,0,0,0,0,0,19,17,18,18,16,0,0,0,0,0,0,0,0,0,0,0,0,0,
0,0,0,0,0,0,0,0,0,0,0,0,0,0,0,0,0,0,0,0,0,0,0,16,17,18,0,0,0,19,0,0,0,19,0,0,0,18,17,18,18,16,19,18,17,18,18,17,18,18,19,19,17,16,17,16,19,0,0,0,0,0,0,0,0,0,0,0,0,0,
0,0,0,0,0,0,0,0,0,0,0,0,0,0,0,0,0,0,0,0,0,0,0,19,18,19,0,0,0,17,0,0,0,19,0,0,0,17,16,19,19,0,0,0,0,0,0,0,0,0,17,18,17,18,18,19,16,0,0,0,0,0,0,0,0,0,0,0,0,0,
0,0,0,0,0,0,0,0,0,0,0,0,0,0,0,0,0,0,0,0,0,0,0,16,19,16,19,0,0,18,19,0,0,17,19,0,0,16,19,19,16,16,0,0,0,0,0,0,0,0,0,17,16,19,19,17,17,0,0,0,0,0,0,0,0,0,0,0,0,0,
0,0,0,0,0,0,0,0,0,0,0,0,0,0,0,0,0,0,0,0,0,0,0,18,16,18,16,17,0,17,18,18,0,16,17,18,0,19,16,17,17,17,16,0,0,0,0,0,0,0,0,0,19,19,16,17,18,0,0,0,0,0,0,0,0,0,0,0,0,0,
0,0,0,0,0,0,0,0,0,0,0,0,0,0,0,0,0,0,0,0,0,0,0,19,19,16,17,19,17,16,17,16,16,18,19,17,16,19,18,16,17,16,19,18,16,18,18,17,16,17,16,19,16,17,17,17,16,0,0,0,0,0,0,0,0,0,0,0,0,0,
0,0,0,0,0,0,0,0,0,0,0,0,0,0,0,0,0,0,0,0,0,0,0,19,18,17,18,18,17,18,18,19,16,16,16,16,19,16,30,23,23,23,31,19,17,19,17,16,18,18,17,19,18,16,17,16,16,0,0,0,0,0,0,0,0,0,0,0,0,0,
0,0,0,0,0,0,0,0,0,0,0,0,0,0,0,0,0,0,0,0,0,0,0,19,19,18,19,17,16,19,19,17,17,18,19,19,16,19,22,30,23,31,20,16,19,16,16,19,17,18,16,19,18,19,18,16,17,0,0,0,0,0,0,0,0,0,0,0,0,0,
0,0,0,0,0,0,0,0,0,0,0,0,0,0,0,0,0,0,0,0,0,0,0,17,19,16,16,16,19,19,16,17,18,18,17,19,18,16,22,22,16,20,20,18,16,19,19,16,18,19,17,19,19,17,18,17,16,0,0,0,0,0,0,0,0,0,0,0,0,0,
0,0,0,0,0,0,0,0,0,0,0,0,0,0,0,0,0,0,0,0,0,0,0,16,17,18,0,0,0,0,0,0,0,0,0,19,18,18,22,29,21,0,20,16,17,0,16,19,19,0,19,18,18,18,19,16,17,0,0,0,0,0,0,0,0,0,0,0,0,0,
0,0,0,0,0,0,0,0,0,0,0,0,0,0,0,0,0,0,0,0,0,0,0,19,18,18,17,0,0,0,0,0,0,0,0,0,19,18,29,21,21,0,0,17,18,0,0,16,16,0,0,17,19,17,18,18,16,0,0,0,0,0,0,0,0,0,0,0,0,0,
0,0,0,0,0,0,0,0,0,0,0,0,0,0,0,0,0,0,0,0,0,0,0,16,17,18,16,19,0,0,0,0,0,0,0,0,0,19,19,16,17,0,0,0,19,0,0,0,19,0,0,0,17,16,17,16,19,17,16,49,0,0,0,0,0,0,0,0,0,0,
0,0,0,0,0,0,0,0,0,0,0,0,0,0,0,0,0,0,0,0,0,0,0,19,18,19,17,19,19,17,18,17,16,18,16,17,19,18,18,17,18,0,0,0,18,0,0,0,18,0,0,0,17,18,18,19,16,17,18,49,0,0,0,0,0,0,0,0,0,0,
0,0,0,0,0,0,0,0,0,0,0,0,0,0,0,0,0,0,0,0,0,0,0,16,19,16,0,0,0,0,0,0,0,0,0,19,17,19,19,18,19,0,0,0,19,0,0,0,19,0,0,0,16,19,19,17,17,16,19,49,0,0,0,0,0,0,0,0,0,0,
0,0,0,0,0,0,0,0,0,0,0,0,0,0,0,0,0,0,0,0,0,0,0,18,16,18,16,0,0,0,0,0,0,0,0,0,17,17,19,16,16,0,0,0,16,0,0,0,19,0,0,0,19,19,16,17,18,19,19,49,0,0,0,0,0,0,0,0,0,0,
0,0,0,0,0,0,0,0,0,0,0,0,0,0,0,0,0,0,0,0,0,0,0,19,19,16,17,19,0,0,0,0,0,0,0,0,0,17,17,18,19,0,0,0,17,0,0,0,19,0,0,0,17,16,17,16,19,17,16,49,0,0,0,0,0,0,0,0,0,0,
0,0,0,0,0,0,0,0,0,0,0,0,0,0,0,0,0,0,0,0,0,0,0,19,18,17,18,18,17,18,19,19,18,19,18,19,17,16,18,18,17,0,0,0,17,0,0,0,18,0,0,0,17,18,18,19,16,17,18,49,0,0,0,0,0,0,0,0,0,0,
0,0,0,0,0,0,0,0,0,0,0,17,19,17,19,17,16,17,16,16,18,19,17,16,19,18,0,0,0,0,0,0,0,0,0,19,19,16,17,18,16,0,0,0,18,0,0,0,19,0,0,0,16,19,19,17,17,16,19,49,0,0,0,0,0,0,0,0,0,0,
0,0,0,0,0,0,0,0,0,0,0,16,17,18,18,17,18,18,19,16,16,16,16,19,16,16,16,0,0,0,0,0,0,0,0,0,17,19,18,19,17,19,0,0,18,17,0,0,19,16,0,0,19,19,16,17,18,19,19,49,0,0,0,0,0,0,0,0,0,0,
0,0,0,0,0,0,0,0,0,0,0,19,18,19,17,16,19,19,17,17,18,19,19,16,19,18,19,19,0,0,0,0,0,0,0,0,0,16,19,16,19,18,18,0,19,16,17,0,17,18,19,0,16,17,17,17,16,16,17,49,0,0,0,0,0,0,0,0,0,0,
0,0,0,0,0,0,0,0,0,0,0,16,17,18,0,0,0,0,0,0,16,19,18,19,18,18,17,19,18,16,16,17,18,16,19,18,19,18,16,18,16,17,19,17,18,18,16,19,18,18,17,19,18,16,17,16,16,18,16,49,0,0,0,0,0,0,0,0,0,0,
0,0,0,0,0,0,0,0,0,0,0,19,18,19,0,0,0,0,0,0,0,18,18,19,19,16,17,19,18,19,19,18,19,17,19,19,17,18,17,16,16,19,18,19,18,16,17,16,17,18,16,19,18,19,18,16,17,16,19,49,0,0,0,0,0,0,0,0,0,0,
0,0,0,0,0,0,0,0,0,0,0,16,19,16,0,0,0,0,0,0,0,0,16,18,18,17,18,19,19,17,16,19,16,19,18,18,18,19,16,17,17,19,19,17,18,17,16,19,18,19,17,19,19,17,19,18,16,17,16,49,0,0,0,0,0,0,0,0,0,0,
0,0,0,0,0,0,0,0,0,0,0,18,16,18,0,0,0,19,18,18,17,19,18,19,19,18,19,18,18,18,18,16,17,18,16,19,18,19,18,16,19,18,18,18,19,16,17,16,19,16,19,18,18,18,19,18,19,18,16,49,0,0,0,0,0,0,0,0,0,0,
0,0,0,0,0,0,0,0,0,0,0,19,19,16,0,0,0,19,19,16,17,19,18,17,19,16,16,17,19,17,18,19,18,19,17,19,19,17,18,18,16,17,19,17,18,18,16,18,16,18,16,17,19,17,19,19,17,18,17,49,0,0,0,0,0,0,0,0,0,0,
0,0,0,0,0,0,0,0,0,0,0,19,18,17,0,0,0,18,18,17,18,19,19,17,17,18,19,0,0,0,0,0,0,0,0,0,0,0,0,0,18,17,16,19,16,19,17,18,16,19,18,19,18,16,18,18,18,19,16,49,0,0,0,0,0,0,0,0,0,0,
0,0,0,0,0,0,0,0,0,0,0,19,19,18,0,0,0,19,19,18,19,18,18,16,18,18,22,49,0,0,0,0,0,0,0,0,0,0,0,0,16,16,18,16,18,16,16,19,17,19,19,17,18,17,17,19,17,18,18,49,0,0,0,0,0,0,0,0,0,0,
0,0,0,0,0,0,0,0,0,0,0,17,19,16,0,0,0,0,0,0,16,19,18,16,17,18,22,49,0,0,0,0,0,0,0,0,0,0,0,0,50,50,50,50,20,17,22,48,50,50,50,50,50,50,50,50,50,50,50,0,0,0,0,0,0,0,0,0,0,0,
0,0,0,0,0,0,0,0,0,0,0,16,17,18,17,0,0,0,0,0,0,18,18,19,18,19,22,49,0,0,0,0,0,0,0,0,0,0,0,0,0,0,0,0,20,18,22,49,0,0,0,0,0,0,0,0,0,0,0,0,0,0,0,0,0,0,0,0,0,0,
0,0,0,0,0,0,0,0,0,0,0,19,18,18,17,16,0,0,0,0,0,0,16,16,19,16,22,49,0,0,0,0,0,0,0,0,0,0,0,0,0,0,0,0,20,19,22,49,0,0,0,0,0,0,0,0,0,0,0,0,0,0,0,0,0,0,0,0,0,0,
0,0,18,19,19,18,19,17,19,19,17,18,17,16,16,19,18,19,18,16,17,16,17,18,16,18,22,49,0,0,0,0,0,0,0,0,0,0,0,0,0,0,0,0,20,16,22,49,0,0,0,0,0,0,0,0,0,0,0,0,0,0,0,0,0,0,0,0,0,0,
0,0,19,17,16,19,16,19,18,18,18,19,16,17,17,19,19,17,18,17,16,19,18,18,17,16,22,49,0,0,0,0,0,0,0,0,0,0,0,0,0,0,0,0,20,19,22,49,0,0,0,0,0,0,0,0,0,0,0,0,0,0,0,0,0,0,0,0,0,0,
0,0,18,18,30,23,23,23,23,23,23,23,18,16,19,18,23,23,23,23,23,23,23,31,16,17,22,49,0,0,0,0,0,0,0,0,0,0,0,0,0,0,0,0,20,17,22,49,0,0,0,0,0,0,0,0,0,0,0,0,0,0,0,0,0,0,0,0,0,0,
0,0,19,18,22,48,50,50,50,50,50,50,19,18,18,19,48,50,50,50,50,50,50,20,19,18,22,49,0,0,0,0,0,0,0,0,0,0,0,0,0,0,0,0,20,16,22,49,0,0,0,0,0,0,0,0,0,0,0,0,0,0,0,0,0,0,0,0,0,0,
0,0,16,17,22,49,0,0,0,0,0,0,16,17,18,16,49,0,0,0,0,0,0,20,16,17,22,49,0,0,0,0,0,0,0,0,0,0,0,0,0,0,0,0,20,17,22,49,0,0,0,0,0,0,0,0,0,0,0,0,0,0,0,0,0,0,0,0,0,0,
0,0,19,18,22,49,0,0,0,0,0,0,19,18,19,18,49,0,0,0,0,0,0,20,19,18,22,49,0,0,0,0,0,0,0,0,0,0,0,0,0,0,0,0,20,19,22,49,0,0,0,0,0,0,0,0,0,0,0,0,0,0,0,0,0,0,0,0,0,0,
0,0,16,19,22,49,0,0,0,0,0,0,16,19,16,16,49,0,0,0,0,0,0,20,16,19,22,49,0,0,0,0,0,0,0,0,0,0,0,0,0,0,0,0,20,16,22,49,0,0,0,0,0,0,0,0,0,0,0,0,0,0,0,0,0,0,0,0,0,0,
0,0,18,16,22,49,0,0,0,0,0,0,18,16,18,17,49,0,0,0,0,0,0,20,18,16,22,49,0,0,0,0,0,0,0,0,0,0,0,0,0,0,0,0,20,17,22,49,0,0,0,0,0,0,0,0,0,0,0,0,0,0,0,0,0,0,0,0,0,0,
0,0,19,19,22,49,0,0,0,0,0,0,19,19,16,18,49,0,0,0,0,0,0,20,19,19,22,49,0,0,0,0,0,0,0,0,0,0,0,0,0,0,0,0,20,18,22,49,0,0,0,0,0,0,0,0,0,0,0,0,0,0,0,0,0,0,0,0,0,0,
0,0,19,18,22,49,0,0,0,0,0,0,19,18,17,16,49,0,0,0,0,0,0,20,19,18,22,49,0,0,0,0,0,0,0,0,0,0,0,0,0,0,0,0,20,17,22,49,0,0,0,0,0,0,0,0,0,0,0,0,0,0,0,0,0,0,0,0,0,0,
0,0,19,19,29,21,21,21,21,21,21,21,28,16,17,29,21,21,21,21,21,21,21,28,19,19,22,49,0,0,0,0,0,0,0,0,0,0,0,0,0,0,0,0,20,19,22,49,0,0,0,0,0,0,0,0,0,0,0,0,0,0,0,0,0,0,0,0,0,0,
0,0,17,18,18,19,16,17,17,19,19,17,18,17,16,18,18,19,17,19,19,17,19,18,17,19,22,49,0,0,0,0,0,0,0,0,0,0,0,0,0,0,0,0,50,50,50,0,0,0,0,0,0,0,0,0,0,0,0,0,0,0,0,0,0,0,0,0,0,0,
0,0,16,19,18,19,18,16,19,18,18,18,19,16,17,16,19,16,19,18,18,18,19,17,16,17,22,49,0,0,0,0,0,0,0,0,0,0,0,0,0,0,0,0,0,0,0,0,0,0,0,0,0,0,0,0,0,0,0,0,0,0,0,0,0,0,0,0,0,0,
0,0,23,23,23,23,23,23,23,23,23,23,23,23,23,23,23,23,23,23,23,23,23,23,23,23,26,49,0,0,0,0,0,0,0,0,0,0,0,0,0,0,0,0,0,0,0,0,0,0,0,0,0,0,0,0,0,0,0,0,0,0,0,0,0,0,0,0,0,0,
0,0,50,50,50,50,50,50,50,50,50,50,50,50,50,50,50,50,50,50,50,50,50,50,50,50,50,0,0,0,0,0,0,0,0,0,0,0,0,0,0,0,0,0,0,0,0,0,0,0,0,0,0,0,0,0,0,0,0,0,0,0,0,0,0,0,0,0,0,0,
0,0,0,0,0,0,0,0,0,0,0,0,0,0,0,0,0,0,0,0,0,0,0,0,0,0,0,0,0,0,0,0,0,0,0,0,0,0,0,0,0,0,0,0,0,0,0,0,0,0,0,0,0,0,0,0,0,0,0,0,0,0,0,0,0,0,0,0,0,0,
0,0,0,0,0,0,0,0,0,0,0,0,0,0,0,0,0,0,0,0,0,0,0,0,0,0,0,0,0,0,0,0,0,0,0,0,0,0,0,0,0,0,0,0,0,0,0,0,0,0,0,0,0,0,0,0,0,0,0,0,0,0,0,0,0,0,0,0,0,0,
0,0,0,0,0,0,0,0,0,0,0,0,0,0,0,0,0,0,0,0,0,0,0,0,0,0,0,0,0,0,0,0,0,0,0,0,0,0,0,0,0,0,0,0,20,17,22,49,0,0,0,0,0,0,0,0,0,0,0,0,0,0,0,0,0,0,0,0,0,0,
0,0,0,0,0,0,0,0,0,0,0,0,0,0,0,0,0,0,0,0,0,0,0,0,0,0,0,0,0,0,0,0,0,0,0,0,0,0,0,0,0,0,0,0,20,17,22,49,0,0,0,0,0,0,0,0,0,0,0,0,0,0,0,0,0,0,0,0,0,0,
0,0,0,0,0,0,0,0,0,0,0,0,0,0,0,0,0,0,0,0,0,0,0,0,0,0,0,0,0,0,0,0,0,0,0,0,0,0,0,0,0,0,0,0,27,23,26,49,0,0,0,0,0,0,0,0,0,0,0,0,0,0,0,0,0,0,0,0,0,0,
0,0,0,0,0,0,0,0,0,0,0,0,0,0,0,0,0,0,0,0,0,0,0,0,0,0,0,0,0,0,0,0,0,0,0,0,0,0,0,0,0,0,0,0,50,50,50,0,0,0,0,0,0,0,0,0,0,0,0,0,0,0,0,0,0,0,0,0,0,0

[layer]
type=object
data=
0,0,0,0,0,0,0,0,0,0,0,0,0,0,0,0,0,0,0,0,0,0,0,0,0,0,0,0,0,0,0,0,0,0,0,0,0,0,0,0,0,0,0,0,0,0,0,0,0,0,0,0,0,0,0,0,0,0,0,0,0,0,0,0,0,0,0,0,0,0,
0,0,0,0,0,0,0,0,0,0,0,0,0,0,0,0,0,0,0,0,0,0,0,0,0,0,0,0,0,0,0,0,0,0,0,0,0,0,0,0,0,0,0,0,0,0,0,0,0,0,0,0,0,0,0,0,0,0,0,0,0,0,0,0,0,0,0,0,0,0,
0,0,0,0,0,0,0,0,0,0,0,0,0,0,0,0,0,0,0,0,0,0,0,0,0,0,0,0,0,0,0,0,0,0,0,0,0,0,0,0,0,0,0,0,0,0,0,0,0,0,0,0,0,0,0,0,0,0,0,0,77,73,282,283,74,78,0,0,0,0,
0,0,0,0,0,0,0,0,0,0,0,0,0,0,0,0,0,0,0,0,0,0,0,0,0,0,0,0,0,0,0,0,0,0,0,0,0,0,0,0,0,0,0,0,0,0,0,0,0,0,0,0,0,0,0,0,0,0,0,0,64,0,0,0,0,70,0,0,0,0,
0,0,0,0,0,0,0,0,0,0,0,0,0,0,0,0,0,0,0,0,0,0,0,0,0,0,0,0,0,0,0,0,0,0,0,0,0,0,0,0,0,0,0,0,0,0,0,0,0,0,0,0,0,0,0,0,0,0,0,0,68,0,0,0,0,82,0,0,0,0,
0,0,0,0,0,0,0,0,0,0,0,0,0,0,0,0,0,0,0,0,0,0,0,0,0,0,0,0,0,0,0,0,0,0,0,0,0,0,0,0,0,0,0,0,0,0,0,0,0,0,0,0,0,0,0,0,0,0,0,0,68,0,0,0,0,82,0,0,0,0,
0,0,0,0,0,0,0,0,0,0,0,0,0,0,0,0,0,0,0,0,0,0,0,0,0,0,0,0,0,0,0,0,0,0,0,0,0,0,0,0,0,0,0,0,0,0,0,0,0,0,0,0,0,0,0,0,0,0,0,0,64,0,0,0,0,82,0,0,0,0,
0,0,0,0,0,0,0,0,0,0,0,0,0,0,0,0,0,0,0,0,0,0,0,0,0,0,0,0,0,0,0,0,0,0,0,0,0,0,0,0,0,0,0,0,0,0,0,0,0,0,0,0,0,0,0,0,0,0,0,0,64,136,0,0,136,82,0,0,0,0,
0,0,0,0,0,0,0,0,0,0,0,0,0,0,0,0,0,0,0,0,0,0,0,0,0,0,0,0,0,0,0,0,0,0,0,0,0,0,0,0,0,0,0,0,0,0,0,0,0,0,0,0,0,0,0,0,0,0,0,0,68,0,0,0,0,82,0,0,0,0,
0,0,0,0,0,0,0,0,0,0,0,0,0,0,0,0,0,0,0,0,0,0,0,0,0,0,0,0,0,0,0,0,0,0,0,0,0,0,0,0,0,0,0,0,0,0,0,0,0,0,0,0,0,0,0,0,0,0,0,0,64,0,0,0,0,82,0,0,0,0,
0,0,0,0,0,0,0,0,0,0,0,0,0,0,0,0,0,0,0,0,0,0,0,0,0,0,0,0,0,0,0,0,0,0,0,0,0,0,0,0,0,0,0,0,0,0,0,0,0,0,0,0,0,0,0,0,0,0,0,0,68,0,0,0,0,82,0,0,0,0,
0,0,0,0,0,0,0,0,0,0,0,0,0,0,0,0,0,0,0,0,0,0,0,0,0,0,0,0,0,0,0,0,0,0,0,0,0,0,0,0,0,0,0,0,0,0,0,0,0,0,0,0,0,0,0,0,0,0,0,0,64,0,0,0,0,82,0,0,0,0,
0,0,0,0,0,0,0,0,0,0,0,0,0,0,0,0,0,0,0,0,0,0,0,0,0,0,0,0,0,0,0,0,0,0,0,0,0,0,0,0,0,0,0,0,0,0,0,0,0,0,0,0,0,0,0,0,0,0,0,77,73,0,0,0,0,90,94,0,0,0,
0,0,0,0,0,0,0,0,0,0,0,0,0,0,0,0,0,0,0,0,0,0,0,0,0,0,0,0,0,0,0,0,0,0,0,0,0,0,0,0,0,0,0,0,0,0,0,0,0,0,0,0,0,0,0,0,0,0,0,102,0,0,0,0,0,0,82,0,0,0,
0,0,0,0,0,0,0,0,0,0,0,0,0,0,0,0,0,0,0,0,0,0,0,0,0,0,0,0,0,0,0,0,0,0,0,0,0,0,0,0,0,0,0,0,0,0,0,0,0,0,0,0,0,0,0,0,0,0,0,100,0,0,0,0,0,0,82,0,0,0,
0,0,0,0,0,0,0,0,0,0,0,0,0,0,0,0,0,0,0,0,0,0,0,0,0,0,0,0,0,0,0,0,0,0,0,0,0,0,0,0,0,0,0,0,0,0,0,0,0,0,0,0,0,0,0,0,0,0,0,100,0,0,0,0,0,0,82,0,0,0,
0,0,0,0,0,0,0,0,0,0,0,0,0,0,0,0,0,0,0,0,0,0,0,0,0,0,0,0,0,0,0,0,0,0,0,0,0,0,0,0,0,0,0,0,0,0,0,0,0,0,0,0,0,0,0,0,0,0,0,102,0,0,0,0,0,0,82,0,0,0,
0,0,0,0,0,0,0,0,0,0,0,0,0,0,0,0,0,0,0,0,0,0,0,0,0,0,0,0,0,0,0,0,0,0,0,0,0,0,0,0,0,0,0,0,0,0,0,0,0,0,0,0,0,0,0,0,0,0,0,76,72,0,0,0,0,91,95,0,0,0,
0,0,0,0,0,0,0,0,0,0,0,0,0,0,0,0,0,0,0,0,0,0,0,0,0,0,0,0,0,0,0,0,0,0,0,0,0,0,0,0,0,0,0,0,0,0,0,0,0,0,0,0,0,0,0,0,0,0,0,0,68,0,0,0,0,82,0,0,0,0,
0,0,0,0,0,0,0,0,0,0,0,0,0,0,0,0,0,0,0,0,0,0,0,0,0,0,0,0,0,0,0,0,0,0,0,0,0,0,0,0,0,0,0,0,0,0,0,0,0,0,0,0,0,0,0,0,0,0,0,0,68,0,0,0,0,82,0,0,0,0,
0,0,0,0,0,0,0,0,0,0,0,0,0,77,65,69,65,65,65,69,65,69,69,101,101,103,101,101,103,101,101,103,101,101,65,65,65,69,65,78,0,0,0,0,0,0,0,0,0,0,0,0,0,0,0,0,0,0,0,0,64,0,0,0,0,82,0,0,0,0,
0,0,0,0,0,0,0,0,0,0,0,0,0,64,0,0,0,0,0,0,0,0,0,0,0,0,0,0,0,0,0,0,0,0,0,0,0,0,0,70,0,0,0,0,0,0,0,0,0,0,0,0,0,0,0,0,0,0,0,0,68,136,0,0,136,82,0,0,0,0,
0,0,0,0,0,0,0,0,0,0,0,0,0,68,0,0,0,0,0,0,0,0,0,0,0,149,0,0,149,0,0,149,0,0,0,0,0,0,0,82,0,0,0,0,0,0,0,0,0,0,0,0,0,0,0,0,0,0,0,0,68,0,0,0,0,82,0,0,0,0,
0,0,0,0,0,0,0,0,0,0,0,0,0,68,0,0,0,0,75,72,0,0,75,72,0,0,0,0,0,0,0,0,0,0,0,0,0,0,0,82,0,0,0,0,0,0,0,0,0,0,0,0,0,0,0,0,0,0,0,0,64,0,0,0,0,82,0,0,0,0,
0,0,0,0,0,0,0,0,0,0,0,0,0,64,0,0,0,0,66,100,0,0,66,100,0,0,0,0,0,0,0,0,0,0,0,0,0,0,0,82,0,0,0,0,0,0,0,0,77,103,105,65,103,78,0,0,0,0,0,0,68,0,0,0,0,82,0,0,0,0,
0,0,0,0,0,0,0,0,0,0,0,0,0,98,136,0,0,0,66,100,0,0,66,100,0,0,0,0,0,0,0,0,0,0,0,0,0,0,0,90,81,65,65,65,65,65,69,65,73,0,0,0,0,74,65,65,69,65,65,65,73,0,0,0,0,90,81,78,0,0,
0,0,0,0,0,0,0,0,0,0,0,0,0,64,0,0,0,0,66,100,0,0,66,100,0,0,0,0,0,0,0,0,0,0,0,0,0,0,0,0,0,0,0,0,137,0,0,0,0,0,0,0,0,0,0,0,0,137,0,0,0,0,0,0,0,0,0,70,0,0,
0,0,0,0,0,0,0,0,0,0,0,0,0,100,0,0,0,0,66,100,0,0,66,100,0,0,75,67,67,67,67,67,67,72,0,0,0,0,0,0,0,0,0,0,0,0,0,0,0,0,0,0,0,0,0,0,0,0,0,0,0,0,0,0,0,0,0,82,0,0,
0,0,0,0,0,0,0,0,0,0,0,0,0,100,0,0,0,0,66,100,0,0,74,73,0,0,74,101,101,101,101,101,101,73,0,0,0,0,0,0,0,0,0,0,0,0,0,0,0,0,0,0,0,0,0,0,0,0,0,0,0,0,0,0,0,0,0,82,0,0,
0,0,0,0,0,0,0,0,0,0,0,0,0,100,0,0,0,0,66,100,0,0,0,0,0,0,0,0,0,0,0,0,0,0,0,0,0,0,0,0,0,0,0,0,137,0,0,0,0,0,0,0,0,0,0,0,0,137,0,0,0,0,0,0,0,0,0,82,0,0,
0,0,0,0,0,0,0,0,0,0,0,0,0,100,0,0,0,0,74,73,0,0,0,0,0,0,0,0,0,0,0,0,0,0,0,0,0,0,0,0,0,0,0,91,83,83,83,83,88,0,0,0,0,91,83,83,83,83,83,83,83,83,83,83,83,83,83,95,0,0,
0,0,0,0,0,0,0,0,0,0,0,0,0,100,0,0,0,0,0,0,0,0,148,0,0,0,75,67,67,67,67,67,67,72,0,0,0,0,0,0,0,0,0,82,0,0,0,0,92,83,83,83,83,95,0,0,0,0,0,0,0,0,0,0,0,0,0,0,0,0,
0,0,0,0,0,0,0,0,0,0,0,0,0,100,0,0,0,0,0,0,0,0,0,0,0,0,74,101,101,101,101,101,101,73,0,0,0,0,0,0,0,0,0,82,0,0,0,0,0,0,0,0,0,0,0,0,0,0,0,0,0,0,0,0,0,0,0,0,0,0,
0,0,0,0,0,0,0,0,0,0,0,0,0,100,0,0,0,0,75,72,0,0,0,0,0,0,0,0,0,0,0,0,0,0,0,0,0,0,0,0,0,0,0,82,0,0,0,0,0,0,0,0,0,0,0,0,0,0,0,0,0,0,0,0,0,0,0,0,0,0,
0,0,0,0,0,0,0,0,0,0,0,0,0,100,0,0,0,0,66,100,0,0,0,0,0,0,0,0,0,0,0,0,0,0,0,0,0,0,0,0,0,0,0,82,0,0,0,0,0,0,0,0,0,0,0,0,0,0,0,0,0,0,0,0,0,0,0,0,0,0,
0,0,0,0,0,0,0,0,0,0,0,0,0,68,0,0,0,0,66,100,0,0,75,72,0,0,75,67,67,67,67,67,67,72,0,0,0,0,0,0,0,0,0,82,0,0,0,0,0,0,0,0,0,0,0,0,0,0,0,0,0,0,0,0,0,0,0,0,0,0,
0,0,0,0,0,0,0,0,0,0,0,0,0,98,136,0,0,0,66,100,0,0,66,100,0,0,74,101,101,101,101,101,101,73,0,0,0,0,0,0,0,0,0,82,0,0,0,0,0,0,0,0,0,0,0,0,0,0,0,0,0,0,0,0,0,0,0,0,0,0,
0,0,0,0,0,0,0,0,0,0,0,0,0,64,0,0,0,0,66,100,0,0,66,100,0,0,0,0,0,0,0,0,0,0,0,0,0,0,0,0,0,0,0,82,0,0,0,0,0,0,0,0,0,0,0,0,0,0,0,0,0,0,0,0,0,0,0,0,0,0,
0,0,0,0,0,0,0,0,0,0,0,0,0,64,0,0,0,0,66,100,0,0,66,100,0,0,0,0,0,0,0,0,0,0,0,0,0,0,0,0,0,0,0,82,0,0,0,0,0,0,0,0,0,0,0,0,0,0,0,0,0,0,0,0,0,0,0,0,0,0,
0,0,0,0,0,0,0,0,0,0,0,0,0,68,0,0,0,0,66,100,0,0,66,100,0,0,75,67,67,67,67,67,67,72,0,0,0,0,0,0,0,0,0,82,0,0,0,0,0,0,0,0,0,0,0,0,0,0,0,0,0,0,0,0,0,0,0,0,0,0,
0,0,0,0,0,0,0,0,0,0,0,0,0,64,0,0,0,0,74,73,0,0,74,73,0,0,74,101,101,101,101,101,101,73,0,0,0,0,0,0,0,0,0,90,81,103,101,101,101,101,103,103,101,101,101,101,103,78,0,0,0,0,0,0,0,0,0,0,0,0,
0,0,0,0,0,0,0,0,0,0,0,0,0,64,0,0,0,0,0,0,0,0,0,0,0,0,0,0,0,0,0,0,0,0,0,0,0,0,0,0,0,0,0,0,0,0,0,0,0,0,0,0,0,0,0,0,0,70,0,0,0,0,0,0,0,0,0,0,0,0,
0,0,0,0,0,0,0,0,0,0,0,0,0,68,0,0,0,0,0,0,0,0,0,0,0,0,0,0,0,0,0,0,0,0,0,0,0,0,0,0,0,0,0,0,0,0,0,0,0,0,0,0,0,0,0,0,0,82,0,0,0,0,0,0,0,0,0,0,0,0,
0,0,0,0,0,0,0,0,0,0,0,0,0,68,0,0,91,83,83,83,83,83,83,88,0,0,0,0,0,0,0,0,0,0,0,0,0,0,0,0,0,0,0,0,0,0,0,0,0,0,0,0,0,0,0,0,0,82,0,0,0,0,0,0,0,0,0,0,0,0,
0,0,0,0,0,0,0,0,0,0,0,0,0,64,0,0,82,0,0,0,0,0,0,80,0,0,0,0,0,0,0,0,0,0,0,0,0,0,0,0,0,0,0,0,0,0,0,0,0,0,0,0,0,0,0,0,0,82,0,0,0,0,0,0,0,0,0,0,0,0,
0,0,0,0,0,0,0,0,0,77,97,65,69,73,0,0,82,0,0,0,0,0,0,100,0,0,0,0,75,72,0,0,75,72,0,0,75,72,0,0,0,0,0,75,67,67,67,67,67,67,67,67,72,0,0,0,0,82,0,0,0,0,0,0,0,0,0,0,0,0,
0,0,0,0,0,0,0,0,0,104,0,147,0,0,0,0,82,0,0,0,0,0,0,100,0,0,0,0,66,100,0,0,66,100,0,0,66,100,0,0,0,0,0,74,101,101,101,101,101,101,101,101,73,0,0,0,0,82,0,0,0,0,0,0,0,0,0,0,0,0,
0,0,0,0,0,0,0,0,0,68,146,0,0,0,0,0,82,0,0,0,0,0,0,100,0,0,0,0,66,100,0,0,66,100,0,0,66,100,0,0,0,0,0,0,0,0,0,0,0,0,0,0,0,0,0,0,0,82,0,0,0,0,0,0,0,0,0,0,0,0,
0,0,0,0,0,0,0,0,0,64,146,0,0,0,0,0,82,0,0,0,0,0,0,100,0,0,0,0,66,100,0,0,66,100,0,0,66,100,0,0,0,0,0,0,0,0,0,0,0,0,0,0,0,0,0,0,0,82,0,0,0,0,0,0,0,0,0,0,0,0,
0,0,0,0,0,0,0,0,0,104,146,0,146,147,0,147,82,0,0,0,0,0,0,100,0,0,0,0,66,100,0,0,66,100,0,0,66,100,0,0,0,0,0,75,67,67,67,67,67,67,67,67,72,0,0,0,0,82,0,0,0,0,0,0,0,0,0,0,0,0,
0,0,0,0,0,0,0,0,0,76,71,83,83,83,83,83,95,0,0,0,0,0,0,100,0,0,0,0,66,100,0,0,66,100,0,0,66,100,0,0,0,0,0,74,101,101,101,101,101,101,101,101,73,0,0,0,0,82,0,0,0,0,0,0,0,0,0,0,0,0,
0,0,0,0,0,0,0,0,0,0,0,0,0,0,0,0,0,0,0,0,0,0,0,100,0,0,0,0,66,100,0,0,66,100,0,0,66,100,0,0,0,0,0,0,0,0,0,0,0,0,0,0,0,0,0,0,0,82,0,0,0,0,0,0,0,0,0,0,0,0,
0,0,0,0,0,0,0,0,0,0,0,0,0,0,0,0,0,0,0,0,0,0,0,102,0,0,0,0,66,100,0,0,66,100,0,0,66,100,0,0,0,0,0,0,0,0,0,0,0,0,0,0,0,0,0,0,0,82,0,0,0,0,0,0,0,0,0,0,0,0,
0,0,0,0,0,0,0,0,0,0,0,0,0,0,0,0,0,0,0,0,0,0,0,100,0,0,0,0,66,100,0,0,66,100,0,0,66,100,0,0,0,0,0,75,67,67,67,67,67,67,67,67,72,0,0,0,0,82,0,0,0,0,0,0,0,0,0,0,0,0,
0,0,0,0,0,0,0,0,0,0,0,0,0,0,0,0,0,0,0,0,0,0,0,100,0,0,0,0,74,73,0,0,74,73,0,0,74,73,0,0,0,0,0,74,101,101,101,101,101,101,101,101,73,0,0,0,0,82,0,0,0,0,0,0,0,0,0,0,0,0,
0,0,0,0,0,0,0,0,0,0,0,0,0,0,0,0,0,0,0,0,0,0,0,100,0,0,0,0,0,0,0,0,0,0,0,0,0,0,0,0,0,0,0,0,0,0,0,0,0,0,0,0,0,0,0,0,0,82,0,0,0,0,0,0,0,0,0,0,0,0,
0,0,0,0,0,0,0,0,0,0,0,0,0,0,0,0,0,0,0,0,0,0,0,100,0,0,0,0,0,0,0,0,0,0,0,0,0,0,0,0,137,0,0,0,0,0,0,0,0,0,0,0,0,0,0,0,0,82,0,0,0,0,0,0,0,0,0,0,0,0,
0,0,0,0,0,0,0,0,0,0,0,0,0,0,0,0,0,0,0,0,0,0,0,100,0,0,0,0,0,0,0,0,0,0,0,0,0,0,0,136,131,136,0,0,0,0,0,0,0,0,0,0,0,0,0,0,0,82,0,0,0,0,0,0,0,0,0,0,0,0,
0,0,0,0,0,0,0,0,0,0,0,0,0,0,0,0,0,0,0,0,0,0,0,100,0,0,0,0,0,0,0,0,0,0,0,0,0,0,0,0,137,0,0,0,0,0,0,0,0,0,0,0,0,0,0,0,0,82,0,0,0,0,0,0,0,0,0,0,0,0,
0,0,0,0,0,0,0,0,0,0,0,0,0,0,0,0,0,0,0,0,0,0,0,102,0,0,0,0,0,0,0,0,0,0,0,0,0,0,0,0,0,0,0,0,0,0,0,0,0,0,0,0,0,0,0,0,0,82,0,0,0,0,0,0,0,0,0,0,0,0,
0,0,0,0,0,0,0,0,0,0,0,0,0,0,0,0,0,0,0,0,0,0,0,100,0,0,0,0,75,67,67,67,67,67,67,67,67,72,0,0,0,0,0,75,72,0,0,75,72,0,0,75,72,0,0,0,0,90,89,0,0,0,0,0,0,0,0,0,0,0,
0,0,0,0,0,0,0,0,0,0,0,0,0,0,0,0,0,0,0,0,0,0,0,100,0,0,0,0,74,101,101,101,101,101,101,101,101,73,0,0,0,0,0,66,100,0,0,66,100,0,0,66,100,0,0,0,0,0,121,0,0,0,0,0,0,0,0,0,0,0,
0,0,0,0,0,0,0,0,0,0,0,0,0,0,0,0,0,0,0,0,0,0,0,100,0,0,0,0,0,0,0,0,0,0,0,0,0,0,0,0,0,0,0,66,100,0,0,66,100,0,0,66,100,0,0,0,0,0,122,0,0,0,0,0,0,0,0,0,0,0,
0,0,0,0,0,0,0,0,0,0,0,0,0,0,0,0,0,0,0,0,0,0,0,100,0,0,0,0,0,0,0,0,0,0,0,0,0,0,0,0,0,0,0,66,100,0,0,66,100,0,0,66,100,0,0,0,0,0,122,0,0,0,0,0,0,0,0,0,0,0,
0,0,0,0,0,0,0,0,0,0,0,0,0,0,0,0,0,0,0,0,0,0,0,100,0,0,0,0,75,67,67,67,67,67,67,67,67,72,0,0,0,0,0,66,100,0,0,66,100,0,0,66,100,0,0,0,0,0,122,0,0,0,0,0,0,0,0,0,0,0,
0,0,0,0,0,0,0,0,0,0,0,0,0,0,0,0,0,0,0,0,0,0,0,100,0,0,0,0,74,101,101,101,101,101,101,101,101,73,0,0,0,0,0,66,100,0,0,66,100,0,0,66,100,0,0,0,0,0,122,0,0,0,0,0,0,0,0,0,0,0,
0,0,0,0,0,0,0,0,0,0,0,77,101,101,101,101,105,101,101,101,101,101,101,73,0,0,0,0,0,0,0,0,0,0,0,0,0,0,0,0,0,0,0,66,100,0,0,66,100,0,0,66,100,0,0,0,0,136,122,0,0,0,0,0,0,0,0,0,0,0,
0,0,0,0,0,0,0,0,0,0,0,100,0,0,0,0,0,0,0,0,0,0,0,0,0,0,0,0,0,0,0,0,0,0,0,0,0,0,0,0,0,0,0,66,100,0,0,66,100,0,0,66,100,0,0,0,0,0,122,0,0,0,0,0,0,0,0,0,0,0,
0,0,0,0,0,0,0,0,0,0,0,100,0,0,0,0,0,0,0,0,0,0,0,0,0,0,0,0,75,67,67,67,67,67,67,67,67,72,0,0,0,0,0,66,100,0,0,66,100,0,0,66,100,0,0,0,0,0,119,0,0,0,0,0,0,0,0,0,0,0,
0,0,0,0,0,0,0,0,0,0,0,100,0,0,0,0,0,0,0,0,0,0,0,0,0,0,0,0,74,101,101,101,101,101,101,101,101,73,0,0,0,0,0,74,73,0,0,74,73,0,0,74,73,0,0,0,0,0,121,0,0,0,0,0,0,0,0,0,0,0,
0,0,0,0,0,0,0,0,0,0,0,100,0,0,0,0,0,0,0,0,0,0,0,0,0,0,0,0,0,0,0,0,0,0,0,0,0,0,0,0,0,0,0,0,0,0,0,0,0,0,0,0,0,0,0,0,0,0,122,0,0,0,0,0,0,0,0,0,0,0,
0,0,0,0,0,0,0,0,0,0,0,102,0,0,0,0,75,67,67,67,67,67,72,0,0,0,0,0,0,0,0,0,0,0,0,0,0,0,0,0,0,0,0,0,0,0,0,0,0,0,0,0,0,0,0,0,0,136,122,0,0,0,0,0,0,0,0,0,0,0,
0,0,0,0,0,0,0,0,0,0,0,100,0,0,0,0,66,77,101,101,101,101,73,0,0,0,0,0,0,0,0,0,0,0,0,0,0,0,0,0,0,0,0,0,0,0,0,0,0,0,0,0,0,0,0,0,0,0,122,0,0,0,0,0,0,0,0,0,0,0,
0,0,0,0,0,0,0,0,0,0,0,100,0,0,0,0,66,100,0,0,0,0,0,0,0,0,0,0,0,0,0,0,0,0,0,0,0,0,0,0,0,0,0,0,0,0,0,0,0,0,0,0,0,0,0,0,0,0,122,0,0,0,0,0,0,0,0,0,0,0,
0,0,0,0,0,0,0,0,0,0,0,100,0,0,0,0,66,100,0,0,0,0,0,0,0,91,83,83,83,83,83,83,83,83,83,83,83,83,83,83,88,0,0,0,0,0,0,0,0,137,0,0,0,0,137,0,0,0,122,0,0,0,0,0,0,0,0,0,0,0,
0,0,0,0,0,0,0,0,0,0,0,100,0,0,0,0,66,100,0,0,148,0,0,0,0,90,89,0,0,0,0,0,0,0,0,0,0,0,0,0,89,120,123,118,0,0,0,120,123,123,123,118,120,123,123,123,123,123,125,0,0,0,0,0,0,0,0,0,0,0,
0,0,0,0,0,0,0,0,0,0,0,100,0,0,0,0,66,100,0,0,0,0,0,0,0,0,0,0,0,0,0,0,0,0,0,0,0,0,0,0,0,0,0,0,0,0,0,0,0,0,0,0,0,0,0,0,0,0,0,0,0,0,0,0,0,0,0,0,0,0,
0,0,0,0,0,0,0,0,0,0,0,100,0,0,0,0,66,100,0,0,0,0,0,0,0,0,0,0,0,0,0,0,0,0,0,0,0,0,0,0,0,0,0,0,0,0,0,0,0,0,0,0,0,0,0,0,0,0,0,0,0,0,0,0,0,0,0,0,0,0,
0,0,0,0,0,0,0,0,0,0,0,100,0,0,0,0,66,76,67,67,67,67,72,0,0,0,0,0,0,0,0,0,0,0,0,0,0,0,0,0,0,0,0,0,0,0,0,0,0,0,0,0,0,0,0,0,0,0,0,0,0,0,0,0,0,0,0,0,0,0,
0,0,77,101,101,101,101,101,101,101,101,73,0,0,0,0,74,101,101,101,101,101,73,0,0,0,0,0,0,0,0,0,0,0,0,0,0,0,0,0,0,0,0,0,0,0,0,0,0,0,0,0,0,0,0,0,0,0,0,0,0,0,0,0,0,0,0,0,0,0,
0,0,100,0,0,0,0,0,0,0,0,0,0,0,0,0,0,0,0,0,0,0,0,0,0,0,0,0,0,0,0,0,0,0,0,0,0,0,0,0,0,0,0,0,0,0,0,0,0,0,0,0,0,0,0,0,0,0,0,0,0,0,0,0,0,0,0,0,0,0,
0,0,100,0,0,0,0,0,0,0,0,0,0,0,0,0,0,0,0,0,0,0,0,0,0,0,0,0,0,0,0,0,0,0,0,0,0,0,0,0,0,0,0,0,0,0,0,0,0,0,0,0,0,0,0,0,0,0,0,0,0,0,0,0,0,0,0,0,0,0,
0,0,100,0,0,0,0,0,0,0,0,0,121,0,0,121,0,0,0,0,0,0,0,0,0,0,0,0,0,0,0,0,0,0,0,0,0,0,0,0,0,0,0,0,0,0,0,0,0,0,0,0,0,0,0,0,0,0,0,0,0,0,0,0,0,0,0,0,0,0,
0,0,98,0,0,0,0,0,0,0,0,0,122,0,0,122,0,0,0,0,0,0,0,0,0,0,0,0,0,0,0,0,0,0,0,0,0,0,0,0,0,0,0,0,0,0,0,0,0,0,0,0,0,0,0,0,0,0,0,0,0,0,0,0,0,0,0,0,0,0,
0,0,100,0,0,0,0,0,0,0,0,0,122,0,0,122,0,0,0,0,0,0,0,0,0,0,0,0,0,0,0,0,0,0,0,0,0,0,0,0,0,0,0,0,0,0,0,0,0,0,0,0,0,0,0,0,0,0,0,0,0,0,0,0,0,0,0,0,0,0,
0,0,100,0,0,0,0,0,0,0,0,0,122,0,0,122,0,0,0,0,0,0,0,0,0,0,0,0,0,0,0,0,0,0,0,0,0,0,0,0,0,0,0,0,0,0,0,0,0,0,0,0,0,0,0,0,0,0,0,0,0,0,0,0,0,0,0,0,0,0,
0,0,100,0,0,0,0,0,0,0,0,0,122,0,0,122,0,0,0,0,0,0,0,0,0,0,0,0,0,0,0,0,0,0,0,0,0,0,0,0,0,0,0,0,0,0,0,0,0,0,0,0,0,0,0,0,0,0,0,0,0,0,0,0,0,0,0,0,0,0,
0,0,98,0,0,0,0,0,0,0,0,0,122,0,0,122,0,0,0,0,0,0,0,0,0,0,0,0,0,0,0,0,0,0,0,0,0,0,0,0,0,0,0,0,0,0,0,0,0,0,0,0,0,0,0,0,0,0,0,0,0,0,0,0,0,0,0,0,0,0,
0,0,100,0,0,0,0,0,0,0,0,0,119,0,0,119,0,0,0,0,0,0,0,0,0,0,0,0,0,0,0,0,0,0,0,0,0,0,0,0,0,0,0,0,0,0,0,0,0,0,0,0,0,0,0,0,0,0,0,0,0,0,0,0,0,0,0,0,0,0,
0,0,100,0,0,0,0,0,0,0,0,0,0,0,0,0,0,0,0,0,0,0,0,0,0,0,0,0,0,0,0,0,0,0,0,0,0,0,0,0,0,0,0,0,0,0,0,0,0,0,0,0,0,0,0,0,0,0,0,0,0,0,0,0,0,0,0,0,0,0,
0,0,100,0,195,0,0,0,0,0,0,0,0,0,0,0,0,0,0,0,0,0,0,0,0,0,0,0,0,0,0,0,0,0,0,0,0,0,0,0,0,0,0,0,0,0,0,0,0,0,0,0,0,0,0,0,0,0,0,0,0,0,0,0,0,0,0,0,0,0,
0,0,104,0,194,0,0,0,0,0,0,0,0,0,0,0,0,0,0,0,0,0,0,0,0,0,0,0,0,0,0,0,0,0,0,0,0,0,0,0,0,0,0,0,0,0,0,0,0,0,0,0,0,0,0,0,0,0,0,0,0,0,0,0,0,0,0,0,0,0,
0,0,73,0,0,0,0,0,0,0,0,0,0,0,0,0,0,0,0,0,0,0,0,0,0,0,0,0,0,0,0,0,0,0,0,0,0,0,0,0,0,0,0,0,0,0,0,0,0,0,0,0,0,0,0,0,0,0,0,0,0,0,0,0,0,0,0,0,0,0,
0,0,0,0,0,0,0,0,0,0,0,0,0,0,0,0,0,0,0,0,0,0,0,0,0,0,0,0,0,0,0,0,0,0,0,0,0,0,0,0,0,0,0,0,0,0,0,0,0,0,0,0,0,0,0,0,0,0,0,0,0,0,0,0,0,0,0,0,0,0,
0,0,0,0,0,0,0,0,0,0,0,0,0,0,0,0,0,0,0,0,0,0,0,0,0,0,0,0,0,0,0,0,0,0,0,0,0,0,0,0,0,0,0,0,0,0,0,0,0,0,0,0,0,0,0,0,0,0,0,0,0,0,0,0,0,0,0,0,0,0,
0,0,0,0,0,0,0,0,0,0,0,0,0,0,0,0,0,0,0,0,0,0,0,0,0,0,0,0,0,0,0,0,0,0,0,0,0,0,0,0,0,0,0,0,0,0,0,0,0,0,0,0,0,0,0,0,0,0,0,0,0,0,0,0,0,0,0,0,0,0,
0,0,0,0,0,0,0,0,0,0,0,0,0,0,0,0,0,0,0,0,0,0,0,0,0,0,0,0,0,0,0,0,0,0,0,0,0,0,0,0,0,0,0,0,0,0,0,0,0,0,0,0,0,0,0,0,0,0,0,0,0,0,0,0,0,0,0,0,0,0,
0,0,0,0,0,0,0,0,0,0,0,0,0,0,0,0,0,0,0,0,0,0,0,0,0,0,0,0,0,0,0,0,0,0,0,0,0,0,0,0,0,0,0,0,0,145,0,0,0,0,0,0,0,0,0,0,0,0,0,0,0,0,0,0,0,0,0,0,0,0,
0,0,0,0,0,0,0,0,0,0,0,0,0,0,0,0,0,0,0,0,0,0,0,0,0,0,0,0,0,0,0,0,0,0,0,0,0,0,0,0,0,0,0,0,0,0,0,0,0,0,0,0,0,0,0,0,0,0,0,0,0,0,0,0,0,0,0,0,0,0,
0,0,0,0,0,0,0,0,0,0,0,0,0,0,0,0,0,0,0,0,0,0,0,0,0,0,0,0,0,0,0,0,0,0,0,0,0,0,0,0,0,0,0,0,0,0,0,0,0,0,0,0,0,0,0,0,0,0,0,0,0,0,0,0,0,0,0,0,0,0

[layer]
type=collision
data=
3,3,3,3,3,3,3,3,3,3,3,3,3,3,3,3,3,3,3,3,3,3,3,3,3,3,3,3,3,3,3,3,3,3,3,3,3,3,3,3,3,3,3,3,3,3,3,3,3,3,3,3,3,3,3,3,3,3,3,3,3,3,3,3,3,3,3,3,3,3,
3,3,3,3,3,3,3,3,3,3,3,3,3,3,3,3,3,3,3,3,3,3,3,3,3,3,3,3,3,3,3,3,3,3,3,3,3,3,3,3,3,3,3,3,3,3,3,3,3,3,3,3,3,3,3,3,3,3,3,3,3,3,3,3,3,3,3,3,3,3,
3,3,3,3,3,3,3,3,3,3,3,3,3,3,3,3,3,3,3,3,3,3,3,3,3,3,3,3,3,3,3,3,3,3,3,3,3,3,3,3,3,3,3,3,3,3,3,3,3,3,3,3,3,3,3,3,3,3,3,3,1,1,0,0,1,1,3,3,3,3,
3,3,3,3,3,3,3,3,3,3,3,3,3,3,3,3,3,3,3,3,3,3,3,3,3,3,3,3,3,3,3,3,3,3,3,3,3,3,3,3,3,3,3,3,3,3,3,3,3,3,3,3,3,3,3,3,3,3,3,3,1,0,0,0,0,1,3,3,3,3,
3,3,3,3,3,3,3,3,3,3,3,3,3,3,3,3,3,3,3,3,3,3,3,3,3,3,3,3,3,3,3,3,3,3,3,3,3,3,3,3,3,3,3,3,3,3,3,3,3,3,3,3,3,3,3,3,3,3,3,3,1,0,0,0,0,1,3,3,3,3,
3,3,3,3,3,3,3,3,3,3,3,3,3,3,3,3,3,3,3,3,3,3,3,3,3,3,3,3,3,3,3,3,3,3,3,3,3,3,3,3,3,3,3,3,3,3,3,3,3,3,3,3,3,3,3,3,3,3,3,3,1,0,0,0,0,1,3,3,3,3,
3,3,3,3,3,3,3,3,3,3,3,3,3,3,3,3,3,3,3,3,3,3,3,3,3,3,3,3,3,3,3,3,3,3,3,3,3,3,3,3,3,3,3,3,3,3,3,3,3,3,3,3,3,3,3,3,3,3,3,3,1,0,0,0,0,1,3,3,3,3,
3,3,3,3,3,3,3,3,3,3,3,3,3,3,3,3,3,3,3,3,3,3,3,3,3,3,3,3,3,3,3,3,3,3,3,3,3,3,3,3,3,3,3,3,3,3,3,3,3,3,3,3,3,3,3,3,3,3,3,3,1,2,0,0,2,1,3,3,3,3,
3,3,3,3,3,3,3,3,3,3,3,3,3,3,3,3,3,3,3,3,3,3,3,3,3,3,3,3,3,3,3,3,3,3,3,3,3,3,3,3,3,3,3,3,3,3,3,3,3,3,3,3,3,3,3,3,3,3,3,3,1,0,0,0,0,1,3,3,3,3,
3,3,3,3,3,3,3,3,3,3,3,3,3,3,3,3,3,3,3,3,3,3,3,3,3,3,3,3,3,3,3,3,3,3,3,3,3,3,3,3,3,3,3,3,3,3,3,3,3,3,3,3,3,3,3,3,3,3,3,3,1,0,0,0,0,1,3,3,3,3,
3,3,3,3,3,3,3,3,3,3,3,3,3,3,3,3,3,3,3,3,3,3,3,3,3,3,3,3,3,3,3,3,3,3,3,3,3,3,3,3,3,3,3,3,3,3,3,3,3,3,3,3,3,3,3,3,3,3,3,3,1,0,0,0,0,1,3,3,3,3,
3,3,3,3,3,3,3,3,3,3,3,3,3,3,3,3,3,3,3,3,3,3,3,3,3,3,3,3,3,3,3,3,3,3,3,3,3,3,3,3,3,3,3,3,3,3,3,3,3,3,3,3,3,3,3,3,3,3,3,3,1,0,0,0,0,1,3,3,3,3,
3,3,3,3,3,3,3,3,3,3,3,3,3,3,3,3,3,3,3,3,3,3,3,3,3,3,3,3,3,3,3,3,3,3,3,3,3,3,3,3,3,3,3,3,3,3,3,3,3,3,3,3,3,3,3,3,3,3,3,1,1,0,0,0,0,1,1,3,3,3,
3,3,3,3,3,3,3,3,3,3,3,3,3,3,3,3,3,3,3,3,3,3,3,3,3,3,3,3,3,3,3,3,3,3,3,3,3,3,3,3,3,3,3,3,3,3,3,3,3,3,3,3,3,3,3,3,3,3,3,1,0,0,0,0,0,0,1,3,3,3,
3,3,3,3,3,3,3,3,3,3,3,3,3,3,3,3,3,3,3,3,3,3,3,3,3,3,3,3,3,3,3,3,3,3,3,3,3,3,3,3,3,3,3,3,3,3,3,3,3,3,3,3,3,3,3,3,3,3,3,1,0,0,0,0,0,0,1,3,3,3,
3,3,3,3,3,3,3,3,3,3,3,3,3,3,3,3,3,3,3,3,3,3,3,3,3,3,3,3,3,3,3,3,3,3,3,3,3,3,3,3,3,3,3,3,3,3,3,3,3,3,3,3,3,3,3,3,3,3,3,1,0,0,0,0,0,0,1,3,3,3,
3,3,3,3,3,3,3,3,3,3,3,3,3,3,3,3,3,3,3,3,3,3,3,3,3,3,3,3,3,3,3,3,3,3,3,3,3,3,3,3,3,3,3,3,3,3,3,3,3,3,3,3,3,3,3,3,3,3,3,1,0,0,0,0,0,0,1,3,3,3,
3,3,3,3,3,3,3,3,3,3,3,3,3,3,3,3,3,3,3,3,3,3,3,3,3,3,3,3,3,3,3,3,3,3,3,3,3,3,3,3,3,3,3,3,3,3,3,3,3,3,3,3,3,3,3,3,3,3,3,1,1,0,0,0,0,1,1,3,3,3,
3,3,3,3,3,3,3,3,3,3,3,3,3,3,3,3,3,3,3,3,3,3,3,3,3,3,3,3,3,3,3,3,3,3,3,3,3,3,3,3,3,3,3,3,3,3,3,3,3,3,3,3,3,3,3,3,3,3,3,3,1,0,0,0,0,1,3,3,3,3,
3,3,3,3,3,3,3,3,3,3,3,3,3,3,3,3,3,3,3,3,3,3,3,3,3,3,3,3,3,3,3,3,3,3,3,3,3,3,3,3,3,3,3,3,3,3,3,3,3,3,3,3,3,3,3,3,3,3,3,3,1,0,0,0,0,1,3,3,3,3,
3,3,3,3,3,3,3,3,3,3,3,3,3,1,1,1,1,1,1,1,1,1,1,1,1,1,1,1,1,1,1,1,1,1,1,1,1,1,1,1,3,3,3,3,3,3,3,3,3,3,3,3,3,3,3,3,3,3,3,3,1,0,0,0,0,1,3,3,3,3,
3,3,3,3,3,3,3,3,3,3,3,3,3,1,0,0,0,0,0,0,0,0,0,0,0,0,0,0,0,0,0,0,0,0,0,0,0,0,0,1,3,3,3,3,3,3,3,3,3,3,3,3,3,3,3,3,3,3,3,3,1,2,0,0,2,1,3,3,3,3,
3,3,3,3,3,3,3,3,3,3,3,3,3,1,0,0,0,0,0,0,0,0,0,0,0,2,0,0,2,0,0,2,0,0,0,0,0,0,0,1,3,3,3,3,3,3,3,3,3,3,3,3,3,3,3,3,3,3,3,3,1,0,0,0,0,1,3,3,3,3,
3,3,3,3,3,3,3,3,3,3,3,3,3,1,0,0,0,0,1,1,0,0,1,1,0,0,0,0,0,0,0,0,0,0,0,0,0,0,0,1,3,3,3,3,3,3,3,3,3,3,3,3,3,3,3,3,3,3,3,3,1,0,0,0,0,1,3,3,3,3,
3,3,3,3,3,3,3,3,3,3,3,3,3,1,0,0,0,0,1,1,0,0,1,1,0,0,0,0,0,0,0,0,0,0,0,0,0,0,0,1,3,3,3,3,3,3,3,3,1,1,1,1,1,1,3,3,3,3,3,3,1,0,0,0,0,1,3,3,3,3,
3,3,3,3,3,3,3,3,3,3,3,3,3,1,2,0,0,0,1,1,0,0,1,1,0,0,0,0,0,0,0,0,0,0,0,0,0,0,0,1,1,1,1,1,1,1,1,1,1,0,0,0,0,1,1,1,1,1,1,1,1,0,0,0,0,1,1,1,3,3,
3,3,3,3,3,3,3,3,3,3,3,3,3,1,0,0,0,0,1,1,0,0,1,1,0,0,0,0,0,0,0,0,0,0,0,0,0,0,0,0,0,0,0,0,2,0,0,0,0,0,0,0,0,0,0,0,0,2,0,0,0,0,0,0,0,0,0,1,3,3,
3,3,3,3,3,3,3,3,3,3,3,3,3,1,0,0,0,0,1,1,0,0,1,1,0,0,1,1,1,1,1,1,1,1,0,0,0,0,0,0,0,0,0,0,0,0,0,0,0,0,0,0,0,0,0,0,0,0,0,0,0,0,0,0,0,0,0,1,3,3,
3,3,3,3,3,3,3,3,3,3,3,3,3,1,0,0,0,0,1,1,0,0,1,1,0,0,1,1,1,1,1,1,1,1,0,0,0,0,0,0,0,0,0,0,0,0,0,0,0,0,0,0,0,0,0,0,0,0,0,0,0,0,0,0,0,0,0,1,3,3,
3,3,3,3,3,3,3,3,3,3,3,3,3,1,0,0,0,0,1,1,0,0,0,0,0,0,0,0,0,0,0,0,0,0,0,0,0,0,0,0,0,0,0,0,2,0,0,0,0,0,0,0,0,0,0,0,0,2,0,0,0,0,0,0,0,0,0,1,3,3,
3,3,3,3,3,3,3,3,3,3,3,3,3,1,0,0,0,0,1,1,0,0,0,0,0,0,0,0,0,0,0,0,0,0,0,0,0,0,0,0,0,0,0,1,1,1,1,1,1,0,0,0,0,1,1,1,1,1,1,1,1,1,1,1,1,1,1,1,3,3,
3,3,3,3,3,3,3,3,3,3,3,3,3,1,0,0,0,0,0,0,0,0,2,0,0,0,1,1,1,1,1,1,1,1,0,0,0,0,0,0,0,0,0,1,3,3,3,3,1,1,1,1,1,1,3,3,3,3,3,3,3,3,3,3,3,3,3,3,3,3,
3,3,3,3,3,3,3,3,3,3,3,3,3,1,0,0,0,0,0,0,0,0,0,0,0,0,1,1,1,1,1,1,1,1,0,0,0,0,0,0,0,0,0,1,3,3,3,3,3,3,3,3,3,3,3,3,3,3,3,3,3,3,3,3,3,3,3,3,3,3,
3,3,3,3,3,3,3,3,3,3,3,3,3,1,0,0,0,0,1,1,0,0,0,0,0,0,0,0,0,0,0,0,0,0,0,0,0,0,0,0,0,0,0,1,3,3,3,3,3,3,3,3,3,3,3,3,3,3,3,3,3,3,3,3,3,3,3,3,3,3,
3,3,3,3,3,3,3,3,3,3,3,3,3,1,0,0,0,0,1,1,0,0,0,0,0,0,0,0,0,0,0,0,0,0,0,0,0,0,0,0,0,0,0,1,3,3,3,3,3,3,3,3,3,3,3,3,3,3,3,3,3,3,3,3,3,3,3,3,3,3,
3,3,3,3,3,3,3,3,3,3,3,3,3,1,0,0,0,0,1,1,0,0,1,1,0,0,1,1,1,1,1,1,1,1,0,0,0,0,0,0,0,0,0,1,3,3,3,3,3,3,3,3,3,3,3,3,3,3,3,3,3,3,3,3,3,3,3,3,3,3,
3,3,3,3,3,3,3,3,3,3,3,3,3,1,2,0,0,0,1,1,0,0,1,1,0,0,1,1,1,1,1,1,1,1,0,0,0,0,0,0,0,0,0,1,3,3,3,3,3,3,3,3,3,3,3,3,3,3,3,3,3,3,3,3,3,3,3,3,3,3,
3,3,3,3,3,3,3,3,3,3,3,3,3,1,0,0,0,0,1,1,0,0,1,1,0,0,0,0,0,0,0,0,0,0,0,0,0,0,0,0,0,0,0,1,3,3,3,3,3,3,3,3,3,3,3,3,3,3,3,3,3,3,3,3,3,3,3,3,3,3,
3,3,3,3,3,3,3,3,3,3,3,3,3,1,0,0,0,0,1,1,0,0,1,1,0,0,0,0,0,0,0,0,0,0,0,0,0,0,0,0,0,0,0,1,3,3,3,3,3,3,3,3,3,3,3,3,3,3,3,3,3,3,3,3,3,3,3,3,3,3,
3,3,3,3,3,3,3,3,3,3,3,3,3,1,0,0,0,0,1,1,0,0,1,1,0,0,1,1,1,1,1,1,1,1,0,0,0,0,0,0,0,0,0,1,3,3,3,3,3,3,3,3,3,3,3,3,3,3,3,3,3,3,3,3,3,3,3,3,3,3,
3,3,3,3,3,3,3,3,3,3,3,3,3,1,0,0,0,0,1,1,0,0,1,1,0,0,1,1,1,1,1,1,1,1,0,0,0,0,0,0,0,0,0,1,1,1,1,1,1,1,1,1,1,1,1,1,1,1,3,3,3,3,3,3,3,3,3,3,3,3,
3,3,3,3,3,3,3,3,3,3,3,3,3,1,0,0,0,0,0,0,0,0,0,0,0,0,0,0,0,0,0,0,0,0,0,0,0,0,0,0,0,0,0,0,0,0,0,0,0,0,0,0,0,0,0,0,0,1,3,3,3,3,3,3,3,3,3,3,3,3,
3,3,3,3,3,3,3,3,3,3,3,3,3,1,0,0,0,0,0,0,0,0,0,0,0,0,0,0,0,0,0,0,0,0,0,0,0,0,0,0,0,0,0,0,0,0,0,0,0,0,0,0,0,0,0,0,0,1,3,3,3,3,3,3,3,3,3,3,3,3,
3,3,3,3,3,3,3,3,3,3,3,3,3,1,0,0,1,1,1,1,1,1,1,1,0,0,0,0,0,0,0,0,0,0,0,0,0,0,0,0,0,0,0,0,0,0,0,0,0,0,0,0,0,0,0,0,0,1,3,3,3,3,3,3,3,3,3,3,3,3,
3,3,3,3,3,3,3,3,3,3,3,3,3,1,0,0,1,3,3,3,3,3,3,1,0,0,0,0,0,0,0,0,0,0,0,0,0,0,0,0,0,0,0,0,0,0,0,0,0,0,0,0,0,0,0,0,0,1,3,3,3,3,3,3,3,3,3,3,3,3,
3,3,3,3,3,3,3,3,3,1,1,1,1,1,0,0,1,3,3,3,3,3,3,1,0,0,0,0,1,1,0,0,1,1,0,0,1,1,0,0,0,0,0,1,1,1,1,1,1,1,1,1,1,0,0,0,0,1,3,3,3,3,3,3,3,3,3,3,3,3,
3,3,3,3,3,3,3,3,3,1,0,2,0,0,0,0,1,3,3,3,3,3,3,1,0,0,0,0,1,1,0,0,1,1,0,0,1,1,0,0,0,0,0,1,1,1,1,1,1,1,1,1,1,0,0,0,0,1,3,3,3,3,3,3,3,3,3,3,3,3,
3,3,3,3,3,3,3,3,3,1,2,0,0,0,0,0,1,3,3,3,3,3,3,1,0,0,0,0,1,1,0,0,1,1,0,0,1,1,0,0,0,0,0,0,0,0,0,0,0,0,0,0,0,0,0,0,0,1,3,3,3,3,3,3,3,3,3,3,3,3,
3,3,3,3,3,3,3,3,3,1,2,0,0,0,0,0,1,3,3,3,3,3,3,1,0,0,0,0,1,1,0,0,1,1,0,0,1,1,0,0,0,0,0,0,0,0,0,0,0,0,0,0,0,0,0,0,0,1,3,3,3,3,3,3,3,3,3,3,3,3,
3,3,3,3,3,3,3,3,3,1,2,0,2,2,0,2,1,3,3,3,3,3,3,1,0,0,0,0,1,1,0,0,1,1,0,0,1,1,0,0,0,0,0,1,1,1,1,1,1,1,1,1,1,0,0,0,0,1,3,3,3,3,3,3,3,3,3,3,3,3,
3,3,3,3,3,3,3,3,3,1,1,1,1,1,1,1,1,3,3,3,3,3,3,1,0,0,0,0,1,1,0,0,1,1,0,0,1,1,0,0,0,0,0,1,1,1,1,1,1,1,1,1,1,0,0,0,0,1,3,3,3,3,3,3,3,3,3,3,3,3,
3,3,3,3,3,3,3,3,3,3,3,3,3,3,3,3,3,3,3,3,3,3,3,1,0,0,0,0,1,1,0,0,1,1,0,0,1,1,0,0,0,0,0,0,0,0,0,0,0,0,0,0,0,0,0,0,0,1,3,3,3,3,3,3,3,3,3,3,3,3,
3,3,3,3,3,3,3,3,3,3,3,3,3,3,3,3,3,3,3,3,3,3,3,1,0,0,0,0,1,1,0,0,1,1,0,0,1,1,0,0,0,0,0,0,0,0,0,0,0,0,0,0,0,0,0,0,0,1,3,3,3,3,3,3,3,3,3,3,3,3,
3,3,3,3,3,3,3,3,3,3,3,3,3,3,3,3,3,3,3,3,3,3,3,1,0,0,0,0,1,1,0,0,1,1,0,0,1,1,0,0,0,0,0,1,1,1,1,1,1,1,1,1,1,0,0,0,0,1,3,3,3,3,3,3,3,3,3,3,3,3,
3,3,3,3,3,3,3,3,3,3,3,3,3,3,3,3,3,3,3,3,3,3,3,1,0,0,0,0,1,1,0,0,1,1,0,0,1,1,0,0,0,0,0,1,1,1,1,1,1,1,1,1,1,0,0,0,0,1,3,3,3,3,3,3,3,3,3,3,3,3,
3,3,3,3,3,3,3,3,3,3,3,3,3,3,3,3,3,3,3,3,3,3,3,1,0,0,0,0,0,0,0,0,0,0,0,0,0,0,0,0,0,0,0,0,0,0,0,0,0,0,0,0,0,0,0,0,0,1,3,3,3,3,3,3,3,3,3,3,3,3,
3,3,3,3,3,3,3,3,3,3,3,3,3,3,3,3,3,3,3,3,3,3,3,1,0,0,0,0,0,0,0,0,0,0,0,0,0,0,0,0,2,0,0,0,0,0,0,0,0,0,0,0,0,0,0,0,0,1,3,3,3,3,3,3,3,3,3,3,3,3,
3,3,3,3,3,3,3,3,3,3,3,3,3,3,3,3,3,3,3,3,3,3,3,1,0,0,0,0,0,0,0,0,0,0,0,0,0,0,0,2,1,2,0,0,0,0,0,0,0,0,0,0,0,0,0,0,0,1,3,3,3,3,3,3,3,3,3,3,3,3,
3,3,3,3,3,3,3,3,3,3,3,3,3,3,3,3,3,3,3,3,3,3,3,1,0,0,0,0,0,0,0,0,0,0,0,0,0,0,0,0,2,0,0,0,0,0,0,0,0,0,0,0,0,0,0,0,0,1,4,4,4,4,4,4,4,4,4,4,4,3,
3,3,3,3,3,3,3,3,3,3,3,3,3,3,3,3,3,3,3,3,3,3,3,1,0,0,0,0,0,0,0,0,0,0,0,0,0,0,0,0,0,0,0,0,0,0,0,0,0,0,0,0,0,0,0,0,0,1,4,4,4,4,4,4,4,4,4,4,4,3,
3,3,3,3,3,3,3,3,3,3,3,3,3,3,3,3,3,3,3,3,3,3,3,1,0,0,0,0,1,1,1,1,1,1,1,1,1,1,0,0,0,0,0,1,1,0,0,1,1,0,0,1,1,0,0,0,0,1,1,4,4,4,4,4,4,4,4,4,4,3,
3,3,3,3,3,3,3,3,3,3,3,3,3,3,3,3,3,3,3,3,3,3,3,1,0,0,0,0,1,1,1,1,1,1,1,1,1,1,0,0,0,0,0,1,1,0,0,1,1,0,0,1,1,0,0,0,0,0,2,4,4,4,4,4,4,4,4,4,4,3,
3,3,3,3,3,3,3,3,3,3,3,3,3,3,3,3,3,3,3,3,3,3,3,1,0,0,0,0,0,0,0,0,0,0,0,0,0,0,0,0,0,0,0,1,1,0,0,1,1,0,0,1,1,0,0,0,0,0,2,4,4,4,4,4,4,4,4,4,4,3,
3,3,3,3,3,3,3,3,3,3,3,3,3,3,3,3,3,3,3,3,3,3,3,1,0,0,0,0,0,0,0,0,0,0,0,0,0,0,0,0,0,0,0,1,1,0,0,1,1,0,0,1,1,0,0,0,0,0,2,4,4,4,4,4,4,4,4,4,4,3,
3,3,3,3,3,3,3,3,3,3,3,3,3,3,3,3,3,3,3,3,3,3,3,1,0,0,0,0,1,1,1,1,1,1,1,1,1,1,0,0,0,0,0,1,1,0,0,1,1,0,0,1,1,0,0,0,0,0,2,4,4,4,4,4,4,4,4,4,4,3,
3,3,3,3,3,3,3,3,3,3,3,3,3,3,3,3,3,3,3,3,3,3,3,1,0,0,0,0,1,1,1,1,1,1,1,1,1,1,0,0,0,0,0,1,1,0,0,1,1,0,0,1,1,0,0,0,0,0,2,4,4,4,4,4,4,4,4,4,4,3,
3,3,3,3,3,3,3,3,3,3,3,1,1,1,1,1,1,1,1,1,1,1,1,1,0,0,0,0,0,0,0,0,0,0,0,0,0,0,0,0,0,0,0,1,1,0,0,1,1,0,0,1,1,0,0,0,0,2,2,4,4,4,4,4,4,4,4,4,4,3,
3,3,3,3,3,3,3,3,3,3,3,1,0,0,0,0,0,0,0,0,0,0,0,0,0,0,0,0,0,0,0,0,0,0,0,0,0,0,0,0,0,0,0,1,1,0,0,1,1,0,0,1,1,0,0,0,0,0,2,4,4,4,4,4,4,4,4,4,4,3,
3,3,3,3,3,3,3,3,3,3,3,1,0,0,0,0,0,0,0,0,0,0,0,0,0,0,0,0,1,1,1,1,1,1,1,1,1,1,0,0,0,0,0,1,1,0,0,1,1,0,0,1,1,0,0,0,0,0,2,4,4,4,4,4,4,4,4,4,4,3,
3,3,3,3,3,3,3,3,3,3,3,1,0,0,0,0,0,0,0,0,0,0,0,0,0,0,0,0,1,1,1,1,1,1,1,1,1,1,0,0,0,0,0,1,1,0,0,1,1,0,0,1,1,0,0,0,0,0,2,4,4,4,4,4,4,4,4,4,4,3,
3,3,3,3,3,3,3,3,3,3,3,1,0,0,0,0,0,0,0,0,0,0,0,0,0,0,0,0,0,0,0,0,0,0,0,0,0,0,0,0,0,0,0,0,0,0,0,0,0,0,0,0,0,0,0,0,0,0,2,4,4,4,4,4,4,4,4,4,4,3,
3,3,3,3,3,3,3,3,3,3,3,1,0,0,0,0,1,1,1,1,1,1,1,0,0,0,0,0,0,0,0,0,0,0,0,0,0,0,0,0,0,0,0,0,0,0,0,0,0,0,0,0,0,0,0,0,0,2,2,4,4,4,4,4,4,4,4,4,4,3,
3,3,3,3,3,3,3,3,3,3,3,1,0,0,0,0,1,1,1,1,1,1,1,0,0,0,0,0,0,0,0,0,0,0,0,0,0,0,0,0,0,0,0,0,0,0,0,0,0,0,0,0,0,0,0,0,0,0,2,4,4,4,4,4,4,4,4,4,4,3,
3,3,3,3,3,3,3,3,3,3,3,1,0,0,0,0,1,1,0,0,0,0,0,0,0,0,0,0,0,0,0,0,0,0,0,0,0,0,0,0,0,0,0,0,0,0,0,0,0,0,0,0,0,0,0,0,0,0,2,4,4,4,4,4,4,4,4,4,4,3,
3,3,3,3,3,3,3,3,3,3,3,1,0,0,0,0,1,1,0,0,0,0,0,0,0,1,1,1,1,1,1,1,1,1,1,1,1,1,1,1,1,0,0,0,0,0,0,0,0,2,0,0,0,0,2,0,0,0,2,4,4,4,4,4,4,4,4,4,4,3,
3,3,3,3,3,3,3,3,3,3,3,1,0,0,0,0,1,1,0,0,2,0,0,0,0,1,1,2,4,4,4,4,4,4,4,4,4,4,4,4,1,2,2,2,0,0,0,2,2,2,2,2,2,2,2,2,2,2,2,4,4,4,4,4,4,4,4,4,4,3,
3,3,3,3,3,3,3,3,3,3,3,1,0,0,0,0,1,1,0,0,0,0,0,0,0,0,0,2,4,4,4,4,4,4,4,4,4,4,4,4,4,4,4,2,0,0,0,2,4,4,4,4,4,4,4,4,4,4,4,4,4,4,4,4,4,4,4,4,4,3,
3,3,3,3,3,3,3,3,3,3,3,1,0,0,0,0,1,1,0,0,0,0,0,0,0,0,0,2,4,4,4,4,4,4,4,4,4,4,4,4,4,4,4,2,0,0,0,2,4,4,4,4,4,4,4,4,4,4,4,4,4,4,4,4,4,4,4,4,4,3,
3,3,3,3,3,3,3,3,3,3,3,1,0,0,0,0,1,1,1,1,1,1,1,0,0,0,0,2,4,4,4,4,4,4,4,4,4,4,4,4,4,4,4,2,0,0,0,2,4,4,4,4,4,4,4,4,4,4,4,4,4,4,4,4,4,4,4,4,4,3,
3,3,1,1,1,1,1,1,1,1,1,1,0,0,0,0,1,1,1,1,1,1,1,0,0,0,0,2,4,4,4,4,4,4,4,4,4,4,4,4,4,4,4,2,0,0,0,2,4,4,4,4,4,4,4,4,4,4,4,4,4,4,4,4,4,4,4,4,4,3,
3,3,1,0,0,0,0,0,0,0,0,0,0,0,0,0,0,0,0,0,0,0,0,0,0,0,0,2,4,4,4,4,4,4,4,4,4,4,4,4,4,4,4,2,0,0,0,2,4,4,4,4,4,4,4,4,4,4,4,4,4,4,4,4,4,4,4,4,4,3,
3,3,1,0,0,0,0,0,0,0,0,0,0,0,0,0,0,0,0,0,0,0,0,0,0,0,0,2,4,4,4,4,4,4,4,4,4,4,4,4,4,4,4,2,0,0,0,2,4,4,4,4,4,4,4,4,4,4,4,4,4,4,4,4,4,4,4,4,4,3,
3,3,1,0,0,2,2,2,2,2,2,2,2,0,0,2,2,2,2,2,2,2,2,0,0,0,0,2,4,4,4,4,4,4,4,4,4,4,4,4,4,4,4,2,0,0,0,2,4,4,4,4,4,4,4,4,4,4,4,4,4,4,4,4,4,4,4,4,4,3,
3,3,1,0,0,2,2,2,2,2,2,2,2,0,0,2,2,2,2,2,2,2,2,0,0,0,0,2,4,4,4,4,4,4,4,4,4,4,4,4,4,4,4,2,0,0,0,2,4,4,4,4,4,4,4,4,4,4,4,4,4,4,4,4,4,4,4,4,4,3,
3,3,1,0,0,2,2,2,2,2,2,2,2,0,0,2,2,2,2,2,2,2,2,0,0,0,0,2,4,4,4,4,4,4,4,4,4,4,4,4,4,4,4,2,0,0,0,2,4,4,4,4,4,4,4,4,4,4,4,4,4,4,4,4,4,4,4,4,4,3,
3,3,1,0,0,2,2,2,2,2,2,2,2,0,0,2,2,2,2,2,2,2,2,0,0,0,0,2,4,4,4,4,4,4,4,4,4,4,4,4,4,4,4,2,0,0,0,2,4,4,4,4,4,4,4,4,4,4,4,4,4,4,4,4,4,4,4,4,4,3,
3,3,1,0,0,2,2,2,2,2,2,2,2,0,0,2,2,2,2,2,2,2,2,0,0,0,0,2,4,4,4,4,4,4,4,4,4,4,4,4,4,4,4,2,0,0,0,2,4,4,4,4,4,4,4,4,4,4,4,4,4,4,4,4,4,4,4,4,4,3,
3,3,1,0,0,2,2,2,2,2,2,2,2,0,0,2,2,2,2,2,2,2,2,0,0,0,0,2,4,4,4,4,4,4,4,4,4,4,4,4,4,4,4,2,0,0,0,2,4,4,4,4,4,4,4,4,4,4,4,4,4,4,4,4,4,4,4,4,4,3,
3,3,1,0,0,2,2,2,2,2,2,2,2,0,0,2,2,2,2,2,2,2,2,0,0,0,0,2,4,4,4,4,4,4,4,4,4,4,4,4,4,4,4,2,0,0,0,2,4,4,4,4,4,4,4,4,4,4,4,4,4,4,4,4,4,4,4,4,4,3,
3,3,1,0,0,0,0,0,0,0,0,0,0,0,0,0,0,0,0,0,0,0,0,0,0,0,0,2,4,4,4,4,4,4,4,4,4,4,4,4,4,4,4,2,0,0,0,2,4,4,4,4,4,4,4,4,4,4,4,4,4,4,4,4,4,4,4,4,4,3,
3,3,1,0,2,0,0,0,0,0,0,0,0,0,0,0,0,0,0,0,0,0,0,0,0,0,0,2,4,4,4,4,4,4,4,4,4,4,4,4,4,4,4,2,2,2,2,2,4,4,4,4,4,4,4,4,4,4,4,4,4,4,4,4,4,4,4,4,4,3,
3,3,1,0,2,0,0,0,0,0,0,0,0,0,0,0,0,0,0,0,0,0,0,0,0,0,0,2,4,4,4,4,4,4,4,4,4,4,4,4,4,4,4,4,4,4,4,4,4,4,4,4,4,4,4,4,4,4,4,4,4,4,4,4,4,4,4,4,4,3,
3,3,1,0,0,0,0,0,0,0,0,0,0,0,0,0,0,0,0,0,0,0,0,0,0,0,0,2,4,4,4,4,4,4,4,4,4,4,4,4,4,4,4,4,4,4,4,4,4,4,4,4,4,4,4,4,4,4,4,4,4,4,4,4,4,4,4,4,4,3,
3,4,2,2,2,2,2,2,2,2,2,2,2,2,2,2,2,2,2,2,2,2,2,2,2,2,2,2,4,4,4,4,4,4,4,4,4,4,4,4,4,4,4,4,4,4,4,4,4,4,4,4,4,4,4,4,4,4,4,4,4,4,4,4,4,4,4,4,4,3,
3,4,4,4,4,4,4,4,4,4,4,4,4,4,4,4,4,4,4,4,4,4,4,4,4,4,4,4,4,4,4,4,4,4,4,4,4,4,4,4,4,4,4,4,4,4,4,4,4,4,4,4,4,4,4,4,4,4,4,4,4,4,4,4,4,4,4,4,4,3,
3,4,4,4,4,4,4,4,4,4,4,4,4,4,4,4,4,4,4,4,4,4,4,4,4,4,4,4,4,4,4,4,4,4,4,4,4,4,4,4,4,4,4,2,2,2,2,2,4,4,4,4,4,4,4,4,4,4,4,4,4,4,4,4,4,4,4,4,4,3,
3,4,4,4,4,4,4,4,4,4,4,4,4,4,4,4,4,4,4,4,4,4,4,4,4,4,4,4,4,4,4,4,4,4,4,4,4,4,4,4,4,4,4,2,0,0,0,2,4,4,4,4,4,4,4,4,4,4,4,4,4,4,4,4,4,4,4,4,4,3,
3,4,4,4,4,4,4,4,4,4,4,4,4,4,4,4,4,4,4,4,4,4,4,4,4,4,4,4,4,4,4,4,4,4,4,4,4,4,4,4,4,4,4,2,0,2,0,2,4,4,4,4,4,4,4,4,4,4,4,4,4,4,4,4,4,4,4,4,4,3,
3,4,4,4,4,4,4,4,4,4,4,4,4,4,4,4,4,4,4,4,4,4,4,4,4,4,4,4,4,4,4,4,4,4,4,4,4,4,4,4,4,4,4,2,0,0,0,2,4,4,4,4,4,4,4,4,4,4,4,4,4,4,4,4,4,4,4,4,4,3,
3,3,3,3,3,3,3,3,3,3,3,3,3,3,3,3,3,3,3,3,3,3,3,3,3,3,3,3,3,3,3,3,3,3,3,3,3,3,3,3,3,3,3,2,2,2,2,2,3,3,3,3,3,3,3,3,3,3,3,3,3,3,3,3,3,3,3,3,3,3

[event]
type=teleport
location=62,2,2,1
intermap=averguard_atrium.txt,9,57

[event]
# bookstand
type=run_once
location=31,22,1,1
hotspot=location
mapmod=object,31,22,165
msg="Some say the Averguard Academy is the greatest collection of knowledge within the empire."
soundfx=soundfx/inventory/inventory_page.ogg
tooltip=Book Stand

[event]
# bookstand
type=run_once
location=28,22,1,1
hotspot=location
mapmod=object,28,22,165
msg="Professor Langlier is High Sage of the Averguard.  Several volumes kept here are his own writings."
soundfx=soundfx/inventory/inventory_page.ogg
tooltip=Book Stand

[event]
# bookstand
type=run_once
location=25,22,1,1
hotspot=location
mapmod=object,25,22,165
msg="The Academy is only open to oathkeeping members of the Averguard.  Few others know of its existence."
soundfx=soundfx/inventory/inventory_page.ogg
tooltip=Book Stand

[event]
# bookstand
type=run_once
location=22,31,1,1
hotspot=location
mapmod=object,22,31,164
msg="The peasants could not be trusted with literacy.  Most gave up their books without incident."
soundfx=soundfx/inventory/inventory_page.ogg
tooltip=Book Stand

[event]
# bookstand
type=run_once
location=20,75,1,1
hotspot=location
loot=id,21,75,2
mapmod=object,20,75,164
msg=This false book has a secret compartment.
soundfx=soundfx/inventory/inventory_page.ogg
tooltip=Book Stand

[event]
# barrel
type=run_once
location=10,49,1,1
hotspot=location
mapmod=object,10,49,162
soundfx=soundfx/wood_open.ogg
tooltip=Barrel

[event]
# barrel
type=run_once
location=10,48,1,1
hotspot=location
loot=random,11,48,1
mapmod=object,10,48,162
soundfx=soundfx/wood_open.ogg
tooltip=Barrel

[event]
# barrel
type=run_once
location=10,47,1,1
hotspot=location
mapmod=object,10,47,162
soundfx=soundfx/wood_open.ogg
tooltip=Barrel

[event]
# barrel
type=run_once
location=12,49,1,1
hotspot=location
mapmod=object,12,49,162
soundfx=soundfx/wood_open.ogg
tooltip=Barrel

[event]
# crate
type=run_once
location=11,46,1,1
hotspot=location
loot=random,12,46,1
mapmod=object,11,46,163
soundfx=soundfx/wood_open.ogg
tooltip=Crate

[event]
# crate
type=run_once
location=13,49,1,1
hotspot=location
mapmod=object,13,49,163
soundfx=soundfx/wood_open.ogg
tooltip=Crate

[event]
# crate
type=run_once
location=15,49,1,1
hotspot=location
loot=random,14,48,1
mapmod=object,15,49,163
soundfx=soundfx/wood_open.ogg
tooltip=Crate

[event]
# boss tomb
type=run_once
location=3,88,5,5
msg=This tomb glows with magical runes.

[event]
# boss tomb
type=run_once
location=4,90,1,2
hotspot=location
loot=random,5,91,6
tooltip=Langlier's Tomb

[event]
# teleport chest
type=run_once
location=45,97,1,1
hotspot=location
loot=random,45,98,7
mapmod=object,45,97,161
tooltip=Treasure Chest

[enemy]
# entrance guards
type=skeletal_mage
location=60,14,1,1
direction=3

[enemy]
type=skeletal_mage
location=65,14,1,1
direction=3

[enemy]
type=zombie_rotting
location=50,25,1,1

[enemy]
type=zombie
location=50,30,1,1

[enemy]
# guards teleport chest
type=zombie
location=45,85,1,1

[enemy]
type=professor_langlier
location=5,91,1,1
direction=1

[enemygroup]
type=undead
location=58,23,9,7
level=3,5
number=1,3

[enemygroup]
# foyer
type=undead
location=34,26,9,14
level=4,6
number=2,3

[enemygroup]
# north book location
type=zombie
location=15,22,18,18
level=3,5
number=3,4

[enemygroup]
type=zombie
location=15,22,18,18
level=3,5
number=2,2

[enemygroup]
type=undead
location=15,22,18,18
level=3,5
number=1,2

[enemygroup]
# center book location
type=zombie
location=25,42,30,30
level=3,5
number=7,10

[enemygroup]
type=zombie
location=25,42,30,30
level=3,5
number=3,7

[enemygroup]
type=undead_mage
location=25,42,33,33
level=3,5
number=4,6

[enemygroup]
type=antlion
location=51,66,7,9
level=3,5
number=1,3

[enemygroup]
# south book location
type=undead
location=13,68,12,8
level=3,5
number=2,4

[enemygroup]
# langlier's location
type=antlion
location=10,67,17,26
level=3,5
number=3,5

