[header]
width=30
height=50
tilewidth=64
tileheight=32
music=magical_theme.ogg
tileset=tileset_dungeon.txt
title=Brothers' Lair Atrium

[tilesets]
tileset=../../../tiled/dungeon/tiled_collision.png,64,32,0,0
tileset=../../../tiled/dungeon/tiled_dungeon.png,64,128,0,0
tileset=../../../tiled/dungeon/set_rules.png,64,32,0,0
tileset=../../../tiled/dungeon/tiled_dungeon_2x2.png,128,64,0,16
tileset=../../../tiled/dungeon/door_left.png,64,128,-16,-8
tileset=../../../tiled/dungeon/door_right.png,64,128,16,-8
tileset=../../../tiled/dungeon/stairs.png,256,256,0,48

[layer]
type=background
data=
0,0,0,0,0,0,0,0,0,0,0,0,0,0,0,0,0,0,0,0,0,0,0,0,0,0,0,0,0,0,
0,0,0,0,0,0,0,0,0,0,0,0,16,32,35,0,0,0,0,0,0,0,0,0,0,0,0,0,0,0,
0,0,0,0,0,0,0,0,0,0,0,0,16,32,35,0,0,0,0,0,0,0,0,0,0,0,0,0,0,0,
0,0,0,0,0,0,0,0,0,0,0,0,16,32,35,0,0,0,0,0,0,0,0,0,0,0,0,0,0,0,
0,0,0,0,0,19,18,16,16,16,16,16,17,35,35,18,19,16,16,16,16,16,16,18,0,0,0,0,0,0,
0,0,0,0,0,17,33,34,34,34,34,34,33,32,32,33,34,34,34,34,34,34,34,34,0,0,0,0,0,0,
0,0,0,0,0,16,32,16,16,16,16,16,16,16,16,16,16,16,16,16,16,16,16,35,0,0,0,0,0,0,
0,0,0,0,0,16,32,16,16,16,16,16,16,16,16,16,16,16,16,16,16,16,16,35,0,0,0,0,0,0,
0,0,0,0,0,16,32,16,16,16,16,16,16,16,16,16,16,16,16,16,16,16,16,35,0,0,0,0,0,0,
0,0,0,0,0,16,32,16,16,16,16,16,16,16,16,16,16,16,16,16,16,16,16,35,0,0,0,0,0,0,
0,0,0,0,0,16,32,16,16,16,16,33,34,33,33,33,33,33,34,16,16,16,16,35,0,0,0,0,0,0,
0,0,0,0,0,16,32,16,16,16,16,32,0,0,0,0,0,18,35,16,16,16,16,35,0,0,0,0,0,0,
0,0,16,16,16,17,35,16,16,16,16,35,0,0,0,0,0,19,32,16,16,16,16,35,18,19,16,16,0,0,
0,0,34,34,34,33,32,16,16,16,16,35,0,0,0,0,0,16,32,16,16,16,16,32,33,34,34,34,0,0,
0,0,33,33,33,33,34,16,16,16,16,35,0,0,0,0,0,16,32,16,16,16,16,33,34,33,33,33,0,0,
0,0,0,0,0,18,35,16,16,16,16,35,0,0,0,0,0,16,32,16,16,16,16,32,0,0,0,0,0,0,
0,0,0,0,0,19,32,16,16,16,16,35,18,19,16,16,16,17,35,16,16,16,16,35,0,0,0,0,0,0,
0,0,0,0,0,16,32,16,16,16,16,32,33,34,34,34,34,33,32,16,16,16,16,35,0,0,0,0,0,0,
0,0,0,0,0,16,32,16,16,16,16,16,16,16,16,16,16,16,16,16,16,16,16,35,0,0,0,0,0,0,
0,0,0,0,0,16,32,16,16,16,16,16,16,16,0,0,16,16,16,16,16,16,16,35,0,0,0,0,0,0,
0,0,0,0,0,16,32,16,16,16,16,16,16,16,264,0,16,16,16,16,16,16,16,35,0,0,0,0,0,0,
0,0,0,0,0,16,32,16,16,16,16,16,16,16,16,16,16,16,16,16,16,16,16,35,0,0,0,0,0,0,
0,0,0,0,0,19,34,33,33,33,33,33,33,34,16,16,33,34,33,33,33,33,33,35,0,0,0,0,0,0,
0,0,0,0,0,0,0,0,0,0,0,0,18,35,16,16,32,0,0,0,0,0,0,0,0,0,0,0,0,0,
0,0,0,0,0,0,0,0,0,0,0,0,19,32,16,16,35,0,0,0,0,0,0,0,0,0,0,0,0,0,
0,0,0,0,0,0,0,0,0,0,0,0,16,32,16,16,35,0,0,0,0,0,0,0,0,0,0,0,0,0,
0,0,0,0,0,0,0,0,0,0,0,0,16,32,16,16,35,0,0,0,0,0,0,0,0,0,0,0,0,0,
0,0,0,0,0,0,0,0,0,19,18,16,17,35,16,16,35,18,19,18,0,0,0,0,0,0,0,0,0,0,
0,0,0,0,0,0,0,0,0,17,33,34,33,32,16,16,32,33,34,34,0,0,0,0,0,0,0,0,0,0,
0,0,0,0,0,0,0,0,0,16,32,16,16,16,16,16,16,16,16,35,0,0,0,0,0,0,0,0,0,0,
0,0,0,0,0,0,0,0,0,19,34,33,33,34,16,16,33,34,33,35,0,0,0,0,0,0,0,0,0,0,
0,0,0,0,0,0,0,0,0,0,0,0,18,35,16,16,32,0,0,0,0,0,0,0,0,0,0,0,0,0,
0,0,0,0,0,0,0,0,0,0,0,0,19,32,16,16,35,0,0,0,0,0,0,0,0,0,0,0,0,0,
0,0,0,0,0,0,0,0,0,0,0,0,16,32,16,16,35,0,0,0,0,0,0,0,0,0,0,0,0,0,
0,0,0,0,0,0,0,0,0,0,0,0,16,32,16,16,35,0,0,0,0,0,0,0,0,0,0,0,0,0,
0,0,0,0,0,0,0,0,0,19,18,16,17,35,16,16,35,18,19,18,0,0,0,0,0,0,0,0,0,0,
0,0,0,0,0,0,0,0,0,17,33,34,33,32,16,16,32,33,34,34,0,0,0,0,0,0,0,0,0,0,
0,0,0,0,0,0,0,0,0,16,32,16,16,16,16,16,16,16,16,35,0,0,0,0,0,0,0,0,0,0,
0,0,0,0,0,0,0,0,0,19,34,33,33,34,16,16,33,34,33,35,0,0,0,0,0,0,0,0,0,0,
0,0,0,0,0,0,0,0,0,0,0,0,18,35,16,16,32,0,0,0,0,0,0,0,0,0,0,0,0,0,
0,0,0,0,0,0,0,0,0,0,0,0,19,32,16,16,35,0,0,0,0,0,0,0,0,0,0,0,0,0,
0,0,0,0,0,0,0,0,0,0,0,0,16,32,16,16,35,0,0,0,0,0,0,0,0,0,0,0,0,0,
0,0,0,0,0,0,0,0,0,0,0,0,16,32,16,16,35,0,0,0,0,0,0,0,0,0,0,0,0,0,
0,0,0,0,0,0,0,0,0,0,0,0,16,32,16,16,35,0,0,0,0,0,0,0,0,0,0,0,0,0,
0,0,0,0,0,0,0,0,0,0,0,0,16,32,16,16,35,0,0,0,0,0,0,0,0,0,0,0,0,0,
0,0,0,0,0,0,0,0,0,0,0,0,19,34,32,33,34,0,0,0,0,0,0,0,0,0,0,0,0,0,
0,0,0,0,0,0,0,0,0,0,0,0,0,19,35,32,0,0,0,0,0,0,0,0,0,0,0,0,0,0,
0,0,0,0,0,0,0,0,0,0,0,0,0,16,32,35,0,0,0,0,0,0,0,0,0,0,0,0,0,0,
0,0,0,0,0,0,0,0,0,0,0,0,0,0,0,0,0,0,0,0,0,0,0,0,0,0,0,0,0,0,
0,0,0,0,0,0,0,0,0,0,0,0,0,0,0,0,0,0,0,0,0,0,0,0,0,0,0,0,0,0

[layer]
type=object
data=
0,0,0,0,0,0,0,0,0,0,0,0,0,0,0,0,0,0,0,0,0,0,0,0,0,0,0,0,0,0,
0,0,0,0,0,0,0,0,0,0,0,0,64,244,245,66,0,0,0,0,0,0,0,0,0,0,0,0,0,0,
0,0,0,0,0,0,0,0,0,0,0,0,102,0,0,66,0,0,0,0,0,0,0,0,0,0,0,0,0,0,
0,0,0,0,0,0,0,0,0,0,0,0,64,0,0,66,0,0,0,0,0,0,0,0,0,0,0,0,0,0,
0,0,0,0,0,77,69,65,65,65,65,65,73,0,0,74,65,65,65,65,65,65,65,69,78,0,0,0,0,0,
0,0,0,0,0,68,0,0,0,0,0,0,167,0,0,167,0,0,0,0,0,0,0,0,66,0,0,0,0,0,
0,0,0,0,0,64,0,0,0,0,0,0,0,0,0,0,0,0,0,0,0,0,0,0,66,0,0,0,0,0,
0,0,0,0,0,64,0,0,111,0,0,0,0,0,0,0,0,0,0,0,0,111,0,0,66,0,0,0,0,0,
0,0,0,0,0,64,0,0,0,0,0,0,0,0,0,0,0,0,0,0,0,0,0,0,66,0,0,0,0,0,
0,0,0,0,0,64,0,0,0,0,0,0,0,0,0,0,0,0,0,0,0,0,0,0,66,0,0,0,0,0,
0,0,0,0,0,64,0,0,0,0,0,0,0,0,0,0,0,0,0,0,0,0,0,0,66,0,0,0,0,0,
0,0,0,0,0,64,0,0,0,0,0,0,75,67,67,67,67,72,0,0,0,0,0,0,66,0,0,0,0,0,
0,0,65,103,65,73,164,0,0,0,0,0,66,0,0,0,0,64,0,0,0,0,0,130,74,65,103,65,0,0,
0,0,242,0,0,0,0,0,0,0,0,0,66,0,0,0,0,64,0,0,0,0,0,0,0,0,0,242,0,0,
0,0,241,0,0,0,0,0,0,0,0,0,66,0,0,0,0,64,0,0,0,0,0,0,0,0,0,241,0,0,
0,0,67,67,67,72,164,0,0,0,0,0,66,0,0,0,0,64,0,0,0,0,0,130,91,83,83,83,0,0,
0,0,0,0,0,64,0,0,0,0,0,0,74,73,244,245,74,73,0,0,0,0,0,0,82,0,0,0,0,0,
0,0,0,0,0,64,0,0,0,0,0,0,0,0,0,0,0,0,0,0,0,0,0,0,82,0,0,0,0,0,
0,0,0,0,0,64,0,0,0,0,0,0,0,0,0,0,0,0,0,0,0,0,0,0,82,0,0,0,0,0,
0,0,0,0,0,64,0,0,0,0,0,0,0,0,0,0,0,0,0,0,0,0,0,0,82,0,0,0,0,0,
0,0,0,0,0,64,0,0,111,0,0,0,0,0,0,0,0,0,0,0,0,111,0,0,82,0,0,0,0,0,
0,0,0,0,0,64,0,0,0,0,0,0,0,0,0,0,0,0,0,0,0,0,0,0,82,0,0,0,0,0,
0,0,0,0,0,68,0,0,0,0,0,0,0,0,0,0,0,0,0,0,0,0,0,0,82,0,0,0,0,0,
0,0,0,0,0,76,67,67,67,67,67,67,72,0,0,0,0,91,83,83,83,83,83,83,95,0,0,0,0,0,
0,0,0,0,0,0,0,0,0,0,0,0,64,0,0,0,0,82,0,0,0,0,0,0,0,0,0,0,0,0,
0,0,0,0,0,0,0,0,0,0,0,0,102,0,0,0,0,82,0,0,0,0,0,0,0,0,0,0,0,0,
0,0,0,0,0,0,0,0,0,0,0,0,64,0,0,0,0,82,0,0,0,0,0,0,0,0,0,0,0,0,
0,0,0,0,0,0,0,0,0,77,69,65,73,0,0,0,0,90,81,69,78,0,0,0,0,0,0,0,0,0,
0,0,0,0,0,0,0,0,0,106,0,0,0,0,0,0,0,0,0,0,70,0,0,0,0,0,0,0,0,0,
0,0,0,0,0,0,0,0,0,98,0,134,0,0,0,0,0,0,134,0,82,0,0,0,0,0,0,0,0,0,
0,0,0,0,0,0,0,0,0,106,0,0,0,0,0,0,0,0,0,0,82,0,0,0,0,0,0,0,0,0,
0,0,0,0,0,0,0,0,0,76,67,67,72,0,0,0,0,91,83,83,95,0,0,0,0,0,0,0,0,0,
0,0,0,0,0,0,0,0,0,0,0,0,64,0,0,0,0,82,0,0,0,0,0,0,0,0,0,0,0,0,
0,0,0,0,0,0,0,0,0,0,0,0,102,0,0,0,0,82,0,0,0,0,0,0,0,0,0,0,0,0,
0,0,0,0,0,0,0,0,0,0,0,0,64,0,0,0,0,82,0,0,0,0,0,0,0,0,0,0,0,0,
0,0,0,0,0,0,0,0,0,77,69,65,73,0,0,0,0,90,81,69,78,0,0,0,0,0,0,0,0,0,
0,0,0,0,0,0,0,0,0,106,0,0,0,0,0,0,0,0,0,0,70,0,0,0,0,0,0,0,0,0,
0,0,0,0,0,0,0,0,0,98,0,134,0,0,0,0,0,0,134,0,82,0,0,0,0,0,0,0,0,0,
0,0,0,0,0,0,0,0,0,106,0,0,0,0,0,0,0,0,0,0,82,0,0,0,0,0,0,0,0,0,
0,0,0,0,0,0,0,0,0,76,67,67,72,0,0,0,0,91,83,83,95,0,0,0,0,0,0,0,0,0,
0,0,0,0,0,0,0,0,0,0,0,0,64,0,0,0,0,82,0,0,0,0,0,0,0,0,0,0,0,0,
0,0,0,0,0,0,0,0,0,0,0,0,64,0,0,0,0,82,0,0,0,0,0,0,0,0,0,0,0,0,
0,0,0,0,0,0,0,0,0,0,0,0,64,0,0,0,0,82,0,0,0,0,0,0,0,0,0,0,0,0,
0,0,0,0,0,0,0,0,0,0,0,0,64,0,0,0,0,82,0,0,0,0,0,0,0,0,0,0,0,0,
0,0,0,0,0,0,0,0,0,0,0,0,64,0,0,0,0,82,0,0,0,0,0,0,0,0,0,0,0,0,
0,0,0,0,0,0,0,0,0,0,0,0,68,0,0,0,0,82,0,0,0,0,0,0,0,0,0,0,0,0,
0,0,0,0,0,0,0,0,0,0,0,0,76,72,0,0,91,95,0,0,0,0,0,0,0,0,0,0,0,0,
0,0,0,0,0,0,0,0,0,0,0,0,0,64,244,245,82,0,0,0,0,0,0,0,0,0,0,0,0,0,
0,0,0,0,0,0,0,0,0,0,0,0,0,0,0,0,0,0,0,0,0,0,0,0,0,0,0,0,0,0,
0,0,0,0,0,0,0,0,0,0,0,0,0,0,0,0,0,0,0,0,0,0,0,0,0,0,0,0,0,0

[layer]
type=collision
data=
3,3,3,3,3,3,3,3,3,3,3,3,3,3,3,3,3,3,3,3,3,3,3,3,3,3,3,3,3,3,
3,3,3,3,3,3,3,3,3,3,3,3,1,0,0,1,3,3,3,3,3,3,3,3,3,3,3,3,3,3,
3,3,3,3,3,3,3,3,3,3,3,3,1,0,0,1,3,3,3,3,3,3,3,3,3,3,3,3,3,3,
3,3,3,3,3,3,3,3,3,3,3,3,1,0,0,1,3,3,3,3,3,3,3,3,3,3,3,3,3,3,
3,3,3,3,3,1,1,1,1,1,1,1,1,0,0,1,1,1,1,1,1,1,1,1,1,3,3,3,3,3,
3,3,3,3,3,1,0,0,0,0,0,0,2,0,0,2,0,0,0,0,0,0,0,0,1,3,3,3,3,3,
3,3,3,3,3,1,0,0,0,0,0,0,0,0,0,0,0,0,0,0,0,0,0,0,1,3,3,3,3,3,
3,3,3,3,3,1,0,0,1,0,0,0,0,0,0,0,0,0,0,0,0,1,0,0,1,3,3,3,3,3,
3,3,3,3,3,1,0,0,0,0,0,0,0,0,0,0,0,0,0,0,0,0,0,0,1,3,3,3,3,3,
3,3,3,3,3,1,0,0,0,0,0,0,0,0,0,0,0,0,0,0,0,0,0,0,1,3,3,3,3,3,
3,3,3,3,3,1,0,0,0,0,0,0,0,0,0,0,0,0,0,0,0,0,0,0,1,3,3,3,3,3,
3,3,3,3,3,1,0,0,0,0,0,0,1,1,1,1,1,1,0,0,0,0,0,0,1,3,3,3,3,3,
3,3,1,1,1,1,2,0,0,0,0,0,1,3,3,3,3,1,0,0,0,0,0,1,1,1,1,1,3,3,
3,3,0,0,0,0,0,0,0,0,0,0,1,3,3,3,3,1,0,0,0,0,0,0,0,0,0,0,3,3,
3,3,0,0,0,0,0,0,0,0,0,0,1,3,3,3,3,1,0,0,0,0,0,0,0,0,0,0,3,3,
3,3,1,1,1,1,2,0,0,0,0,0,1,3,3,3,3,1,0,0,0,0,0,1,1,1,1,1,3,3,
3,3,3,3,3,1,0,0,0,0,0,0,1,1,0,0,1,1,0,0,0,0,0,0,1,3,3,3,3,3,
3,3,3,3,3,1,0,0,0,0,0,0,0,0,0,0,0,0,0,0,0,0,0,0,1,3,3,3,3,3,
3,3,3,3,3,1,0,0,0,0,0,0,0,0,0,0,0,0,0,0,0,0,0,0,1,3,3,3,3,3,
3,3,3,3,3,1,0,0,0,0,0,0,0,0,0,0,0,0,0,0,0,0,0,0,1,3,3,3,3,3,
3,3,3,3,3,1,0,0,1,0,0,0,0,0,0,0,0,0,0,0,0,1,0,0,1,3,3,3,3,3,
3,3,3,3,3,1,0,0,0,0,0,0,0,0,0,0,0,0,0,0,0,0,0,0,1,3,3,3,3,3,
3,3,3,3,3,1,0,0,0,0,0,0,0,0,0,0,0,0,0,0,0,0,0,0,1,3,3,3,3,3,
3,3,3,3,3,1,1,1,1,1,1,1,1,0,0,0,0,1,1,1,1,1,1,1,1,3,3,3,3,3,
3,3,3,3,3,3,3,3,3,3,3,3,1,0,0,0,0,1,3,3,3,3,3,3,3,3,3,3,3,3,
3,3,3,3,3,3,3,3,3,3,3,3,1,0,0,0,0,1,3,3,3,3,3,3,3,3,3,3,3,3,
3,3,3,3,3,3,3,3,3,3,3,3,1,0,0,0,0,1,3,3,3,3,3,3,3,3,3,3,3,3,
3,3,3,3,3,3,3,3,3,1,1,1,1,0,0,0,0,1,1,1,1,3,3,3,3,3,3,3,3,3,
3,3,3,3,3,3,3,3,3,1,0,0,0,0,0,0,0,0,0,0,1,3,3,3,3,3,3,3,3,3,
3,3,3,3,3,3,3,3,3,1,0,2,0,0,0,0,0,0,2,0,1,3,3,3,3,3,3,3,3,3,
3,3,3,3,3,3,3,3,3,1,0,0,0,0,0,0,0,0,0,0,1,3,3,3,3,3,3,3,3,3,
3,3,3,3,3,3,3,3,3,1,1,1,1,0,0,0,0,1,1,1,1,3,3,3,3,3,3,3,3,3,
3,3,3,3,3,3,3,3,3,3,3,3,1,0,0,0,0,1,3,3,3,3,3,3,3,3,3,3,3,3,
3,3,3,3,3,3,3,3,3,3,3,3,1,0,0,0,0,1,3,3,3,3,3,3,3,3,3,3,3,3,
3,3,3,3,3,3,3,3,3,3,3,3,1,0,0,0,0,1,3,3,3,3,3,3,3,3,3,3,3,3,
3,3,3,3,3,3,3,3,3,1,1,1,1,0,0,0,0,1,1,1,1,3,3,3,3,3,3,3,3,3,
3,3,3,3,3,3,3,3,3,1,0,0,0,0,0,0,0,0,0,0,1,3,3,3,3,3,3,3,3,3,
3,3,3,3,3,3,3,3,3,1,0,2,0,0,0,0,0,0,2,0,1,3,3,3,3,3,3,3,3,3,
3,3,3,3,3,3,3,3,3,1,0,0,0,0,0,0,0,0,0,0,1,3,3,3,3,3,3,3,3,3,
3,3,3,3,3,3,3,3,3,1,1,1,1,0,0,0,0,1,1,1,1,3,3,3,3,3,3,3,3,3,
3,3,3,3,3,3,3,3,3,3,3,3,1,0,0,0,0,1,3,3,3,3,3,3,3,3,3,3,3,3,
3,3,3,3,3,3,3,3,3,3,3,3,1,0,0,0,0,1,3,3,3,3,3,3,3,3,3,3,3,3,
3,3,3,3,3,3,3,3,3,3,3,3,1,0,0,0,0,1,3,3,3,3,3,3,3,3,3,3,3,3,
3,3,3,3,3,3,3,3,3,3,3,3,1,0,0,0,0,1,3,3,3,3,3,3,3,3,3,3,3,3,
3,3,3,3,3,3,3,3,3,3,3,3,1,0,0,0,0,1,3,3,3,3,3,3,3,3,3,3,3,3,
3,3,3,3,3,3,3,3,3,3,3,3,1,0,0,0,0,1,3,3,3,3,3,3,3,3,3,3,3,3,
3,3,3,3,3,3,3,3,3,3,3,3,1,1,0,0,1,1,3,3,3,3,3,3,3,3,3,3,3,3,
3,3,3,3,3,3,3,3,3,3,3,3,3,1,0,0,1,3,3,3,3,3,3,3,3,3,3,3,3,3,
3,3,3,3,3,3,3,3,3,3,3,3,3,3,3,3,3,3,3,3,3,3,3,3,3,3,3,3,3,3,
3,3,3,3,3,3,3,3,3,3,3,3,3,3,3,3,3,3,3,3,3,3,3,3,3,3,3,3,3,3

[event]
# to Ice Hall
type=teleport
location=2,13,1,2
intermap=brothers_lair_ice_hall.txt,47,71

[event]
# to Sacrifice Room
type=teleport
location=14,16,2,1
intermap=brothers_lair_sacrifice_room.txt,9,38

[event]
# to Cave 2
type=teleport
location=14,47,2,1
intermap=cave_of_living_bones2.txt,32,4

[event]
# to Fire Hall
type=teleport
location=13,1,2,1
intermap=brothers_lair_fire_hall.txt,25,77

[event]
# to Wind Hall
type=teleport
location=27,13,1,2
intermap=brothers_lair_wind_hall.txt,3,19

[event]
# Unset a lot of event variables
type=run_once
location=0,0,30,50
unset_status=lb_ice_attack,lb_fire_attack,lb_wind_attack,lb_ice_looted,lb_fire_looted,lb_wind_looted

[event]
# brazier sound effect
type=run_always
location=8,2,10,5
cooldown=120
soundfx=soundfx/environment/open_fire.ogg

[event]
type=on_load
location=1,1,1,1
mapmod=background,14,20,265
requires_status=waypoint_brothers_lair_atrium

[event]
type=teleport
location=14,19,2,2
hotspot=location
intermap=warp_zone.txt,36,38
tooltip=Warp Zone

[event]
type=run_once
location=12,17,6,6
mapmod=background,14,20,265
msg=Brothers Lair Atrium waypoint discovered
requires_not=waypoint_brothers_lair_atrium
set_status=waypoint_brothers_lair_atrium

[enemy]
# Patrolling undead
type=skeletal_warrior
location=9,8,1,1
waypoints=9,8;20,8;20,19;9,19

