[header]
width=50
height=80
music=magical_theme.ogg
tileset=tileset_dungeon.txt
title=Brothers' Lair Ice Hall

[layer]
type=background
data=
0,0,0,0,0,0,0,0,0,0,0,0,0,0,0,0,0,0,0,0,0,0,0,0,0,0,0,0,0,0,0,0,0,0,0,0,0,0,0,0,0,0,0,0,0,0,0,0,0,0,
0,0,0,0,0,0,0,0,0,0,0,0,0,0,0,0,0,0,0,0,0,0,0,0,0,0,0,0,0,0,0,0,0,0,0,0,0,0,0,0,0,0,0,0,0,0,0,0,0,0,
0,0,0,0,0,0,0,0,0,0,0,0,0,0,0,0,0,0,0,0,0,0,0,0,0,0,0,0,0,0,0,0,0,0,0,0,0,0,0,0,0,0,0,0,0,0,0,0,0,0,
0,0,0,0,0,0,0,0,0,0,0,0,0,0,0,0,0,0,0,0,0,0,0,0,0,0,0,0,0,0,0,0,0,0,0,0,0,0,0,0,0,0,0,0,0,0,0,0,0,0,
0,0,0,0,0,0,0,0,0,0,0,0,0,0,0,0,0,0,0,0,0,0,0,0,0,0,0,0,0,0,0,0,0,0,0,0,0,0,0,0,0,0,0,0,0,0,0,0,0,0,
0,0,0,0,0,0,0,0,0,0,0,0,0,0,0,0,0,0,0,0,0,0,0,0,0,0,0,0,0,0,0,0,0,0,0,0,0,0,0,0,0,0,0,0,0,0,0,0,0,0,
0,0,0,0,0,0,0,0,0,0,0,0,0,0,0,0,0,0,0,0,0,0,0,0,0,0,0,0,0,0,0,0,0,0,0,0,0,0,0,0,0,0,0,0,0,0,0,0,0,0,
0,0,0,0,0,0,0,0,0,0,0,0,0,0,0,0,0,0,0,0,0,0,0,0,0,0,0,0,0,0,0,0,0,0,0,0,0,0,0,0,0,0,0,0,0,0,0,0,0,0,
0,0,0,0,0,0,0,0,0,0,0,0,0,0,0,0,0,0,0,0,0,0,0,0,0,0,0,0,0,0,0,0,0,0,0,0,0,0,0,0,0,0,0,0,0,0,0,0,0,0,
0,0,0,0,0,0,0,0,0,0,0,0,0,19,18,16,16,16,16,16,18,0,0,0,0,0,0,0,0,0,0,0,0,0,0,0,0,0,0,0,0,0,0,0,0,0,0,0,0,0,
0,0,0,0,0,0,0,0,0,0,0,0,0,17,33,34,34,34,34,34,34,0,0,0,0,0,0,0,0,0,0,0,0,0,0,0,0,0,0,0,0,0,0,0,0,0,0,0,0,0,
0,0,0,0,0,0,0,0,0,0,0,0,0,16,32,16,16,16,16,16,35,0,0,0,0,0,0,0,0,0,0,0,0,0,0,0,0,0,0,0,0,0,0,0,0,0,0,0,0,0,
0,0,0,0,0,0,0,0,0,0,19,18,16,17,35,16,16,16,16,16,35,18,19,18,0,0,0,0,0,0,0,0,0,0,0,0,0,0,0,0,0,0,0,0,0,0,0,0,0,0,
0,0,0,0,0,0,0,0,0,0,17,33,34,33,32,16,16,16,16,16,32,33,34,34,0,0,0,0,0,0,0,0,0,0,0,0,0,0,0,0,0,0,0,0,0,0,0,0,0,0,
0,0,0,0,0,0,0,0,0,0,16,32,16,16,16,16,16,16,16,16,16,16,16,35,0,0,0,0,0,0,0,0,0,0,0,0,0,0,0,0,0,0,0,0,0,0,0,0,0,0,
0,0,0,0,0,0,0,0,0,0,16,32,16,16,16,16,48,50,50,16,16,16,16,35,0,0,0,0,0,0,0,0,0,0,0,0,0,0,0,0,0,0,0,0,0,0,0,0,0,0,
0,0,0,0,0,0,0,0,0,0,16,32,16,16,16,16,49,0,0,16,16,16,16,35,0,0,0,0,0,0,0,0,0,0,0,0,0,0,0,0,0,0,0,0,0,0,0,0,0,0,
0,0,0,0,0,0,0,0,0,0,16,32,16,16,16,16,49,0,0,16,16,16,16,35,0,0,0,0,0,0,0,0,0,0,0,0,0,0,0,0,0,0,0,0,0,0,0,0,0,0,
0,0,0,0,0,0,0,0,0,0,16,32,16,16,16,16,16,16,16,16,16,16,16,35,0,0,0,0,0,0,0,0,0,0,0,0,0,0,0,0,0,0,0,0,0,0,0,0,0,0,
0,0,0,0,0,0,0,0,0,0,19,34,33,33,34,16,16,16,16,16,32,32,32,35,0,0,0,0,0,0,0,0,0,0,0,0,0,0,0,0,0,0,0,0,0,0,0,0,0,0,
0,0,0,0,0,0,0,0,0,0,0,0,0,18,35,16,16,16,16,16,33,34,33,35,0,0,0,0,0,0,0,0,0,0,0,0,0,0,0,0,0,0,0,0,0,0,0,0,0,0,
0,0,0,0,0,0,0,0,0,0,0,0,0,19,32,16,16,16,16,16,32,0,0,0,0,0,0,0,0,0,0,0,0,0,0,0,0,0,0,0,0,0,0,0,0,0,0,0,0,0,
0,0,0,0,0,0,0,0,0,0,0,0,0,16,32,16,16,16,16,16,35,0,0,0,0,0,0,0,0,0,0,0,0,0,0,0,0,0,0,0,0,0,0,0,0,0,0,0,0,0,
0,0,0,0,0,0,0,0,0,0,0,0,0,19,34,33,34,32,34,33,35,0,0,0,0,0,0,0,0,0,0,0,0,0,0,0,0,0,0,0,0,0,0,0,0,0,0,0,0,0,
0,0,0,0,0,0,0,0,0,0,0,0,0,0,0,0,19,51,0,0,0,0,0,0,0,0,0,0,0,0,0,0,0,0,0,0,0,0,0,0,0,0,0,0,0,0,0,0,0,0,
0,0,0,0,0,0,0,0,0,0,0,0,0,0,0,0,0,51,0,0,0,0,0,0,0,0,0,0,0,0,0,0,0,0,0,0,0,0,0,0,0,0,0,0,0,0,0,0,0,0,
0,0,0,0,0,0,0,0,0,0,0,0,0,0,0,0,0,51,0,0,0,0,0,0,0,0,0,0,0,0,0,0,0,0,0,0,0,0,0,0,0,0,0,0,0,0,0,0,0,0,
0,0,0,0,0,0,0,0,0,0,0,0,0,0,0,0,0,51,0,0,0,0,0,0,0,0,0,0,0,0,0,0,0,0,0,0,0,0,0,0,0,0,0,0,0,0,0,0,0,0,
0,0,0,0,0,0,0,0,0,0,0,0,0,0,0,0,0,51,0,0,0,0,0,0,0,0,0,0,0,0,0,0,0,0,0,0,0,0,0,0,0,0,0,0,0,0,0,0,0,0,
0,0,0,0,0,0,0,0,0,0,0,0,0,0,0,0,0,51,0,0,0,0,0,0,0,0,0,0,0,0,0,0,0,0,0,0,0,0,0,0,0,0,0,0,0,0,0,0,0,0,
0,0,0,0,0,0,0,0,0,0,0,0,0,0,0,0,0,51,0,0,0,0,0,0,0,0,0,0,0,0,0,0,0,0,0,0,0,0,0,0,0,0,0,0,0,0,0,0,0,0,
0,0,0,0,0,0,0,0,0,0,0,0,0,51,51,51,51,51,51,51,51,51,0,0,0,0,0,0,0,0,0,0,0,0,0,0,0,0,0,0,0,0,0,0,0,0,0,0,0,0,
0,0,0,0,0,0,0,0,0,0,0,0,0,0,0,0,0,51,0,0,0,0,0,0,0,0,0,0,0,0,0,0,0,0,0,0,0,0,0,0,0,0,0,0,0,0,0,0,0,0,
0,0,0,0,0,0,0,0,0,0,0,0,0,0,0,0,0,51,0,0,0,0,0,0,0,0,0,0,0,0,0,0,0,0,0,0,0,0,0,0,0,0,0,0,0,0,0,0,0,0,
0,0,0,0,0,0,0,0,0,0,0,0,0,0,0,0,0,51,0,0,0,0,0,0,0,0,0,0,0,0,0,0,0,0,0,0,0,0,0,0,0,0,0,0,0,0,0,0,0,0,
0,0,0,0,0,0,0,0,0,0,0,0,0,0,0,0,0,51,0,0,0,0,0,0,0,0,0,0,0,0,0,0,0,0,0,0,0,0,0,0,0,0,0,0,0,0,0,0,0,0,
0,0,0,0,0,0,0,0,0,0,0,0,0,0,0,0,0,51,0,0,0,0,0,0,0,0,0,0,0,0,0,0,0,0,0,0,0,0,0,0,0,0,0,0,0,0,0,0,0,0,
0,0,0,0,0,0,0,0,0,0,0,0,0,0,0,0,0,51,0,0,0,0,0,0,0,0,0,0,0,0,0,0,0,0,0,0,0,0,0,0,0,0,0,0,0,0,0,0,0,0,
0,0,0,0,0,0,0,0,0,0,0,0,0,51,51,51,51,51,51,51,51,51,0,0,0,0,0,0,0,0,0,0,0,0,0,0,0,0,0,0,0,0,0,0,0,0,0,0,0,0,
0,0,0,0,0,0,0,0,0,0,0,0,0,0,0,0,0,51,0,0,0,0,0,0,0,0,0,0,0,0,0,0,0,0,0,0,0,0,0,0,0,0,0,0,0,0,0,0,0,0,
0,0,0,0,0,0,0,0,0,0,0,0,0,0,0,0,0,51,0,0,0,0,0,0,0,0,0,0,0,0,0,0,0,0,0,0,0,0,0,0,0,0,0,0,0,0,0,0,0,0,
0,0,0,0,0,0,0,0,0,0,0,0,0,0,0,0,0,51,0,0,0,0,0,0,0,0,0,0,0,0,0,0,0,0,0,0,0,0,0,0,0,0,0,0,0,0,0,0,0,0,
0,0,0,0,0,0,0,0,0,0,0,0,0,0,0,0,0,51,0,0,0,0,0,0,0,0,0,0,0,0,0,0,0,0,0,0,0,0,0,0,0,0,0,0,0,0,0,0,0,0,
0,0,0,0,0,0,0,0,0,0,0,0,0,0,0,0,0,51,0,0,0,0,0,0,0,0,0,0,0,0,0,0,0,0,0,0,0,0,0,0,0,0,0,0,0,0,0,0,0,0,
0,0,0,0,0,0,0,0,0,0,0,0,0,0,0,0,0,33,0,0,0,0,0,0,0,0,0,0,0,0,0,0,0,0,0,0,0,0,0,0,0,0,0,0,0,0,0,0,0,0,
0,0,0,0,0,0,0,0,0,0,0,0,0,0,19,18,16,51,16,16,16,16,16,16,18,0,0,0,0,0,0,0,0,0,0,0,0,0,0,0,0,0,0,0,0,0,0,0,0,0,
0,0,0,0,0,0,0,0,0,0,0,0,0,0,17,33,34,16,34,34,34,34,34,34,34,0,0,0,0,0,0,0,0,0,0,0,0,0,0,0,0,0,0,0,0,0,0,0,0,0,
0,0,0,0,0,0,19,18,16,16,16,16,18,0,16,32,16,16,16,16,16,16,16,16,16,0,19,18,16,16,16,16,18,0,0,0,0,0,0,0,0,0,0,0,0,0,0,0,0,0,
0,0,0,0,0,0,17,33,34,34,34,34,34,0,16,32,16,16,16,16,16,16,16,16,16,0,17,33,34,34,34,34,34,0,0,0,0,0,0,0,0,0,0,0,0,0,0,0,0,0,
0,0,0,0,0,0,16,32,16,16,16,16,35,0,19,34,33,33,33,33,33,34,32,16,16,0,16,32,16,16,16,16,35,0,0,0,0,0,0,0,0,0,0,0,0,0,0,0,0,0,
0,0,0,0,0,0,16,32,16,16,16,16,35,0,0,0,0,0,0,0,0,19,35,16,16,16,16,16,16,16,16,16,35,0,0,0,0,0,0,0,0,0,0,0,0,0,0,0,0,0,
0,0,0,0,0,0,16,32,16,16,16,16,35,0,19,18,16,16,16,16,16,17,35,16,16,16,16,16,16,16,16,16,35,0,0,0,0,0,0,0,0,0,0,0,0,0,0,0,0,0,
0,0,0,0,0,0,16,32,16,16,16,16,35,0,17,33,34,34,34,34,34,33,32,16,16,0,16,32,16,16,16,16,35,0,0,0,0,0,0,0,0,0,0,0,0,0,0,0,0,0,
0,0,0,0,0,0,19,34,34,32,33,34,35,0,16,32,16,16,16,16,16,16,16,16,16,0,19,34,33,33,33,33,35,0,0,0,0,0,0,0,0,0,0,0,0,0,0,0,0,0,
0,0,0,0,0,0,0,0,19,16,16,0,0,0,16,32,16,33,34,16,16,16,16,16,16,0,0,0,0,0,0,0,0,0,0,0,0,0,0,0,0,0,0,0,0,0,0,0,0,0,
0,0,0,0,0,0,0,0,0,16,16,0,0,0,16,32,16,32,0,0,0,0,18,16,16,18,19,16,18,0,19,18,16,16,18,0,0,0,0,0,0,0,0,0,0,0,0,0,0,0,
0,0,0,0,0,0,0,0,19,16,16,0,0,0,16,32,16,16,0,0,0,0,19,16,16,16,16,16,16,0,17,33,34,34,34,0,0,0,0,0,0,0,0,0,0,0,0,0,0,0,
0,0,0,0,0,0,19,18,17,16,16,18,18,0,16,32,16,16,0,0,0,0,19,16,16,16,16,16,35,0,16,32,16,16,35,0,0,0,0,0,0,0,0,0,0,0,0,0,0,0,
0,0,0,0,0,0,17,33,33,16,16,33,34,0,16,32,16,16,0,0,0,0,0,0,0,18,16,16,35,0,16,32,16,16,35,0,0,0,0,0,0,0,0,0,0,0,0,0,0,0,
0,0,0,0,0,0,16,32,16,16,16,16,35,0,16,32,16,16,0,0,0,0,0,0,0,19,16,16,35,0,16,32,16,16,35,0,0,0,0,0,0,0,0,0,0,0,0,0,0,0,
0,0,0,0,0,0,16,32,16,16,16,16,16,16,16,16,16,16,0,0,0,0,0,0,0,16,16,16,35,0,16,32,16,16,35,0,0,0,0,0,0,0,0,0,0,0,0,0,0,0,
0,0,0,0,0,0,16,32,16,16,16,16,16,16,16,16,16,16,0,0,0,0,0,0,0,16,16,16,35,0,16,32,16,16,35,0,0,0,0,0,0,0,0,0,0,0,0,0,0,0,
0,0,0,0,0,0,16,32,16,16,16,16,35,0,16,32,16,16,18,19,16,16,16,16,16,17,16,16,32,18,17,35,16,16,35,0,0,0,0,0,0,0,0,0,0,0,0,0,0,0,
0,0,0,0,0,0,19,34,33,33,33,33,35,0,16,32,16,16,16,16,16,16,16,16,16,16,16,16,35,33,33,32,16,16,35,0,0,0,0,0,0,0,0,0,0,0,0,0,0,0,
0,0,0,0,0,0,0,0,0,0,0,0,0,0,16,32,16,16,16,16,16,16,16,16,16,16,16,16,16,16,16,16,16,16,35,0,0,0,0,0,0,0,0,0,0,0,0,0,0,0,
0,0,0,0,0,0,0,0,0,0,0,0,0,0,19,34,33,33,33,16,16,33,33,33,33,34,16,16,16,16,16,16,16,16,35,0,0,0,0,0,0,0,0,0,0,0,0,0,0,0,
0,0,0,0,0,0,0,0,0,0,0,0,0,0,0,0,0,0,0,16,16,0,0,0,18,35,16,16,16,16,16,16,16,16,35,0,0,0,0,0,0,0,0,0,0,0,0,0,0,0,
0,0,0,0,0,0,0,0,0,0,0,0,0,0,0,0,19,18,16,16,16,16,18,0,19,32,16,16,16,16,16,16,16,16,35,0,0,0,0,0,19,18,16,16,16,16,18,0,0,0,
0,0,0,0,0,0,0,0,0,0,0,0,0,0,0,0,17,33,34,16,16,34,34,0,16,32,16,16,33,34,33,34,16,16,35,0,0,0,0,0,17,33,34,34,34,34,34,0,0,0,
0,0,0,0,0,0,0,0,0,0,0,0,0,0,0,0,16,32,16,16,16,16,35,0,16,32,16,16,32,0,18,35,16,16,35,19,18,16,16,18,16,32,16,16,16,16,32,18,16,0,
0,0,0,0,0,0,0,0,0,0,0,0,0,0,0,0,16,32,16,16,16,16,16,16,16,16,16,16,35,0,19,32,16,16,16,17,16,16,16,16,16,16,16,16,16,16,16,16,16,0,
0,0,0,0,0,0,0,0,0,0,0,0,0,0,0,0,16,32,16,16,16,16,16,16,16,16,16,16,35,0,16,32,16,16,16,19,16,16,16,16,16,16,16,16,16,16,16,16,16,0,
0,0,0,0,0,0,0,0,0,0,0,0,0,0,0,0,16,32,16,16,16,16,35,0,16,32,16,16,35,0,16,32,16,16,35,0,0,0,0,0,16,32,16,16,16,16,32,0,16,0,
0,0,0,0,0,0,0,0,0,0,0,0,0,0,0,0,19,34,33,33,33,33,35,0,16,32,16,16,35,0,16,32,16,16,35,0,0,0,0,0,19,34,33,33,33,33,35,0,0,0,
0,0,0,0,0,0,0,0,0,0,0,0,0,0,0,0,0,0,0,0,0,0,0,0,16,32,16,16,35,0,16,32,16,16,35,0,0,0,0,0,0,0,0,0,0,0,0,0,0,0,
0,0,0,0,0,0,0,0,0,0,0,0,0,0,0,0,0,0,0,0,0,0,0,0,19,34,33,33,35,0,19,34,33,33,35,0,0,0,0,0,0,0,0,0,0,0,0,0,0,0,
0,0,0,0,0,0,0,0,0,0,0,0,0,0,0,0,0,0,0,0,0,0,0,0,0,0,0,0,0,0,0,0,0,0,0,0,0,0,0,0,0,0,0,0,0,0,0,0,0,0,
0,0,0,0,0,0,0,0,0,0,0,0,0,0,0,0,0,0,0,0,0,0,0,0,0,0,0,0,0,0,0,0,0,0,0,0,0,0,0,0,0,0,0,0,0,0,0,0,0,0,
0,0,0,0,0,0,0,0,0,0,0,0,0,0,0,0,0,0,0,0,0,0,0,0,0,0,0,0,0,0,0,0,0,0,0,0,0,0,0,0,0,0,0,0,0,0,0,0,0,0,
0,0,0,0,0,0,0,0,0,0,0,0,0,0,0,0,0,0,0,0,0,0,0,0,0,0,0,0,0,0,0,0,0,0,0,0,0,0,0,0,0,0,0,0,0,0,0,0,0,0

[layer]
type=object
data=
0,0,0,0,0,0,0,0,0,0,0,0,0,0,0,0,0,0,0,0,0,0,0,0,0,0,0,0,0,0,0,0,0,0,0,0,0,0,0,0,0,0,0,0,0,0,0,0,0,0,
0,0,0,0,0,0,0,0,0,0,0,0,0,0,0,0,0,0,0,0,0,0,0,0,0,0,0,0,0,0,0,0,0,0,0,0,0,0,0,0,0,0,0,0,0,0,0,0,0,0,
0,0,0,0,0,0,0,0,0,0,0,0,0,0,0,0,0,0,0,0,0,0,0,0,0,0,0,0,0,0,0,0,0,0,0,0,0,0,0,0,0,0,0,0,0,0,0,0,0,0,
0,0,0,0,0,0,0,0,0,0,0,0,0,0,0,0,0,0,0,0,0,0,0,0,0,0,0,0,0,0,0,0,0,0,0,0,0,0,0,0,0,0,0,0,0,0,0,0,0,0,
0,0,0,0,0,0,0,0,0,0,0,0,0,0,0,0,0,0,0,0,0,0,0,0,0,0,0,0,0,0,0,0,0,0,0,0,0,0,0,0,0,0,0,0,0,0,0,0,0,0,
0,0,0,0,0,0,0,0,0,0,0,0,0,0,0,0,0,0,0,0,0,0,0,0,0,0,0,0,0,0,0,0,0,0,0,0,0,0,0,0,0,0,0,0,0,0,0,0,0,0,
0,0,0,0,0,0,0,0,0,0,0,0,0,0,0,0,0,0,0,0,0,0,0,0,0,0,0,0,0,0,0,0,0,0,0,0,0,0,0,0,0,0,0,0,0,0,0,0,0,0,
0,0,0,0,0,0,0,0,0,0,0,0,0,0,0,0,0,0,0,0,0,0,0,0,0,0,0,0,0,0,0,0,0,0,0,0,0,0,0,0,0,0,0,0,0,0,0,0,0,0,
0,0,0,0,0,0,0,0,0,0,0,0,0,0,0,0,0,0,0,0,0,0,0,0,0,0,0,0,0,0,0,0,0,0,0,0,0,0,0,0,0,0,0,0,0,0,0,0,0,0,
0,0,0,0,0,0,0,0,0,0,0,0,0,77,101,101,103,107,103,101,101,78,0,0,0,0,0,0,0,0,0,0,0,0,0,0,0,0,0,0,0,0,0,0,0,0,0,0,0,0,
0,0,0,0,0,0,0,0,0,0,0,0,0,68,144,0,149,205,149,0,0,70,0,0,0,0,0,0,0,0,0,0,0,0,0,0,0,0,0,0,0,0,0,0,0,0,0,0,0,0,
0,0,0,0,0,0,0,0,0,0,0,0,0,64,0,0,0,204,0,0,0,82,0,0,0,0,0,0,0,0,0,0,0,0,0,0,0,0,0,0,0,0,0,0,0,0,0,0,0,0,
0,0,0,0,0,0,0,0,0,0,77,69,65,73,0,0,0,0,0,0,0,90,81,69,78,0,0,0,0,0,0,0,0,0,0,0,0,0,0,0,0,0,0,0,0,0,0,0,0,0,
0,0,0,0,0,0,0,0,0,0,100,147,0,0,0,0,0,0,0,0,0,0,147,146,70,0,0,0,0,0,0,0,0,0,0,0,0,0,0,0,0,0,0,0,0,0,0,0,0,0,
0,0,0,0,0,0,0,0,0,0,100,146,146,0,0,127,123,123,123,124,0,0,0,0,82,0,0,0,0,0,0,0,0,0,0,0,0,0,0,0,0,0,0,0,0,0,0,0,0,0,
0,0,0,0,0,0,0,0,0,0,102,0,0,0,0,122,0,0,0,122,0,0,0,0,82,0,0,0,0,0,0,0,0,0,0,0,0,0,0,0,0,0,0,0,0,0,0,0,0,0,
0,0,0,0,0,0,0,0,0,0,106,132,0,0,0,122,0,0,0,122,0,0,0,0,82,0,0,0,0,0,0,0,0,0,0,0,0,0,0,0,0,0,0,0,0,0,0,0,0,0,
0,0,0,0,0,0,0,0,0,0,102,0,0,0,0,122,0,0,0,122,0,0,0,0,82,0,0,0,0,0,0,0,0,0,0,0,0,0,0,0,0,0,0,0,0,0,0,0,0,0,
0,0,0,0,0,0,0,0,0,0,100,0,0,0,0,126,123,123,123,125,0,0,0,0,82,0,0,0,0,0,0,0,0,0,0,0,0,0,0,0,0,0,0,0,0,0,0,0,0,0,
0,0,0,0,0,0,0,0,0,0,100,0,0,0,0,0,0,0,0,0,0,0,0,0,82,0,0,0,0,0,0,0,0,0,0,0,0,0,0,0,0,0,0,0,0,0,0,0,0,0,
0,0,0,0,0,0,0,0,0,0,76,67,67,72,0,0,0,0,0,0,0,91,83,83,95,0,0,0,0,0,0,0,0,0,0,0,0,0,0,0,0,0,0,0,0,0,0,0,0,0,
0,0,0,0,0,0,0,0,0,0,0,0,0,64,0,0,0,0,0,0,0,82,0,0,0,0,0,0,0,0,0,0,0,0,0,0,0,0,0,0,0,0,0,0,0,0,0,0,0,0,
0,0,0,0,0,0,0,0,0,0,0,0,0,64,0,0,0,0,0,0,0,82,0,0,0,0,0,0,0,0,0,0,0,0,0,0,0,0,0,0,0,0,0,0,0,0,0,0,0,0,
0,0,0,0,0,0,0,0,0,0,0,0,0,68,0,0,0,0,0,0,0,82,0,0,0,0,0,0,0,0,0,0,0,0,0,0,0,0,0,0,0,0,0,0,0,0,0,0,0,0,
0,0,0,0,0,0,0,0,0,0,0,0,0,76,71,83,88,0,91,83,83,95,0,0,0,0,0,0,0,0,0,0,0,0,0,0,0,0,0,0,0,0,0,0,0,0,0,0,0,0,
0,0,0,0,0,0,0,0,0,0,0,0,0,0,0,0,0,0,0,0,0,0,0,0,0,0,0,0,0,0,0,0,0,0,0,0,0,0,0,0,0,0,0,0,0,0,0,0,0,0,
0,0,0,0,0,0,0,0,0,0,0,0,0,0,0,0,0,0,0,0,0,0,0,0,0,0,0,0,0,0,0,0,0,0,0,0,0,0,0,0,0,0,0,0,0,0,0,0,0,0,
0,0,0,0,0,0,0,0,0,0,0,0,0,0,0,0,0,0,0,0,0,0,0,0,0,0,0,0,0,0,0,0,0,0,0,0,0,0,0,0,0,0,0,0,0,0,0,0,0,0,
0,0,0,0,0,0,0,0,0,0,0,0,0,0,0,0,0,0,0,0,0,0,0,0,0,0,0,0,0,0,0,0,0,0,0,0,0,0,0,0,0,0,0,0,0,0,0,0,0,0,
0,0,0,0,0,0,0,0,0,0,0,0,0,0,0,0,0,0,0,0,0,0,0,0,0,0,0,0,0,0,0,0,0,0,0,0,0,0,0,0,0,0,0,0,0,0,0,0,0,0,
0,0,0,0,0,0,0,0,0,0,0,75,67,72,0,0,0,0,0,0,0,75,67,72,0,0,0,0,0,0,0,0,0,0,0,0,0,0,0,0,0,0,0,0,0,0,0,0,0,0,
0,0,0,0,0,0,0,0,0,0,0,66,0,64,0,0,0,0,0,0,0,66,0,64,0,0,0,0,0,0,0,0,0,0,0,0,0,0,0,0,0,0,0,0,0,0,0,0,0,0,
0,0,0,0,0,0,0,0,0,0,0,74,65,73,0,0,0,0,0,0,0,74,65,73,0,0,0,0,0,0,0,0,0,0,0,0,0,0,0,0,0,0,0,0,0,0,0,0,0,0,
0,0,0,0,0,0,0,0,0,0,0,0,0,0,0,0,0,0,0,0,0,0,0,0,0,0,0,0,0,0,0,0,0,0,0,0,0,0,0,0,0,0,0,0,0,0,0,0,0,0,
0,0,0,0,0,0,0,0,0,0,0,0,0,0,0,0,0,0,0,0,0,0,0,0,0,0,0,0,0,0,0,0,0,0,0,0,0,0,0,0,0,0,0,0,0,0,0,0,0,0,
0,0,0,0,0,0,0,0,0,0,0,0,0,0,0,0,0,0,0,0,0,0,0,0,0,0,0,0,0,0,0,0,0,0,0,0,0,0,0,0,0,0,0,0,0,0,0,0,0,0,
0,0,0,0,0,0,0,0,0,0,0,0,0,0,0,0,0,0,0,0,0,0,0,0,0,0,0,0,0,0,0,0,0,0,0,0,0,0,0,0,0,0,0,0,0,0,0,0,0,0,
0,0,0,0,0,0,0,0,0,0,0,75,67,72,0,0,0,0,0,0,0,75,67,72,0,0,0,0,0,0,0,0,0,0,0,0,0,0,0,0,0,0,0,0,0,0,0,0,0,0,
0,0,0,0,0,0,0,0,0,0,0,66,0,64,0,0,0,0,0,0,0,66,0,64,0,0,0,0,0,0,0,0,0,0,0,0,0,0,0,0,0,0,0,0,0,0,0,0,0,0,
0,0,0,0,0,0,0,0,0,0,0,74,65,73,0,0,0,0,0,0,0,74,65,73,0,0,0,0,0,0,0,0,0,0,0,0,0,0,0,0,0,0,0,0,0,0,0,0,0,0,
0,0,0,0,0,0,0,0,0,0,0,0,0,0,0,0,0,0,0,0,0,0,0,0,0,0,0,0,0,0,0,0,0,0,0,0,0,0,0,0,0,0,0,0,0,0,0,0,0,0,
0,0,0,0,0,0,0,0,0,0,0,0,0,0,0,0,0,0,0,0,0,0,0,0,0,0,0,0,0,0,0,0,0,0,0,0,0,0,0,0,0,0,0,0,0,0,0,0,0,0,
0,0,0,0,0,0,0,0,0,0,0,0,0,0,0,0,0,0,0,0,0,0,0,0,0,0,0,0,0,0,0,0,0,0,0,0,0,0,0,0,0,0,0,0,0,0,0,0,0,0,
0,0,0,0,0,0,0,0,0,0,0,0,0,0,0,0,0,0,0,0,0,0,0,0,0,0,0,0,0,0,0,0,0,0,0,0,0,0,0,0,0,0,0,0,0,0,0,0,0,0,
0,0,0,0,0,0,0,0,0,0,0,0,0,0,0,0,0,0,0,0,0,0,0,0,0,0,0,0,0,0,0,0,0,0,0,0,0,0,0,0,0,0,0,0,0,0,0,0,0,0,
0,0,0,0,0,0,0,0,0,0,0,0,0,0,77,65,65,101,65,65,65,65,65,65,65,78,0,0,0,0,0,0,0,0,0,0,0,0,0,0,0,0,0,0,0,0,0,0,0,0,
0,0,0,0,0,0,0,0,0,0,0,0,0,0,64,0,149,0,149,0,0,0,0,0,0,66,0,0,0,0,0,0,0,0,0,0,0,0,0,0,0,0,0,0,0,0,0,0,0,0,
0,0,0,0,0,0,77,101,101,101,101,101,101,78,64,0,0,0,0,0,0,0,0,0,0,66,77,101,101,101,101,101,101,78,0,0,0,0,0,0,0,0,0,0,0,0,0,0,0,0,
0,0,0,0,0,0,100,0,137,0,0,137,0,66,64,0,0,0,0,0,0,0,0,0,0,66,100,0,137,147,149,137,0,70,0,0,0,0,0,0,0,0,0,0,0,0,0,0,0,0,
0,0,0,0,0,0,100,136,0,0,0,0,136,66,64,0,0,0,0,0,0,0,0,0,0,66,102,0,0,0,0,0,136,82,0,0,0,0,0,0,0,0,0,0,0,0,0,0,0,0,
0,0,0,0,0,0,100,144,0,0,0,0,0,66,76,67,67,67,67,67,67,72,0,0,0,116,112,0,0,0,0,0,0,82,0,0,0,0,0,0,0,0,0,0,0,0,0,0,0,0,
0,0,0,0,0,0,100,148,0,0,0,0,0,66,77,101,101,101,101,101,101,73,0,0,0,116,112,0,0,0,0,0,0,82,0,0,0,0,0,0,0,0,0,0,0,0,0,0,0,0,
0,0,0,0,0,0,100,136,0,0,0,0,136,66,64,0,0,0,0,0,0,0,0,0,0,66,102,0,0,0,0,0,136,82,0,0,0,0,0,0,0,0,0,0,0,0,0,0,0,0,
0,0,0,0,0,0,100,0,0,0,0,0,0,66,64,0,0,0,0,0,0,0,0,0,0,66,100,0,137,0,0,137,0,82,0,0,0,0,0,0,0,0,0,0,0,0,0,0,0,0,
0,0,0,0,0,0,76,67,72,0,0,75,67,79,64,0,0,0,0,0,0,0,0,0,0,66,76,67,67,67,67,67,67,79,0,0,0,0,0,0,0,0,0,0,0,0,0,0,0,0,
0,0,0,0,0,0,0,0,76,117,117,79,0,0,64,0,0,0,75,67,67,67,72,0,0,74,65,65,69,78,77,69,65,65,69,78,0,0,0,0,0,0,0,0,0,0,0,0,0,0,
0,0,0,0,0,0,0,0,77,113,113,78,0,0,64,0,0,0,66,0,0,0,100,0,0,0,0,0,0,66,100,0,0,0,0,70,0,0,0,0,0,0,0,0,0,0,0,0,0,0,
0,0,0,0,0,0,77,101,73,0,0,74,101,78,64,0,0,0,66,0,0,0,100,0,0,0,0,0,0,66,100,0,0,0,0,82,0,0,0,0,0,0,0,0,0,0,0,0,0,0,
0,0,0,0,0,0,100,0,0,0,0,0,0,66,64,0,0,0,66,0,0,0,76,67,67,72,0,0,0,66,100,0,0,0,0,82,0,0,0,0,0,0,0,0,0,0,0,0,0,0,
0,0,0,0,0,0,100,136,0,0,0,0,0,66,102,0,0,0,66,0,0,0,0,0,0,100,0,0,0,66,100,0,0,0,0,82,0,0,0,0,0,0,0,0,0,0,0,0,0,0,
0,0,0,0,0,0,100,0,0,0,0,0,0,116,112,0,0,0,66,0,0,0,0,0,0,100,0,0,0,66,100,0,0,0,0,82,0,0,0,0,0,0,0,0,0,0,0,0,0,0,
0,0,0,0,0,0,100,0,0,0,0,0,0,116,112,0,0,0,66,0,0,0,0,0,0,100,0,0,0,66,100,0,0,0,0,82,0,0,0,0,0,0,0,0,0,0,0,0,0,0,
0,0,0,0,0,0,100,136,0,0,0,0,0,66,102,0,0,0,74,101,101,101,101,101,101,73,0,0,0,74,73,0,0,0,0,82,0,0,0,0,0,0,0,0,0,0,0,0,0,0,
0,0,0,0,0,0,100,0,137,0,0,137,0,66,64,0,0,0,0,0,0,0,0,0,0,0,0,0,0,0,0,0,0,0,0,82,0,0,0,0,0,0,0,0,0,0,0,0,0,0,
0,0,0,0,0,0,76,71,83,83,83,83,83,79,64,0,0,0,0,0,0,0,0,0,0,0,0,0,0,0,0,0,0,0,0,82,0,0,0,0,0,0,0,0,0,0,0,0,0,0,
0,0,0,0,0,0,0,0,0,0,0,0,0,0,64,0,0,0,0,0,0,0,0,0,0,0,0,0,0,0,0,0,0,0,0,82,0,0,0,0,0,0,0,0,0,0,0,0,0,0,
0,0,0,0,0,0,0,0,0,0,0,0,0,0,76,67,67,67,67,117,117,67,67,67,72,0,0,0,0,0,0,0,0,0,0,82,0,0,0,0,0,0,0,0,0,0,0,0,0,0,
0,0,0,0,0,0,0,0,0,0,0,0,0,0,0,0,77,101,103,113,113,103,101,78,64,0,0,0,0,0,0,0,0,0,0,82,0,0,0,0,77,69,65,65,65,65,69,78,0,0,
0,0,0,0,0,0,0,0,0,0,0,0,0,0,0,0,100,0,0,0,0,0,0,66,64,0,0,0,0,0,0,0,0,0,0,82,0,0,0,0,68,0,0,0,0,0,0,66,0,0,
0,0,0,0,0,0,0,0,0,0,0,0,0,0,0,0,100,136,0,0,0,0,0,66,102,0,0,0,0,75,72,0,0,0,0,74,69,65,65,69,102,0,0,0,0,0,0,74,65,0,
0,0,0,0,0,0,0,0,0,0,0,0,0,0,0,0,100,0,0,0,0,0,0,116,112,0,0,0,0,66,100,0,0,0,0,0,0,0,0,0,112,0,0,0,0,0,0,0,242,0,
0,0,0,0,0,0,0,0,0,0,0,0,0,0,0,0,100,148,0,0,0,0,0,116,112,0,0,0,0,66,100,0,0,0,0,0,0,0,0,0,112,0,0,0,0,0,0,0,241,0,
0,0,0,0,0,0,0,0,0,0,0,0,0,0,0,0,100,136,0,0,0,0,0,66,102,0,0,0,0,66,100,0,0,0,0,91,83,83,83,83,102,0,0,0,0,0,0,91,83,0,
0,0,0,0,0,0,0,0,0,0,0,0,0,0,0,0,100,0,137,0,0,137,0,66,64,0,0,0,0,66,100,0,0,0,0,82,0,0,0,0,68,0,0,0,0,0,0,82,0,0,
0,0,0,0,0,0,0,0,0,0,0,0,0,0,0,0,76,71,83,83,83,83,83,79,64,0,0,0,0,66,100,0,0,0,0,82,0,0,0,0,76,71,83,83,83,83,83,95,0,0,
0,0,0,0,0,0,0,0,0,0,0,0,0,0,0,0,0,0,0,0,0,0,0,0,64,0,0,0,0,66,100,0,0,0,0,82,0,0,0,0,0,0,0,0,0,0,0,0,0,0,
0,0,0,0,0,0,0,0,0,0,0,0,0,0,0,0,0,0,0,0,0,0,0,0,76,71,83,83,83,79,76,71,83,83,83,95,0,0,0,0,0,0,0,0,0,0,0,0,0,0,
0,0,0,0,0,0,0,0,0,0,0,0,0,0,0,0,0,0,0,0,0,0,0,0,0,0,0,0,0,0,0,0,0,0,0,0,0,0,0,0,0,0,0,0,0,0,0,0,0,0,
0,0,0,0,0,0,0,0,0,0,0,0,0,0,0,0,0,0,0,0,0,0,0,0,0,0,0,0,0,0,0,0,0,0,0,0,0,0,0,0,0,0,0,0,0,0,0,0,0,0,
0,0,0,0,0,0,0,0,0,0,0,0,0,0,0,0,0,0,0,0,0,0,0,0,0,0,0,0,0,0,0,0,0,0,0,0,0,0,0,0,0,0,0,0,0,0,0,0,0,0

[layer]
type=collision
data=
3,3,3,3,3,3,3,3,3,3,3,3,3,3,3,3,3,3,3,3,3,3,3,3,3,3,3,3,3,3,3,3,3,3,3,3,3,3,3,3,3,3,3,3,3,3,3,3,3,3,
3,3,3,3,3,3,3,3,3,3,3,3,3,3,3,3,3,3,3,3,3,3,3,3,3,3,3,3,3,3,3,3,3,3,3,3,3,3,3,3,3,3,3,3,3,3,3,3,3,3,
3,3,3,3,3,3,3,3,3,3,3,3,3,3,3,3,3,3,3,3,3,3,3,3,3,3,3,3,3,3,3,3,3,3,3,3,3,3,3,3,3,3,3,3,3,3,3,3,3,3,
3,3,3,3,3,3,3,3,3,3,3,3,3,3,3,3,3,3,3,3,3,3,3,3,3,3,3,3,3,3,3,3,3,3,3,3,3,3,3,3,3,3,3,3,3,3,3,3,3,3,
3,3,3,3,3,3,3,3,3,3,3,3,3,3,3,3,3,3,3,3,3,3,3,3,3,3,3,3,3,3,3,3,3,3,3,3,3,3,3,3,3,3,3,3,3,3,3,3,3,3,
3,3,3,3,3,3,3,3,3,3,3,3,3,3,3,3,3,3,3,3,3,3,3,3,3,3,3,3,3,3,3,3,3,3,3,3,3,3,3,3,3,3,3,3,3,3,3,3,3,3,
3,3,3,3,3,3,3,3,3,3,3,3,3,3,3,3,3,3,3,3,3,3,3,3,3,3,3,3,3,3,3,3,3,3,3,3,3,3,3,3,3,3,3,3,3,3,3,3,3,3,
3,3,3,3,3,3,3,3,3,3,3,3,3,3,3,3,3,3,3,3,3,3,3,3,3,3,3,3,3,3,3,3,3,3,3,3,3,3,3,3,3,3,3,3,3,3,3,3,3,3,
3,3,3,3,3,3,3,3,3,3,3,3,3,3,3,3,3,3,3,3,3,3,3,3,3,3,3,3,3,3,3,3,3,3,3,3,3,3,3,3,3,3,3,3,3,3,3,3,3,3,
3,3,3,3,3,3,3,3,3,3,3,3,3,3,3,3,3,3,3,3,3,3,3,3,3,3,3,3,3,3,3,3,3,3,3,3,3,3,3,3,3,3,3,3,3,3,3,3,3,3,
3,3,3,3,3,3,3,3,3,3,3,3,3,3,4,0,4,4,4,0,0,3,3,3,3,3,3,3,3,3,3,3,3,3,3,3,3,3,3,3,3,3,3,3,3,3,3,3,3,3,
3,3,3,3,3,3,3,3,3,3,3,3,3,3,0,0,0,4,0,0,0,3,3,3,3,3,3,3,3,3,3,3,3,3,3,3,3,3,3,3,3,3,3,3,3,3,3,3,3,3,
3,3,3,3,3,3,3,3,3,3,3,3,3,3,0,0,0,0,0,0,0,3,3,3,3,3,3,3,3,3,3,3,3,3,3,3,3,3,3,3,3,3,3,3,3,3,3,3,3,3,
3,3,3,3,3,3,3,3,3,3,3,4,0,0,0,0,0,0,0,0,0,0,4,4,3,3,3,3,3,3,3,3,3,3,3,3,3,3,3,3,3,3,3,3,3,3,3,3,3,3,
3,3,3,3,3,3,3,3,3,3,3,4,4,0,0,4,4,4,4,4,0,0,0,0,3,3,3,3,3,3,3,3,3,3,3,3,3,3,3,3,3,3,3,3,3,3,3,3,3,3,
3,3,3,3,3,3,3,3,3,3,3,0,0,0,0,4,4,4,4,4,0,0,0,0,3,3,3,3,3,3,3,3,3,3,3,3,3,3,3,3,3,3,3,3,3,3,3,3,3,3,
3,3,3,3,3,3,3,3,3,3,3,4,0,0,0,4,4,4,4,4,0,0,0,0,3,3,3,3,3,3,3,3,3,3,3,3,3,3,3,3,3,3,3,3,3,3,3,3,3,3,
3,3,3,3,3,3,3,3,3,3,3,0,0,0,0,4,4,4,4,4,0,0,0,0,3,3,3,3,3,3,3,3,3,3,3,3,3,3,3,3,3,3,3,3,3,3,3,3,3,3,
3,3,3,3,3,3,3,3,3,3,3,0,0,0,0,4,4,4,4,4,0,0,0,0,3,3,3,3,3,3,3,3,3,3,3,3,3,3,3,3,3,3,3,3,3,3,3,3,3,3,
3,3,3,3,3,3,3,3,3,3,3,0,0,0,0,0,0,0,0,0,0,0,0,0,3,3,3,3,3,3,3,3,3,3,3,3,3,3,3,3,3,3,3,3,3,3,3,3,3,3,
3,3,3,3,3,3,3,3,3,3,3,3,3,3,0,0,0,0,0,0,0,3,3,3,3,3,3,3,3,3,3,3,3,3,3,3,3,3,3,3,3,3,3,3,3,3,3,3,3,3,
3,3,3,3,3,3,3,3,3,3,3,3,3,3,0,0,0,0,0,0,0,3,3,3,3,3,3,3,3,3,3,3,3,3,3,3,3,3,3,3,3,3,3,3,3,3,3,3,3,3,
3,3,3,3,3,3,3,3,3,3,3,3,3,3,0,0,0,0,0,0,0,3,3,3,3,3,3,3,3,3,3,3,3,3,3,3,3,3,3,3,3,3,3,3,3,3,3,3,3,3,
3,3,3,3,3,3,3,3,3,3,3,3,3,3,0,0,0,0,0,0,0,3,3,3,3,3,3,3,3,3,3,3,3,3,3,3,3,3,3,3,3,3,3,3,3,3,3,3,3,3,
3,3,3,3,3,3,3,3,3,3,3,3,3,3,3,3,3,0,3,3,3,3,3,3,3,3,3,3,3,3,3,3,3,3,3,3,3,3,3,3,3,3,3,3,3,3,3,3,3,3,
3,4,4,4,4,4,4,4,4,4,4,4,4,4,4,4,4,0,4,4,4,4,4,4,4,4,4,4,4,4,4,4,4,4,4,4,4,4,4,4,4,4,4,4,4,4,4,4,4,3,
3,4,4,4,4,4,4,4,4,4,4,4,4,4,4,4,4,0,4,4,4,4,4,4,4,4,4,4,4,4,4,4,4,4,4,4,4,4,4,4,4,4,4,4,4,4,4,4,4,3,
3,4,4,4,4,4,4,4,4,4,4,4,4,4,4,4,4,0,4,4,4,4,4,4,4,4,4,4,4,4,4,4,4,4,4,4,4,4,4,4,4,4,4,4,4,4,4,4,4,3,
3,4,4,4,4,4,4,4,4,4,4,4,4,4,4,4,4,0,4,4,4,4,4,4,4,4,4,4,4,4,4,4,4,4,4,4,4,4,4,4,4,4,4,4,4,4,4,4,4,3,
3,4,4,4,4,4,4,4,4,4,4,4,4,4,4,4,4,0,4,4,4,4,4,4,4,4,4,4,4,4,4,4,4,4,4,4,4,4,4,4,4,4,4,4,4,4,4,4,4,3,
3,4,4,4,4,4,4,4,4,4,4,3,3,3,4,4,4,0,4,4,4,3,3,3,4,4,4,4,4,4,4,4,4,4,4,4,4,4,4,4,4,4,4,4,4,4,4,4,4,3,
3,4,4,4,4,4,4,4,4,4,4,3,0,3,0,0,0,0,0,0,0,3,0,3,4,4,4,4,4,4,4,4,4,4,4,4,4,4,4,4,4,4,4,4,4,4,4,4,4,3,
3,4,4,4,4,4,4,4,4,4,4,3,3,3,4,4,4,0,4,4,4,3,3,3,4,4,4,4,4,4,4,4,4,4,4,4,4,4,4,4,4,4,4,4,4,4,4,4,4,3,
3,4,4,4,4,4,4,4,4,4,4,4,4,4,4,4,4,0,4,4,4,4,4,4,4,4,4,4,4,4,4,4,4,4,4,4,4,4,4,4,4,4,4,4,4,4,4,4,4,3,
3,4,4,4,4,4,4,4,4,4,4,4,4,4,4,4,4,0,4,4,4,4,4,4,4,4,4,4,4,4,4,4,4,4,4,4,4,4,4,4,4,4,4,4,4,4,4,4,4,3,
3,4,4,4,4,4,4,4,4,4,4,4,4,4,4,4,4,0,4,4,4,4,4,4,4,4,4,4,4,4,4,4,4,4,4,4,4,4,4,4,4,4,4,4,4,4,4,4,4,3,
3,4,4,4,4,4,4,4,4,4,4,4,4,4,4,4,4,0,4,4,4,4,4,4,4,4,4,4,4,4,4,4,4,4,4,4,4,4,4,4,4,4,4,4,4,4,4,4,4,3,
3,4,4,4,4,4,4,4,4,4,4,3,3,3,4,4,4,0,4,4,4,3,3,3,4,4,4,4,4,4,4,4,4,4,4,4,4,4,4,4,4,4,4,4,4,4,4,4,4,3,
3,4,4,4,4,4,4,4,4,4,4,3,0,3,0,0,0,0,0,0,0,3,0,3,4,4,4,4,4,4,4,4,4,4,4,4,4,4,4,4,4,4,4,4,4,4,4,4,4,3,
3,4,4,4,4,4,4,4,4,4,4,3,3,3,4,4,4,0,4,4,4,3,3,3,4,4,4,4,4,4,4,4,4,4,4,4,4,4,4,4,4,4,4,4,4,4,4,4,4,3,
3,4,4,4,4,4,4,4,4,4,4,4,4,4,4,4,4,0,4,4,4,4,4,4,4,4,4,4,4,4,4,4,4,4,4,4,4,4,4,4,4,4,4,4,4,4,4,4,4,3,
3,4,4,4,4,4,4,4,4,4,4,4,4,4,4,4,4,0,4,4,4,4,4,4,4,4,4,4,4,4,4,4,4,4,4,4,4,4,4,4,4,4,4,4,4,4,4,4,4,3,
3,4,4,4,4,4,4,4,4,4,4,4,4,4,4,4,4,0,4,4,4,4,4,4,4,4,4,4,4,4,4,4,4,4,4,4,4,4,4,4,4,4,4,4,4,4,4,4,4,3,
3,4,4,4,4,4,4,4,4,4,4,4,4,4,4,4,4,0,4,4,4,4,4,4,4,4,4,4,4,4,4,4,4,4,4,4,4,4,4,4,4,4,4,4,4,4,4,4,4,3,
3,4,4,4,4,4,4,4,4,4,4,4,4,4,4,4,4,0,4,4,4,4,4,4,4,4,4,4,4,4,4,4,4,4,4,4,4,4,4,4,4,4,4,4,4,4,4,4,4,3,
3,3,3,3,3,3,3,3,3,3,3,3,3,3,1,1,1,1,1,1,1,1,1,1,1,1,3,3,3,3,3,3,3,3,3,3,3,3,3,3,3,3,3,3,3,3,3,3,3,3,
3,3,3,3,3,3,3,3,3,3,3,3,3,3,1,0,2,0,2,0,0,0,0,0,0,1,3,3,3,3,3,3,3,3,3,3,3,3,3,3,3,3,3,3,3,3,3,3,3,3,
3,3,3,3,3,3,1,1,1,1,1,1,1,1,1,0,0,0,0,0,0,0,0,0,0,1,1,1,1,1,1,1,1,1,3,3,3,3,3,3,3,3,3,3,3,3,3,3,3,3,
3,3,3,3,3,3,1,0,2,0,0,2,0,1,1,0,0,0,0,0,0,0,0,0,0,1,1,0,2,2,2,2,0,1,3,3,3,3,3,3,3,3,3,3,3,3,3,3,3,3,
3,3,3,3,3,3,1,2,0,0,0,0,2,1,1,0,0,0,0,0,0,0,0,0,0,1,1,0,0,0,0,0,2,1,3,3,3,3,3,3,3,3,3,3,3,3,3,3,3,3,
3,3,3,3,3,3,1,2,0,0,0,0,0,1,1,1,1,1,1,1,1,1,0,0,0,0,0,0,0,0,0,0,0,1,3,3,3,3,3,3,3,3,3,3,3,3,3,3,3,3,
3,3,3,3,3,3,1,2,0,0,0,0,0,1,1,1,1,1,1,1,1,1,0,0,0,0,0,0,0,0,0,0,0,1,3,3,3,3,3,3,3,3,3,3,3,3,3,3,3,3,
3,3,3,3,3,3,1,2,0,0,0,0,2,1,1,0,0,0,0,0,0,0,0,0,0,1,1,0,0,0,0,0,2,1,3,3,3,3,3,3,3,3,3,3,3,3,3,3,3,3,
3,3,3,3,3,3,1,0,0,0,0,0,0,1,1,0,0,0,0,0,0,0,0,0,0,1,1,0,2,0,0,2,0,1,3,3,3,3,3,3,3,3,3,3,3,3,3,3,3,3,
3,3,3,3,3,3,1,1,1,0,0,1,1,1,1,0,0,0,0,0,0,0,0,0,0,1,1,1,1,1,1,1,1,1,3,3,3,3,3,3,3,3,3,3,3,3,3,3,3,3,
3,3,3,3,3,3,3,3,1,0,0,1,3,3,1,0,0,0,1,1,1,1,1,0,0,1,1,1,1,1,1,1,1,1,1,1,3,3,3,3,3,3,3,3,3,3,3,3,3,3,
3,3,3,3,3,3,3,3,1,0,0,1,3,3,1,0,0,0,1,3,3,3,1,0,0,0,0,0,0,1,1,0,0,0,0,1,3,3,3,3,3,3,3,3,3,3,3,3,3,3,
3,3,3,3,3,3,1,1,1,0,0,1,1,1,1,0,0,0,1,3,3,3,1,0,0,0,0,0,0,1,1,0,0,0,0,1,3,3,3,3,3,3,3,3,3,3,3,3,3,3,
3,3,3,3,3,3,1,0,0,0,0,0,0,1,1,0,0,0,1,3,3,3,1,1,1,1,0,0,0,1,1,0,0,0,0,1,3,3,3,3,3,3,3,3,3,3,3,3,3,3,
3,3,3,3,3,3,1,2,0,0,0,0,0,1,1,0,0,0,1,3,3,3,3,3,3,1,0,0,0,1,1,0,0,0,0,1,3,3,3,3,3,3,3,3,3,3,3,3,3,3,
3,3,3,3,3,3,1,0,0,0,0,0,0,0,0,0,0,0,1,3,3,3,3,3,3,1,0,0,0,1,1,0,0,0,0,1,3,3,3,3,3,3,3,3,3,3,3,3,3,3,
3,3,3,3,3,3,1,0,0,0,0,0,0,0,0,0,0,0,1,3,3,3,3,3,3,1,0,0,0,1,1,0,0,0,0,1,3,3,3,3,3,3,3,3,3,3,3,3,3,3,
3,3,3,3,3,3,1,2,0,0,0,0,0,1,1,0,0,0,1,1,1,1,1,1,1,1,0,0,0,1,1,0,0,0,0,1,3,3,3,3,3,3,3,3,3,3,3,3,3,3,
3,3,3,3,3,3,1,0,2,0,0,2,0,1,1,0,0,0,0,0,0,0,0,0,0,0,0,0,0,0,0,0,0,0,0,1,3,3,3,3,3,3,3,3,3,3,3,3,3,3,
3,3,3,3,3,3,1,1,1,1,1,1,1,1,1,0,0,0,0,0,0,0,0,0,0,0,0,0,0,0,0,0,0,0,0,1,3,3,3,3,3,3,3,3,3,3,3,3,3,3,
3,3,3,3,3,3,3,3,3,3,3,3,3,3,1,0,0,0,0,0,0,0,0,0,0,0,0,0,0,0,0,0,0,0,0,1,3,3,3,3,3,3,3,3,3,3,3,3,3,3,
3,3,3,3,3,3,3,3,3,3,3,3,3,3,1,1,1,1,1,0,0,1,1,1,1,0,0,0,0,0,0,0,0,0,0,1,3,3,3,3,3,3,3,3,3,3,3,3,3,3,
3,3,3,3,3,3,3,3,3,3,3,3,3,3,3,3,1,1,1,0,0,1,1,1,1,0,0,0,0,0,0,0,0,0,0,1,3,3,3,3,1,1,1,1,1,1,1,1,3,3,
3,3,3,3,3,3,3,3,3,3,3,3,3,3,3,3,1,0,0,0,0,0,0,1,1,0,0,0,0,0,0,0,0,0,0,1,3,3,3,3,1,0,0,0,0,0,0,1,3,3,
3,3,3,3,3,3,3,3,3,3,3,3,3,3,3,3,1,2,0,0,0,0,0,1,1,0,0,0,0,1,1,0,0,0,0,1,1,1,1,1,1,0,0,0,0,0,0,1,1,3,
3,3,3,3,3,3,3,3,3,3,3,3,3,3,3,3,1,0,0,0,0,0,0,0,0,0,0,0,0,1,1,0,0,0,0,0,0,0,0,0,0,0,0,0,0,0,0,0,0,3,
3,3,3,3,3,3,3,3,3,3,3,3,3,3,3,3,1,2,0,0,0,0,0,0,0,0,0,0,0,1,1,0,0,0,0,0,0,0,0,0,0,0,0,0,0,0,0,0,0,3,
3,3,3,3,3,3,3,3,3,3,3,3,3,3,3,3,1,2,0,0,0,0,0,1,1,0,0,0,0,1,1,0,0,0,0,1,1,1,1,1,1,0,0,0,0,0,0,1,1,3,
3,3,3,3,3,3,3,3,3,3,3,3,3,3,3,3,1,0,2,0,0,2,0,1,1,0,0,0,0,1,1,0,0,0,0,1,3,3,3,3,1,0,0,0,0,0,0,1,3,3,
3,3,3,3,3,3,3,3,3,3,3,3,3,3,3,3,1,1,1,1,1,1,1,1,1,0,0,0,0,1,1,0,0,0,0,1,3,3,3,3,1,1,1,1,1,1,1,1,3,3,
3,3,3,3,3,3,3,3,3,3,3,3,3,3,3,3,3,3,3,3,3,3,3,3,1,0,0,0,0,1,1,0,0,0,0,1,3,3,3,3,3,3,3,3,3,3,3,3,3,3,
3,3,3,3,3,3,3,3,3,3,3,3,3,3,3,3,3,3,3,3,3,3,3,3,1,1,1,1,1,1,1,1,1,1,1,1,3,3,3,3,3,3,3,3,3,3,3,3,3,3,
3,3,3,3,3,3,3,3,3,3,3,3,3,3,3,3,3,3,3,3,3,3,3,3,3,3,3,3,3,3,3,3,3,3,3,3,3,3,3,3,3,3,3,3,3,3,3,3,3,3,
3,3,3,3,3,3,3,3,3,3,3,3,3,3,3,3,3,3,3,3,3,3,3,3,3,3,3,3,3,3,3,3,3,3,3,3,3,3,3,3,3,3,3,3,3,3,3,3,3,3,
3,3,3,3,3,3,3,3,3,3,3,3,3,3,3,3,3,3,3,3,3,3,3,3,3,3,3,3,3,3,3,3,3,3,3,3,3,3,3,3,3,3,3,3,3,3,3,3,3,3

[event]
# Warp to Atrium
type=teleport
location=48,70,1,2
intermap=brothers_lair_atrium.txt,3,13

[event]
# Bookcase Door
type=run_once
location=17,45,1,1
hotspot=location
mapmod=collision,17,45,0
mapmod=object,17,45,0
shakycam=20
sound=soundfx/powers/quake.ogg
tooltip=Suspicious Bookcase

[event]
# Lore: Plotting
type=run_always
location=18,46,1,1
hotspot=location
mapmod=object,18,46,165
msg="When we could no longer stand the idiotic practices of our master, I hatched a plan to kill him. My brothers agreed the deed had to be done."
soundfx=soundfx/inventory/inventory_page.ogg
tooltip=Book Stand

[event]
# Lore: The Trap
type=run_always
location=16,46,1,1
hotspot=location
mapmod=object,16,46,165
msg="In accordance with our plan, G. asked the old fool to teach him about the preparation of corpses in the later stages of decay. Naturally, the corpse in question was a cleverly disguised bomb made by V."
soundfx=soundfx/inventory/inventory_page.ogg
tooltip=Book Stand

[event]
# Lore: Under the Wing
type=run_always
location=25,60,1,1
hotspot=location
msg="My brothers and I wandered around for a few days. In an incredible stroke of luck, we encountered a master necromancer who, seeing the marks of banishment on our foreheads, took us as his apprentices."
soundfx=soundfx/inventory/inventory_page.ogg
tooltip=Bookcase

[event]
# Lore: Outgrowing
type=run_always
location=30,48,1,1
hotspot=location
mapmod=object,30,48,165
msg="We grew swiftly under the tutelage of the necromancer. The more we learned, the more we realized we could do better than the short-sighted git."
soundfx=soundfx/inventory/inventory_page.ogg
tooltip=Book Stand

[event]
# Lore: Academy
type=run_always
location=7,51,1,1
hotspot=location
mapmod=object,7,51,164
msg="My brothers V. and G. used to go to a wizard's academy with me. We were top students until one day V. killed another student in a spontaneous fit of rage."
soundfx=soundfx/inventory/inventory_page.ogg
tooltip=Book Stand

[event]
# Lore: Outcast
type=run_always
location=17,71,1,1
hotspot=location
mapmod=object,17,71,164
msg="Naturally, V. was expelled for his crime. It was foolish of us, but G. and I decided to defend our brother. We were expelled too. The wizards magically marked us with a sign of banishment on our foreheads so that no wizard would dare teach us."
soundfx=soundfx/inventory/inventory_page.ogg
tooltip=Book Stand

[event]
# Lore: New Residence
type=run_always
location=16,10,1,1
hotspot=location
mapmod=object,16,10,165
msg="G. suggested that each of us should take one of the halls in the old necromancer's lair."
soundfx=soundfx/inventory/inventory_page.ogg
tooltip=Book Stand

[event]
# Scathelocke's Diary
type=run_always
location=18,10,1,1
hotspot=location
mapmod=object,18,10,165
msg="It's days like today that make me wonder if I should go a step further and eliminate V. and G. too... they're getting on my nerves. ~Scathelocke"
set_status=lb_ice_password
soundfx=soundfx/inventory/inventory_page.ogg
tooltip=Book Stand

[event]
# Crate
type=run_once
location=11,13,1,1
hotspot=location
loot=random,12,13,7
mapmod=object,11,13,163
soundfx=soundfx/wood_open.ogg
tooltip=Crate

[event]
# Crate
type=run_once
location=22,13,1,1
hotspot=location
loot=random,22,14,7
mapmod=object,22,13,163
soundfx=soundfx/wood_open.ogg
tooltip=Crate

[event]
# Crate
type=run_once
location=29,48,1,1
hotspot=location
loot=random,29,49,7
mapmod=object,29,48,163
soundfx=soundfx/wood_open.ogg
tooltip=Crate

[event]
# Barrel
type=run_once
location=11,14,1,1
hotspot=location
loot=random,11,15,7
mapmod=object,11,14,162
soundfx=soundfx/wood_open.ogg
tooltip=Barrel

[event]
# Barrel
type=run_once
location=12,14,1,1
hotspot=location
loot=random,12,15,7
mapmod=object,12,14,162
soundfx=soundfx/wood_open.ogg
tooltip=Barrel

[event]
# Barrel
type=run_once
location=23,13,1,1
hotspot=location
loot=random,23,14,7
mapmod=object,23,13,162
soundfx=soundfx/wood_open.ogg
tooltip=Barrel

[event]
# Treasure Chest
type=run_once
location=7,50,1,1
hotspot=location
loot=random,8,50,9
mapmod=object,7,50,160
soundfx=soundfx/wood_open.ogg
tooltip=Treasure Chest

[event]
# Scathelocke's Chest (Spellbook)
# Should only drop once per game
type=run_once
location=14,10,1,1
hotspot=location
loot=id,15,10,9100
mapmod=object,14,10,160
requires_item=9101
remove_item=9101
requires_not=lb_ice_spellbook,lb_ice_looted
set_status=lb_ice_looted,lb_ice_spellbook
soundfx=soundfx/wood_open.ogg
tooltip=Runed Chest
unset_status=lb_ice_key

[event]
# Scathelocke's Chest
type=run_once
location=14,10,1,1
hotspot=location
loot=random,15,10,11
mapmod=object,14,10,160
requires_item=9101
remove_item=9101
requires_not=lb_ice_looted
set_status=lb_ice_looted
soundfx=soundfx/wood_open.ogg
tooltip=Runed Chest
unset_status=lb_ice_key

[event]
# Scathelocke's Chest Locked
type=run_always
location=14,10,1,1
hotspot=location
power=14
power_damage=20,25
power_path=14,10,hero
requires_not=lb_ice_key
requires_not=lb_ice_looted
tooltip=Runed Chest

[event]
# Trapped Tile
type=run_once
location=17,34,1,2
mapmod=object,13,31,0
mapmod=collision,13,31,0
mapmod=object,21,31,0
mapmod=collision,21,31,0
mapmod=object,13,38,0
mapmod=collision,13,38,0
mapmod=object,21,38,0
mapmod=collision,21,38,0
soundfx=soundfx/door_open.ogg

[event]
# Treasure
type=run_once
location=30,57,1,1
hotspot=location
loot=random,31,57,7
soundfx=soundfx/inventory/inventory_page.ogg
tooltip=Bookcase

[event]
# Treasure
type=run_once
location=6,61,1,1
hotspot=location
loot=random,7,61,7
soundfx=soundfx/inventory/inventory_page.ogg
tooltip=Bookcase

[enemygroup]
# 3-4 Undead
type=undead
location=15,52,12,13
level=6,8
number=3,4

[enemygroup]
# 1-3 Undead
type=undead
location=7,48,4,5
chance=80
level=6,8
number=1,3

[enemygroup]
# 1-3 Undead
type=undead
location=7,57,4,7
chance=80
level=6,8
number=1,3

[enemygroup]
# 1-3 Undead
type=undead
location=17,68,4,6
chance=80
level=6,8
number=1,3

[enemygroup]
# 1-3 Undead
type=undead
location=27,48,6,4
chance=80
level=6,8
number=1,3

[enemygroup]
# 2 Undead
type=undead
location=31,56,4,4
level=6,8
number=2,2

[enemy]
# Skeletal Knight
type=skeletal_knight
location=22,38,1,1
direction=1

[enemy]
# Skeletal Knight
type=skeletal_knight
location=22,31,1,1
direction=1

[enemy]
# Skeletal Knight
type=skeletal_knight
location=12,38,1,1
direction=5

[enemy]
# Skeletal Knight
type=skeletal_knight
location=12,31,1,1
direction=5

[enemy]
type=skeletal_prophet
location=20,14,8
