[header]
width=40
height=50
tilewidth=64
tileheight=32
orientation=isometric
background_color=0,0,0,255
hero_pos=3,19
music=music/magical_theme.ogg
tileset=tilesetdefs/tileset_dungeon.txt
title=Brothers' Lair Wind Hall

[tilesets]
tileset=../../../tiled/dungeon/tiled_collision.png,64,32,0,0
tileset=../../../tiled/dungeon/tiled_dungeon.png,64,128,0,0
tileset=../../../tiled/dungeon/set_rules.png,64,32,0,0
tileset=../../../tiled/dungeon/tiled_dungeon_2x2.png,128,64,0,16
tileset=../../../tiled/dungeon/door_left.png,64,128,-16,-8
tileset=../../../tiled/dungeon/door_right.png,64,128,16,-8
tileset=../../../tiled/dungeon/stairs.png,256,256,0,48

[layer]
type=background
data=
0,0,0,0,0,0,0,0,0,0,0,0,0,0,0,0,0,0,0,0,0,0,0,0,0,0,0,0,0,0,0,0,0,0,0,0,0,0,0,0,
0,0,0,0,0,0,0,0,0,0,0,0,0,0,0,0,0,0,0,0,0,0,0,0,0,0,0,0,0,0,0,0,0,0,0,0,0,0,0,0,
0,0,0,0,0,0,0,0,0,0,0,0,0,0,0,0,0,0,0,0,0,0,0,0,0,0,0,0,0,0,0,0,0,0,0,0,0,0,0,0,
0,0,0,0,0,0,0,0,0,0,0,0,0,0,0,0,0,0,0,0,0,0,0,0,0,0,0,0,0,0,0,0,0,0,0,0,0,0,0,0,
0,0,0,0,0,0,0,0,0,0,0,0,0,0,0,0,0,0,0,0,0,0,0,0,0,0,0,0,0,0,19,18,16,16,16,16,18,0,0,0,
0,0,0,0,0,0,0,0,0,0,0,0,0,0,0,0,0,0,0,0,0,0,0,0,0,0,0,0,0,0,17,33,34,34,34,34,34,0,0,0,
0,0,0,0,0,0,0,0,0,0,0,0,0,0,0,0,0,0,0,0,0,0,0,0,0,0,0,0,0,0,16,32,41,16,17,16,35,0,0,0,
0,0,0,0,0,0,0,0,0,0,0,0,0,0,0,0,0,0,0,0,0,0,0,0,0,0,0,0,0,0,16,32,47,40,36,45,35,0,0,0,
0,0,0,0,0,0,0,0,0,0,0,0,0,0,0,0,0,0,0,0,0,0,0,0,0,0,0,0,0,0,16,32,40,44,39,18,35,0,0,0,
0,0,0,0,0,0,0,0,0,0,0,0,0,0,0,0,0,0,0,0,0,0,0,19,18,16,16,16,16,16,17,35,36,16,44,43,35,0,0,0,
0,0,0,0,0,0,0,0,0,0,0,0,0,0,0,0,0,0,0,0,0,0,0,17,33,34,34,34,34,34,33,32,16,16,42,17,35,0,0,0,
0,0,0,0,0,0,0,0,0,0,0,0,0,0,0,0,0,0,0,0,0,0,0,16,32,17,43,19,16,16,46,17,18,36,19,43,35,0,0,0,
0,0,0,0,0,0,0,0,0,0,0,0,0,0,0,0,0,0,0,0,0,0,0,16,32,43,33,34,33,33,33,34,45,17,45,16,35,0,0,0,
0,0,0,0,0,0,0,0,0,0,0,0,0,0,0,0,0,0,0,0,0,0,0,16,32,16,32,0,0,0,18,35,43,17,40,16,35,0,0,0,
0,0,0,0,0,0,0,0,0,0,0,0,0,0,0,0,0,0,0,0,0,0,0,16,32,16,35,0,0,0,19,32,36,45,36,37,35,0,0,0,
0,0,0,0,0,0,0,0,0,0,0,0,0,0,0,0,0,0,0,0,0,0,0,16,32,38,35,0,0,0,19,34,33,33,33,33,35,0,0,0,
0,0,0,0,19,18,18,0,0,0,19,18,18,0,0,0,0,0,0,0,0,0,0,23,31,36,30,0,0,0,0,0,0,0,0,0,0,0,0,0,
0,0,16,16,17,35,35,18,19,16,17,35,35,18,19,16,16,18,0,0,19,18,43,17,20,40,22,18,19,18,0,0,0,0,0,0,0,0,0,0,
0,0,34,34,33,32,32,33,34,34,33,32,32,33,34,34,34,34,0,0,17,42,44,17,20,46,22,45,37,18,0,0,0,0,0,0,0,0,0,0,
0,0,33,33,34,32,33,34,33,33,34,32,33,34,33,33,34,35,0,0,17,16,17,39,20,19,22,18,19,46,0,0,0,0,0,0,0,0,0,0,
0,0,0,0,19,34,35,0,0,0,19,35,32,0,0,18,35,35,0,19,18,18,17,18,20,51,22,44,18,17,18,0,0,0,0,0,0,0,0,0,
0,0,0,0,0,0,0,0,0,0,0,0,0,0,0,19,32,35,0,17,16,40,16,47,20,37,22,16,19,18,17,0,0,0,0,0,0,0,0,0,
0,0,0,0,0,0,0,0,0,0,0,0,0,0,0,16,32,35,0,16,19,44,17,47,20,17,22,19,36,41,43,0,0,0,0,0,0,0,0,0,
0,0,0,0,0,0,0,0,0,0,0,0,0,0,0,16,32,35,0,38,17,37,18,16,20,19,22,19,37,16,40,0,0,0,0,0,0,0,0,0,
0,0,0,0,0,0,0,0,0,0,0,0,0,0,0,16,32,35,0,19,16,19,19,42,20,16,22,16,45,17,19,0,0,0,0,0,0,0,0,0,
0,0,0,0,0,0,0,0,0,0,0,0,0,0,19,17,35,32,18,0,19,37,46,39,20,16,22,39,17,39,0,0,0,0,0,0,0,0,0,0,
0,0,0,0,0,0,0,0,0,0,0,19,18,47,17,56,57,58,38,18,17,38,17,43,20,43,22,19,18,41,0,0,0,0,0,0,0,0,0,0,
0,0,0,0,0,0,0,0,0,0,0,17,18,16,19,19,37,16,18,37,44,17,36,17,20,17,22,36,45,42,0,0,0,0,0,0,0,0,0,0,
0,0,0,0,0,0,0,0,0,0,0,45,44,17,17,18,16,40,18,16,18,16,24,21,28,17,29,21,25,42,18,0,0,0,0,0,0,0,0,0,
0,0,0,0,0,19,18,16,16,16,22,17,16,18,43,37,39,43,38,16,41,16,20,44,47,36,18,38,22,41,44,0,0,0,0,0,0,0,0,0,
0,0,0,0,0,17,33,34,34,34,29,21,21,21,21,21,21,21,21,21,21,21,28,39,17,58,17,18,22,37,45,0,0,0,0,0,0,0,0,0,
0,0,0,0,0,16,32,16,19,44,43,45,42,17,36,44,38,40,36,17,44,37,17,38,56,44,57,45,22,46,44,0,0,0,0,0,0,0,0,0,
0,0,0,0,0,16,32,47,33,34,30,23,23,23,23,23,23,23,23,23,23,23,31,17,41,59,38,19,22,41,46,0,0,0,0,0,0,0,0,0,
0,0,0,0,0,16,32,38,32,0,0,18,17,37,47,36,19,41,19,17,18,42,20,39,17,41,47,16,22,19,0,0,0,0,0,0,0,0,0,0,
0,0,0,0,0,16,32,38,35,0,0,19,37,17,41,16,44,19,17,16,16,16,27,23,23,23,23,23,26,19,0,0,0,0,0,0,0,0,0,0,
0,0,0,0,0,16,32,19,35,0,0,19,37,45,18,16,18,16,16,41,42,47,19,43,18,43,38,44,19,19,0,0,0,0,0,0,0,0,0,0,
0,0,0,0,0,16,32,43,35,0,0,0,0,0,19,45,16,19,36,0,0,0,19,44,19,19,16,0,0,0,0,0,0,0,0,0,0,0,0,0,
0,0,0,0,0,16,32,17,35,0,0,0,0,0,0,0,0,0,0,0,0,0,0,0,0,0,0,0,0,0,0,0,0,0,0,0,0,0,0,0,
0,0,0,0,0,16,32,16,35,0,0,0,0,0,0,0,0,0,0,0,0,0,0,0,0,0,0,0,0,0,0,0,0,0,0,0,0,0,0,0,
0,0,19,18,16,17,35,46,35,18,19,18,0,0,0,0,0,0,0,0,0,0,0,0,0,0,0,0,0,0,0,0,0,0,0,0,0,0,0,0,
0,0,17,33,34,33,32,37,32,33,34,34,0,0,0,0,0,0,0,0,0,0,0,0,0,0,0,0,0,0,0,0,0,0,0,0,0,0,0,0,
0,0,16,32,42,19,18,40,45,19,18,35,0,0,0,0,0,0,0,0,0,0,0,0,0,0,0,0,0,0,0,0,0,0,0,0,0,0,0,0,
0,0,16,32,19,40,37,43,45,38,43,35,0,0,0,0,0,0,0,0,0,0,0,0,0,0,0,0,0,0,0,0,0,0,0,0,0,0,0,0,
0,0,16,32,46,17,19,45,38,17,19,35,0,0,0,0,0,0,0,0,0,0,0,0,0,0,0,0,0,0,0,0,0,0,0,0,0,0,0,0,
0,0,16,32,43,39,16,17,17,16,45,35,0,0,0,0,0,0,0,0,0,0,0,0,0,0,0,0,0,0,0,0,0,0,0,0,0,0,0,0,
0,0,16,32,19,19,44,19,17,44,47,35,0,0,0,0,0,0,0,0,0,0,0,0,0,0,0,0,0,0,0,0,0,0,0,0,0,0,0,0,
0,0,19,34,33,33,33,33,33,33,33,35,0,0,0,0,0,0,0,0,0,0,0,0,0,0,0,0,0,0,0,0,0,0,0,0,0,0,0,0,
0,0,0,0,0,0,0,0,0,0,0,0,0,0,0,0,0,0,0,0,0,0,0,0,0,0,0,0,0,0,0,0,0,0,0,0,0,0,0,0,
0,0,0,0,0,0,0,0,0,0,0,0,0,0,0,0,0,0,0,0,0,0,0,0,0,0,0,0,0,0,0,0,0,0,0,0,0,0,0,0,
0,0,0,0,0,0,0,0,0,0,0,0,0,0,0,0,0,0,0,0,0,0,0,0,0,0,0,0,0,0,0,0,0,0,0,0,0,0,0,0

[layer]
type=object
data=
0,0,0,0,0,0,0,0,0,0,0,0,0,0,0,0,0,0,0,0,0,0,0,0,0,0,0,0,0,0,0,0,0,0,0,0,0,0,0,0,
0,0,0,0,0,0,0,0,0,0,0,0,0,0,0,0,0,0,0,0,0,0,0,0,0,0,0,0,0,0,0,0,0,0,0,0,0,0,0,0,
0,0,0,0,0,0,0,0,0,0,0,0,0,0,0,0,0,0,0,0,0,0,0,0,0,0,0,0,0,0,0,0,0,0,0,0,0,0,0,0,
0,0,0,0,0,0,0,0,0,0,0,0,0,0,0,0,0,0,0,0,0,0,0,0,0,0,0,0,0,0,0,0,0,0,0,0,0,0,0,0,
0,0,0,0,0,0,0,0,0,0,0,0,0,0,0,0,0,0,0,0,0,0,0,0,0,0,0,0,0,0,77,69,97,65,65,65,97,78,0,0,
0,0,0,0,0,0,0,0,0,0,0,0,0,0,0,0,0,0,0,0,0,0,0,0,0,0,0,0,0,0,68,178,0,0,205,0,0,70,0,0,
0,0,0,0,0,0,0,0,0,0,0,0,0,0,0,0,0,0,0,0,0,0,0,0,0,0,0,0,0,0,64,0,193,0,204,0,193,82,0,0,
0,0,0,0,0,0,0,0,0,0,0,0,0,0,0,0,0,0,0,0,0,0,0,0,0,0,0,0,0,0,64,144,180,0,0,0,0,82,0,0,
0,0,0,0,0,0,0,0,0,0,0,0,0,0,0,0,0,0,0,0,0,0,0,0,0,0,0,0,0,0,102,148,0,0,0,0,136,82,0,0,
0,0,0,0,0,0,0,0,0,0,0,0,0,0,0,0,0,0,0,0,0,0,0,77,69,65,65,65,65,65,73,0,0,0,0,0,0,82,0,0,
0,0,0,0,0,0,0,0,0,0,0,0,0,0,0,0,0,0,0,0,0,0,0,68,0,0,0,0,0,0,0,0,0,0,0,0,0,82,0,0,
0,0,0,0,0,0,0,0,0,0,0,0,0,0,0,0,0,0,0,0,0,0,0,64,0,0,0,0,0,0,180,0,0,0,0,0,0,82,0,0,
0,0,0,0,0,0,0,0,0,0,0,0,0,0,0,0,0,0,0,0,0,0,0,64,0,0,0,0,0,0,0,0,0,0,0,0,0,82,0,0,
0,0,0,0,0,0,0,0,0,0,0,0,0,0,0,0,0,0,0,0,0,0,0,64,0,0,0,75,67,67,72,0,0,0,0,0,0,82,0,0,
0,0,0,0,0,0,0,0,0,0,0,0,0,0,0,0,0,0,0,0,0,0,0,64,0,0,0,66,0,0,102,0,0,0,0,0,147,82,0,0,
0,0,0,0,0,0,0,0,0,0,0,0,0,0,0,0,0,0,0,0,0,0,0,64,0,0,0,66,0,0,68,147,137,0,0,137,146,82,0,0,
0,0,0,0,77,69,105,78,0,0,77,69,69,78,0,0,0,0,0,0,0,0,0,77,107,115,107,78,0,0,76,67,71,83,83,83,83,95,0,0,
0,0,65,65,73,180,0,74,65,65,73,0,0,74,65,65,65,69,78,0,77,69,65,73,0,0,0,74,69,69,78,0,0,0,0,0,0,0,0,0,
0,0,281,0,0,0,0,0,0,0,0,0,0,0,0,0,0,0,66,0,68,181,0,129,0,0,0,151,178,0,70,0,0,0,0,0,0,0,0,0,
0,0,280,0,0,0,0,0,0,0,0,0,0,0,0,0,0,0,66,0,102,0,0,0,0,149,0,0,0,0,82,0,0,0,0,0,0,0,0,0,
0,0,67,71,88,0,0,91,83,83,88,0,0,75,67,72,0,0,66,77,73,0,0,0,0,0,0,0,0,0,90,94,0,0,0,0,0,0,0,0,
0,0,0,0,92,83,83,95,0,0,92,83,83,79,0,68,0,0,66,68,0,0,0,0,0,0,0,0,0,176,0,82,0,0,0,0,0,0,0,0,
0,0,0,0,0,0,0,0,0,0,0,0,0,0,0,64,0,0,66,64,0,0,0,0,0,0,0,0,0,0,0,82,0,0,0,0,0,0,0,0,
0,0,0,0,0,0,0,0,0,0,0,0,0,0,0,64,0,0,66,64,0,0,0,0,0,0,0,0,0,0,0,82,0,0,0,0,0,0,0,0,
0,0,0,0,0,0,0,0,0,0,0,0,0,0,0,64,0,0,66,76,72,0,0,0,0,0,0,0,0,0,0,82,0,0,0,0,0,0,0,0,
0,0,0,0,0,0,0,0,0,0,0,0,0,0,77,73,0,0,66,0,102,0,0,0,0,0,0,0,0,0,91,95,0,0,0,0,0,0,0,0,
0,0,0,0,0,0,0,0,0,0,0,77,69,103,73,0,0,0,74,103,73,0,0,0,0,0,0,0,0,0,82,0,0,0,0,0,0,0,0,0,
0,0,0,0,0,0,0,0,0,0,0,68,181,0,0,0,0,0,0,0,0,0,0,0,0,0,0,0,0,0,82,0,0,0,0,0,0,0,0,0,
0,0,0,0,0,0,0,0,0,0,0,64,0,0,0,0,0,0,0,0,0,0,0,0,0,0,0,0,0,0,90,94,0,0,0,0,0,0,0,0,
0,0,0,0,0,77,69,65,65,65,77,73,0,192,0,0,0,0,0,0,0,0,0,150,0,150,0,150,0,0,0,82,0,0,0,0,0,0,0,0,
0,0,0,0,0,68,0,0,0,0,106,0,0,0,0,0,0,0,0,0,0,0,0,0,0,0,0,0,0,0,0,82,0,0,0,0,0,0,0,0,
0,0,0,0,0,64,0,0,0,0,114,0,0,148,0,0,0,196,197,176,0,0,0,150,0,150,0,150,0,0,0,82,0,0,0,0,0,0,0,0,
0,0,0,0,0,64,0,0,0,0,106,0,0,0,0,0,0,0,180,0,0,0,0,0,0,0,0,0,0,0,0,82,0,0,0,0,0,0,0,0,
0,0,0,0,0,64,0,0,0,75,76,72,167,0,0,0,0,0,0,0,0,0,0,150,0,150,0,150,0,0,91,95,0,0,0,0,0,0,0,0,
0,0,0,0,0,64,0,0,0,66,0,64,0,0,0,0,0,0,0,0,0,0,0,0,0,0,0,0,0,0,82,0,0,0,0,0,0,0,0,0,
0,0,0,0,0,64,0,0,0,66,0,68,0,0,0,176,0,0,0,0,0,0,0,0,0,0,0,0,0,0,82,0,0,0,0,0,0,0,0,0,
0,0,0,0,0,64,0,0,0,66,0,76,71,83,88,0,0,0,0,91,83,83,88,0,0,0,0,91,83,83,95,0,0,0,0,0,0,0,0,0,
0,0,0,0,0,64,0,0,0,66,0,0,0,0,92,83,83,83,83,95,0,0,92,83,83,83,83,95,0,0,0,0,0,0,0,0,0,0,0,0,
0,0,0,0,0,64,0,0,0,66,0,0,0,0,0,0,0,0,0,0,0,0,0,0,0,0,0,0,0,0,0,0,0,0,0,0,0,0,0,0,
0,0,77,69,65,73,0,0,0,74,65,69,78,0,0,0,0,0,0,0,0,0,0,0,0,0,0,0,0,0,0,0,0,0,0,0,0,0,0,0,
0,0,104,0,0,0,0,0,0,0,0,180,70,0,0,0,0,0,0,0,0,0,0,0,0,0,0,0,0,0,0,0,0,0,0,0,0,0,0,0,
0,0,64,178,0,110,0,0,0,110,0,0,82,0,0,0,0,0,0,0,0,0,0,0,0,0,0,0,0,0,0,0,0,0,0,0,0,0,0,0,
0,0,64,0,0,0,0,0,0,0,0,0,82,0,0,0,0,0,0,0,0,0,0,0,0,0,0,0,0,0,0,0,0,0,0,0,0,0,0,0,
0,0,64,0,0,0,0,0,0,0,0,0,82,0,0,0,0,0,0,0,0,0,0,0,0,0,0,0,0,0,0,0,0,0,0,0,0,0,0,0,
0,0,64,0,0,0,0,0,0,0,0,146,82,0,0,0,0,0,0,0,0,0,0,0,0,0,0,0,0,0,0,0,0,0,0,0,0,0,0,0,
0,0,64,146,0,110,0,179,0,110,0,0,82,0,0,0,0,0,0,0,0,0,0,0,0,0,0,0,0,0,0,0,0,0,0,0,0,0,0,0,
0,0,68,147,146,0,0,0,0,0,146,147,82,0,0,0,0,0,0,0,0,0,0,0,0,0,0,0,0,0,0,0,0,0,0,0,0,0,0,0,
0,0,76,71,83,83,83,83,83,83,83,83,95,0,0,0,0,0,0,0,0,0,0,0,0,0,0,0,0,0,0,0,0,0,0,0,0,0,0,0,
0,0,0,0,0,0,0,0,0,0,0,0,0,0,0,0,0,0,0,0,0,0,0,0,0,0,0,0,0,0,0,0,0,0,0,0,0,0,0,0,
0,0,0,0,0,0,0,0,0,0,0,0,0,0,0,0,0,0,0,0,0,0,0,0,0,0,0,0,0,0,0,0,0,0,0,0,0,0,0,0

[layer]
type=collision
data=
3,3,3,3,3,3,3,3,3,3,3,3,3,3,3,3,3,3,3,3,3,3,3,3,3,3,3,3,3,3,3,3,3,3,3,3,3,3,3,3,
3,3,3,3,3,3,3,3,3,3,3,3,3,3,3,3,3,3,3,3,3,3,3,3,3,3,3,3,3,3,3,3,3,3,3,3,3,3,3,3,
3,3,3,3,3,3,3,3,3,3,3,3,3,3,3,3,3,3,3,3,3,3,3,3,3,3,3,3,3,3,3,3,3,3,3,3,3,3,3,3,
3,3,3,3,3,3,3,3,3,3,3,3,3,3,3,3,3,3,3,3,3,3,3,3,3,3,3,3,3,3,3,3,3,3,3,3,3,3,3,3,
3,3,3,3,3,3,3,3,3,3,3,3,3,3,3,3,3,3,3,3,3,3,3,3,3,3,3,3,3,3,1,1,1,1,1,1,1,1,3,3,
3,3,3,3,3,3,3,3,3,3,3,3,3,3,3,3,3,3,3,3,3,3,3,3,3,3,3,3,3,3,1,0,0,0,2,0,0,1,3,3,
3,3,3,3,3,3,3,3,3,3,3,3,3,3,3,3,3,3,3,3,3,3,3,3,3,3,3,3,3,3,1,0,2,0,2,0,2,1,3,3,
3,3,3,3,3,3,3,3,3,3,3,3,3,3,3,3,3,3,3,3,3,3,3,3,3,3,3,3,3,3,1,2,0,0,0,0,0,1,3,3,
3,3,3,3,3,3,3,3,3,3,3,3,3,3,3,3,3,3,3,3,3,3,3,3,3,3,3,3,3,3,1,2,0,0,0,0,2,1,3,3,
3,3,3,3,3,3,3,3,3,3,3,3,3,3,3,3,3,3,3,3,3,3,3,1,1,1,1,1,1,1,1,0,0,0,0,0,0,1,3,3,
3,3,3,3,3,3,3,3,3,3,3,3,3,3,3,3,3,3,3,3,3,3,3,1,0,0,0,0,0,0,0,0,0,0,0,0,0,1,3,3,
3,3,3,3,3,3,3,3,3,3,3,3,3,3,3,3,3,3,3,3,3,3,3,1,0,0,0,0,0,0,0,0,0,0,0,0,0,1,3,3,
3,3,3,3,3,3,3,3,3,3,3,3,3,3,3,3,3,3,3,3,3,3,3,1,0,0,0,0,0,0,0,0,0,0,0,0,0,1,3,3,
3,3,3,3,3,3,3,3,3,3,3,3,3,3,3,3,3,3,3,3,3,3,3,1,0,0,0,1,1,1,1,0,0,0,0,0,0,1,3,3,
3,3,3,3,3,3,3,3,3,3,3,3,3,3,3,3,3,3,3,3,3,3,3,1,0,0,0,1,3,3,1,0,0,0,0,0,2,1,3,3,
3,3,3,3,3,3,3,3,3,3,3,3,3,3,3,3,3,3,3,3,3,3,3,1,0,0,0,1,3,3,1,2,2,0,0,2,2,1,3,3,
3,3,3,3,1,1,1,1,3,3,1,1,1,1,3,3,3,3,3,3,3,3,3,1,1,2,1,1,3,3,1,1,1,1,1,1,1,1,3,3,
3,3,1,1,1,0,0,1,1,1,1,0,0,1,1,1,1,1,1,3,1,1,1,1,0,0,0,1,1,1,1,3,3,3,3,3,3,3,3,3,
3,3,0,0,0,0,0,0,0,0,0,0,0,0,0,0,0,0,1,3,1,0,0,1,0,0,0,2,0,0,1,3,3,3,3,3,3,3,3,3,
3,3,0,0,0,0,0,0,0,0,0,0,0,0,0,0,0,0,1,3,1,0,0,0,0,2,0,0,0,0,1,3,3,3,3,3,3,3,3,3,
3,3,1,1,1,0,0,1,1,1,1,0,0,1,1,1,0,0,1,1,1,0,0,0,0,0,0,0,0,0,1,1,3,3,3,3,3,3,3,3,
3,3,3,3,1,1,1,1,3,3,1,1,1,1,3,1,0,0,1,1,0,0,0,0,0,0,0,0,0,0,0,1,3,3,3,3,3,3,3,3,
3,3,3,3,3,3,3,3,3,3,3,3,3,3,3,1,0,0,1,1,0,0,0,0,0,0,0,0,0,0,0,1,3,3,3,3,3,3,3,3,
3,3,3,3,3,3,3,3,3,3,3,3,3,3,3,1,0,0,1,1,0,0,0,0,0,0,0,0,0,0,0,1,3,3,3,3,3,3,3,3,
3,3,3,3,3,3,3,3,3,3,3,3,3,3,3,1,0,0,1,1,1,0,0,0,0,0,0,0,0,0,0,1,3,3,3,3,3,3,3,3,
3,3,3,3,3,3,3,3,3,3,3,3,3,3,1,1,0,0,1,3,1,0,0,0,0,0,0,0,0,0,1,1,3,3,3,3,3,3,3,3,
3,3,3,3,3,3,3,3,3,3,3,1,1,1,1,0,0,0,1,1,1,0,0,0,0,0,0,0,0,0,1,3,3,3,3,3,3,3,3,3,
3,3,3,3,3,3,3,3,3,3,3,1,0,0,0,0,0,0,0,0,0,0,0,0,0,0,0,0,0,0,1,3,3,3,3,3,3,3,3,3,
3,3,3,3,3,3,3,3,3,3,3,1,0,0,0,0,0,0,0,0,0,0,0,0,0,0,0,0,0,0,1,1,3,3,3,3,3,3,3,3,
3,3,3,3,3,1,1,1,1,1,1,1,0,2,0,0,0,0,0,0,0,0,0,2,0,2,0,2,0,0,0,1,3,3,3,3,3,3,3,3,
3,3,3,3,3,1,0,0,0,0,1,0,0,0,0,0,0,0,0,0,0,0,0,0,0,0,0,0,0,0,0,1,3,3,3,3,3,3,3,3,
3,3,3,3,3,1,0,0,0,0,2,0,0,2,0,0,0,2,2,0,0,0,0,2,0,2,0,2,0,0,0,1,3,3,3,3,3,3,3,3,
3,3,3,3,3,1,0,0,0,0,1,0,0,0,0,0,0,0,0,0,0,0,0,0,0,0,0,0,0,0,0,1,3,3,3,3,3,3,3,3,
3,3,3,3,3,1,0,0,0,1,1,1,2,0,0,0,0,0,0,0,0,0,0,2,0,2,0,2,0,0,1,1,3,3,3,3,3,3,3,3,
3,3,3,3,3,1,0,0,0,1,3,1,0,0,0,0,0,0,0,0,0,0,0,0,0,0,0,0,0,0,1,3,3,3,3,3,3,3,3,3,
3,3,3,3,3,1,0,0,0,1,3,1,0,0,0,0,0,0,0,0,0,0,0,0,0,0,0,0,0,0,1,3,3,3,3,3,3,3,3,3,
3,3,3,3,3,1,0,0,0,1,3,1,1,1,1,0,0,0,0,1,1,1,1,0,0,0,0,1,1,1,1,3,3,3,3,3,3,3,3,3,
3,3,3,3,3,1,0,0,0,1,3,3,3,3,1,1,1,1,1,1,3,3,1,1,1,1,1,1,3,3,3,3,3,3,3,3,3,3,3,3,
3,3,3,3,3,1,0,0,0,1,3,3,3,3,3,3,3,3,3,3,3,3,3,3,3,3,3,3,3,3,3,3,3,3,3,3,3,3,3,3,
3,3,1,1,1,1,0,0,0,1,1,1,1,3,3,3,3,3,3,3,3,3,3,3,3,3,3,3,3,3,3,3,3,3,3,3,3,3,3,3,
3,3,1,0,0,0,0,0,0,0,0,0,1,3,3,3,3,3,3,3,3,3,3,3,3,3,3,3,3,3,3,3,3,3,3,3,3,3,3,3,
3,3,1,0,0,1,0,0,0,1,0,0,1,3,3,3,3,3,3,3,3,3,3,3,3,3,3,3,3,3,3,3,3,3,3,3,3,3,3,3,
3,3,1,0,0,0,0,0,0,0,0,0,1,3,3,3,3,3,3,3,3,3,3,3,3,3,3,3,3,3,3,3,3,3,3,3,3,3,3,3,
3,3,1,0,0,0,0,0,0,0,0,0,1,3,3,3,3,3,3,3,3,3,3,3,3,3,3,3,3,3,3,3,3,3,3,3,3,3,3,3,
3,3,1,0,0,0,0,0,0,0,0,2,1,3,3,3,3,3,3,3,3,3,3,3,3,3,3,3,3,3,3,3,3,3,3,3,3,3,3,3,
3,3,1,2,0,1,0,0,0,1,0,0,1,3,3,3,3,3,3,3,3,3,3,3,3,3,3,3,3,3,3,3,3,3,3,3,3,3,3,3,
3,3,1,2,2,0,0,0,0,0,2,2,1,3,3,3,3,3,3,3,3,3,3,3,3,3,3,3,3,3,3,3,3,3,3,3,3,3,3,3,
3,3,1,1,1,1,1,1,1,1,1,1,1,3,3,3,3,3,3,3,3,3,3,3,3,3,3,3,3,3,3,3,3,3,3,3,3,3,3,3,
3,3,3,3,3,3,3,3,3,3,3,3,3,3,3,3,3,3,3,3,3,3,3,3,3,3,3,3,3,3,3,3,3,3,3,3,3,3,3,3,
3,3,3,3,3,3,3,3,3,3,3,3,3,3,3,3,3,3,3,3,3,3,3,3,3,3,3,3,3,3,3,3,3,3,3,3,3,3,3,3

[event]
# Rising Wind Switch (Death)
type=event
location=23,29,1,1
activate=on_trigger
hotspot=location
mapmod=object,23,29,166
power=6
power_damage=1000,1000
power_path=23,29,hero
repeat=false
soundfx=soundfx/door_open.ogg
tooltip=Rising Wind Switch

[event]
# Rising Fire Switch (Death)
type=event
location=25,29,1,1
activate=on_trigger
hotspot=location
mapmod=object,25,29,166
power=6
power_damage=1000,1000
power_path=25,29,hero
repeat=false
soundfx=soundfx/door_open.ogg
tooltip=Rising Fire Switch

[event]
# Rising Ice Switch (Left Door)
type=event
location=27,29,1,1
activate=on_trigger
hotspot=location
mapmod=object,10,31,112;collision,10,31,0;object,27,29,166
repeat=false
soundfx=soundfx/door_open.ogg
tooltip=Rising Ice Switch

[event]
# Falling Ice Switch (Death)
type=event
location=27,31,1,1
activate=on_trigger
hotspot=location
mapmod=object,27,31,166
power=6
power_damage=1000,1000
power_path=27,31,hero
repeat=false
soundfx=soundfx/door_open.ogg
tooltip=Falling Ice Switch

[event]
# Falling Wind Switch (Right Door)
type=event
location=23,31,1,1
activate=on_trigger
hotspot=location
mapmod=object,23,31,166;object,25,16,113;collision,25,16,0
repeat=false
soundfx=soundfx/door_open.ogg
tooltip=Falling Wind Switch

[event]
# Falling Fire Switch (Death)
type=event
location=25,31,1,1
activate=on_trigger
hotspot=location
mapmod=object,25,31,166
power=6
power_damage=1000,1000
power_path=25,31,hero
repeat=false
soundfx=soundfx/door_open.ogg
tooltip=Falling Fire Switch

[event]
# Waiting Wind Switch (Death)
type=event
location=23,33,1,1
activate=on_trigger
hotspot=location
mapmod=object,23,33,166
power=6
power_damage=1000,1000
power_path=23,33,hero
repeat=false
soundfx=soundfx/door_open.ogg
tooltip=Waiting Wind Switch

[event]
# Waiting Fire Switch (Treasure)
type=event
location=25,33,1,1
activate=on_trigger
hotspot=location
loot=loot/leveled_mid.txt
mapmod=object,25,33,166
repeat=false
soundfx=soundfx/door_open.ogg
tooltip=Waiting Fire Switch

[event]
# Waiting Ice Switch (Death)
type=event
location=27,33,1,1
activate=on_trigger
hotspot=location
mapmod=object,27,33,166
power=6
power_damage=1000,1000
power_path=27,33,hero
repeat=false
soundfx=soundfx/door_open.ogg
tooltip=Waiting Ice Switch

[event]
# Storage Room Clue Book
type=event
location=13,31,1,1
activate=on_trigger
hotspot=location
mapmod=object,13,31,164
msg="Fire is either Falling or Waiting. One element, one temperament."
repeat=false
soundfx=soundfx/inventory/inventory_page.ogg
tooltip=Book Stand

[event]
# Bedroom Clue Book
type=event
location=25,19,1,1
activate=on_trigger
hotspot=location
mapmod=object,25,19,165
msg="Wind is not Rising. Wind is Falling on the firmament."
repeat=false
soundfx=soundfx/inventory/inventory_page.ogg
tooltip=Book Stand

[event]
# Warp to Atrium
type=event
location=2,18,1,2
activate=on_trigger
hotspot=location
intermap=maps/brothers_lair_atrium.txt,26,14
soundfx=soundfx/door_open.ogg,0,0
tooltip=Brothers' Lair Atrium

[event]
# Grisbon's Diary
type=event
location=31,8,1,1
activate=on_trigger
hotspot=location
mapmod=object,31,8,164
msg="People used to ask me why I use a sword rather than a wand. It never occurs to them that the metal blade can conduct and channel lightning as well as (or better than!) any enchanted twig. ~Grisbon"
repeat=false
set_status=lb_wind_password
soundfx=soundfx/inventory/inventory_page.ogg
tooltip=Book Stand

[event]
# Crate
type=event
location=31,15,1,1
activate=on_trigger
hotspot=location
loot=loot/leveled_mid.txt
mapmod=object,31,15,163
repeat=false
soundfx=soundfx/wood_open.ogg
tooltip=Crate

[event]
# Crate
type=event
location=36,14,1,1
activate=on_trigger
hotspot=location
loot=loot/leveled_mid.txt
mapmod=object,36,14,163
repeat=false
soundfx=soundfx/wood_open.ogg
tooltip=Crate

[event]
# Crate
type=event
location=11,46,1,1
activate=on_trigger
hotspot=location
loot=loot/leveled_mid.txt
mapmod=object,11,46,163
repeat=false
soundfx=soundfx/wood_open.ogg
tooltip=Crate

[event]
# Crate
type=event
location=3,46,1,1
activate=on_trigger
hotspot=location
loot=loot/leveled_mid.txt
mapmod=object,3,46,163
repeat=false
soundfx=soundfx/wood_open.ogg
tooltip=Crate

[event]
# Barrel
type=event
location=3,45,1,1
activate=on_trigger
hotspot=location
loot=loot/leveled_mid.txt
mapmod=object,3,45,162
repeat=false
soundfx=soundfx/wood_open.ogg
tooltip=Barrel

[event]
# Barrel
type=event
location=4,46,1,1
activate=on_trigger
hotspot=location
loot=loot/leveled_mid.txt
mapmod=object,4,46,162
repeat=false
soundfx=soundfx/wood_open.ogg
tooltip=Barrel

[event]
# Barrel
type=event
location=10,46,1,1
activate=on_trigger
hotspot=location
loot=loot/leveled_mid.txt
mapmod=object,10,46,162
repeat=false
soundfx=soundfx/wood_open.ogg
tooltip=Barrel

[event]
# Barrel
type=event
location=11,44,1,1
activate=on_trigger
hotspot=location
loot=loot/leveled_mid.txt
mapmod=object,11,44,162
repeat=false
soundfx=soundfx/wood_open.ogg
tooltip=Barrel

[event]
# Barrel
type=event
location=36,15,1,1
activate=on_trigger
hotspot=location
loot=loot/leveled_mid.txt
mapmod=object,36,15,162
repeat=false
soundfx=soundfx/wood_open.ogg
tooltip=Barrel

[event]
# Grisbon's Chest
type=event
location=31,7,1,1
activate=on_trigger
hotspot=location
loot=currency,fixed,50,100;loot/leveled_high.txt
mapmod=object,31,7,160
remove_item=9103
repeat=false
requires_item=9103
set_status=lb_wind_looted
soundfx=soundfx/wood_open.ogg
tooltip=Runed Chest
unset_status=lb_wind_key

[event]
# Grisbon's Chest Locked
type=event
location=31,7,1,1
activate=on_trigger
hotspot=location
power=6
power_damage=100,150
power_path=31,7,hero
requires_not_status=lb_wind_key,lb_wind_looted
tooltip=Runed Chest

[event]
# brazier sound effect
type=event
location=9,30,7,7
activate=on_trigger
cooldown=4s
soundfx=soundfx/environment/open_fire.ogg

[event]
type=event
location=26,3,1,1
activate=on_load
unset_status=lb_wind_looted

[enemy]
type=enemy
location=34,11,1,1
category=skeletal_thundersword

[enemy]
# 4-5 Undead
type=enemy
location=3,40,9,7
category=undead
level=7,8
number=4,5

[enemy]
# 1-3 Undead
type=enemy
location=12,27,18,9
category=undead
level=7,8
number=1,3

[enemy]
# 1-3 Undead
type=enemy
location=21,18,9,18
category=undead
level=7,8
number=1,3

