[header]
width=64
height=64
tilewidth=64
tileheight=32
orientation=isometric
background_color=0,0,0,255
hero_pos=51,61
music=music/overworld_theme.ogg
tileset=tilesetdefs/tileset_grassland.txt
title=River Encampment

[tilesets]
tileset=../../../tiled/grassland/tiled_collision.png,64,32,0,0
tileset=../../../tiled/grassland/grassland.png,64,128,0,0
tileset=../../../tiled/grassland/grassland_water.png,64,64,0,32
tileset=../../../tiled/grassland/grassland_structures.png,64,256,0,0
tileset=../../../tiled/grassland/grassland_trees.png,128,256,-32,0
tileset=../../../tiled/grassland/set_rules.png,64,32,0,0
tileset=../../../tiled/grassland/tiled_grassland_2x2.png,128,64,0,16

[layer]
type=background
data=
0,0,0,16,144,176,177,178,179,146,16,17,18,19,16,0,0,0,0,0,0,0,0,0,0,0,0,0,0,0,0,0,0,0,0,0,18,144,176,146,0,0,0,0,0,0,0,0,0,0,0,0,0,0,0,0,0,0,0,0,0,0,0,0,
0,0,0,16,144,180,181,182,183,146,20,21,22,23,20,0,0,0,0,0,0,0,0,0,0,0,0,0,0,0,0,0,0,0,0,0,22,144,176,146,16,0,0,0,0,0,0,0,0,0,0,0,0,0,0,0,0,0,0,0,0,0,0,0,
0,0,0,16,155,163,185,186,187,161,153,25,26,27,24,0,0,0,0,0,0,0,0,0,0,0,0,0,0,0,0,0,0,0,0,0,26,155,163,161,153,17,18,0,0,0,0,0,0,0,0,0,0,0,0,0,0,0,0,0,0,0,0,0,
0,0,0,0,16,155,163,190,191,188,146,29,30,31,28,0,0,0,0,0,0,0,0,0,0,0,0,0,0,0,0,0,0,0,0,29,30,31,192,196,194,21,22,0,0,0,0,0,0,0,0,0,0,0,0,0,0,0,0,0,0,0,0,0,
0,0,0,0,0,18,144,178,179,176,161,153,18,19,16,0,0,0,0,0,0,0,0,0,0,0,0,0,0,0,0,0,0,0,0,17,18,19,144,180,146,25,26,0,0,0,0,0,0,0,0,0,0,0,0,0,0,0,0,0,0,0,0,0,
0,0,0,0,0,22,144,182,183,180,181,146,22,23,20,21,0,0,0,0,0,0,0,0,0,0,0,0,0,0,0,0,0,0,0,21,22,152,160,184,146,29,30,0,0,0,0,0,0,0,0,0,0,0,0,0,0,0,0,0,0,0,0,0,
0,0,0,0,25,26,155,163,187,184,185,161,153,27,24,25,26,0,0,0,0,0,0,0,0,0,0,0,0,0,0,0,0,0,24,36,36,144,176,162,154,17,0,0,0,0,0,0,0,0,0,0,0,0,0,0,0,0,0,0,0,0,0,0,
0,0,0,28,29,30,31,155,163,188,189,190,161,145,153,29,30,31,28,0,0,0,0,0,0,0,0,0,0,0,0,0,0,0,28,29,30,144,180,146,20,21,0,0,0,0,0,0,0,0,0,0,0,0,0,0,0,0,0,0,0,0,0,0,
0,0,0,16,17,18,19,16,155,163,177,178,179,176,146,17,18,19,16,17,0,0,0,0,0,0,0,0,0,0,0,0,0,0,16,17,18,155,163,146,24,25,26,0,0,0,0,0,0,0,0,0,0,0,0,0,0,0,0,0,0,0,0,0,
0,0,0,0,21,22,23,20,21,155,147,163,183,180,161,153,22,23,20,21,0,0,0,0,0,0,0,0,0,0,0,0,0,0,0,0,0,16,144,161,153,29,30,0,0,0,0,0,0,0,0,0,0,0,0,0,0,0,0,0,0,0,0,0,
0,0,0,0,0,26,27,24,25,26,27,144,187,184,185,161,153,27,24,25,0,0,0,0,0,0,0,0,0,0,0,0,0,0,0,0,0,16,155,163,161,153,18,19,0,0,0,0,0,0,0,0,0,0,0,0,0,0,0,0,0,0,0,0,
0,0,0,0,0,0,31,28,29,30,31,155,147,163,189,190,146,31,28,29,0,0,0,0,0,0,0,0,0,0,0,0,0,0,0,0,0,0,16,155,163,146,22,23,0,0,0,0,0,0,0,0,0,0,0,0,0,0,0,0,0,0,0,0,
0,0,0,0,0,0,19,16,17,18,19,16,17,155,163,178,161,153,16,17,18,0,0,0,0,0,0,0,0,0,0,0,0,0,0,0,0,0,0,17,144,161,153,27,24,0,0,0,0,0,0,0,0,0,0,0,0,0,0,0,0,0,0,0,
0,0,0,0,0,0,23,20,21,22,38,38,21,22,144,182,183,146,20,21,22,0,0,0,0,0,0,0,0,0,0,0,0,0,0,0,0,0,0,21,155,163,146,31,28,29,0,0,0,0,0,0,0,0,0,0,0,0,0,0,0,0,0,0,
0,0,0,0,0,0,27,24,25,26,27,36,25,26,155,163,187,146,24,25,26,0,0,0,0,0,0,0,0,0,0,0,0,0,0,0,0,0,0,25,26,144,161,153,16,17,0,0,0,0,0,0,0,0,0,0,0,0,0,0,0,0,0,0,
0,0,0,0,0,0,0,28,29,30,39,37,29,30,31,192,196,194,28,29,30,31,0,0,30,0,0,29,30,31,0,0,0,0,0,0,0,0,0,29,30,192,196,194,20,21,22,0,0,0,0,0,0,0,0,0,0,0,0,0,0,0,0,0,
0,0,0,0,0,0,0,16,17,18,19,16,17,18,152,160,179,161,153,17,18,19,16,17,18,19,16,17,18,19,16,0,0,0,0,0,0,0,0,17,18,144,176,161,153,25,26,27,0,0,0,0,0,0,0,0,0,0,0,0,0,0,0,0,
0,0,0,0,0,0,0,0,21,22,23,20,21,22,144,182,183,180,146,21,22,23,20,21,22,23,20,21,22,23,20,21,22,0,0,0,0,0,0,21,22,155,163,177,161,153,30,31,0,0,0,0,0,0,0,0,0,0,0,0,0,0,0,0,
0,0,0,0,0,0,0,0,25,26,27,24,25,26,155,163,187,184,146,25,26,27,24,25,26,27,24,25,26,27,24,25,26,27,0,0,0,27,0,25,26,27,144,181,182,161,153,19,0,0,0,0,0,0,0,0,0,0,0,0,0,0,0,0,
0,0,0,0,0,0,0,0,29,30,31,28,29,30,31,144,191,188,146,29,30,31,28,29,30,31,28,29,30,31,28,29,30,31,0,0,30,31,28,29,30,31,144,185,186,162,154,23,0,0,0,0,0,0,0,0,0,0,0,0,0,0,0,0,
0,0,0,0,0,0,0,0,17,18,19,16,17,18,19,144,179,176,161,153,18,19,16,17,18,19,16,17,18,19,16,17,18,19,16,17,18,19,16,17,18,152,160,189,190,146,26,27,0,0,0,0,0,0,0,0,0,0,0,0,0,0,0,0,
0,0,0,0,0,0,0,0,21,22,23,20,21,22,152,160,183,180,181,161,153,23,20,21,22,152,153,21,35,23,20,21,22,23,20,21,22,23,20,21,22,144,176,177,178,146,30,31,0,0,0,0,0,0,0,0,0,0,0,0,0,0,0,0,
0,0,0,0,0,0,0,0,0,0,27,24,25,26,155,163,187,184,185,186,161,145,153,25,152,160,161,145,193,153,24,25,26,27,24,25,26,27,24,25,26,155,163,181,182,146,18,19,0,0,0,0,0,0,0,0,0,0,0,0,0,0,0,0,
0,0,0,0,0,0,0,0,0,0,0,0,29,30,31,144,191,162,147,147,147,163,161,145,160,187,184,185,203,146,28,29,30,31,28,29,30,31,28,29,30,31,144,185,186,146,0,0,0,0,0,0,0,0,0,0,0,0,0,0,0,0,0,0,
0,0,0,0,0,0,0,0,0,0,0,0,17,18,19,192,204,194,16,17,18,155,163,189,190,191,188,189,199,161,153,17,18,19,16,17,18,19,16,17,18,19,144,189,190,146,0,0,0,0,0,0,0,0,0,0,0,0,0,0,0,0,0,0,
0,0,0,0,0,0,0,0,0,0,0,0,21,22,23,155,163,146,20,21,22,23,144,177,178,179,176,177,207,179,146,21,22,23,20,21,22,23,20,21,22,152,160,177,178,146,0,0,0,0,0,0,0,0,0,0,0,0,0,0,0,0,0,0,
0,0,0,0,0,0,0,0,0,0,0,0,0,0,0,16,144,161,145,153,26,27,144,181,182,183,180,181,203,183,161,153,26,27,24,25,26,27,30,17,26,144,180,181,162,154,18,0,0,0,0,0,0,0,0,0,0,0,0,0,0,0,0,0,
0,0,0,0,0,0,0,0,0,0,0,0,0,0,0,16,155,163,184,161,145,145,160,185,186,187,184,185,205,187,184,161,153,31,28,29,152,145,193,145,145,160,184,185,146,21,22,23,0,0,0,0,0,0,0,0,0,0,0,0,0,0,0,0,
0,0,0,0,0,0,0,0,0,0,0,0,0,0,0,0,16,144,188,189,190,191,188,189,190,191,188,189,203,191,188,189,161,145,145,145,160,191,188,189,190,191,188,162,154,25,26,27,24,0,0,0,0,0,0,0,0,0,0,0,0,0,0,0,
0,0,0,0,0,0,0,0,0,0,0,0,0,0,0,0,16,155,147,163,178,179,176,177,178,179,162,147,195,163,176,177,178,179,176,177,178,179,176,177,178,179,176,146,28,29,30,31,28,0,0,0,0,0,0,0,0,0,0,0,0,0,0,0,
0,0,0,0,0,0,0,0,0,0,0,0,0,0,0,0,0,17,18,155,147,163,180,181,182,162,40,39,34,155,163,181,182,183,180,181,182,183,180,181,182,183,180,146,16,17,18,19,16,0,0,0,0,0,0,0,0,0,0,0,0,0,0,0,
0,0,0,0,0,0,0,0,0,0,0,0,0,0,0,0,0,21,22,23,20,155,147,163,186,146,20,36,22,23,144,185,186,187,184,185,186,187,184,185,186,187,184,146,20,21,22,23,20,21,0,0,0,0,0,0,0,0,0,0,0,0,0,0,
0,0,0,0,0,0,0,0,0,0,0,0,0,0,0,0,24,25,26,27,24,25,26,144,190,146,34,40,26,27,144,189,190,191,188,189,190,191,205,189,190,191,188,161,153,25,26,27,24,25,0,0,0,0,0,0,0,0,0,0,0,0,0,0,
0,0,0,0,0,0,0,0,0,0,0,0,0,0,0,0,28,29,30,31,28,29,30,192,204,194,28,29,30,31,144,177,178,179,176,177,178,162,195,147,163,179,176,177,146,29,30,31,28,0,0,0,0,0,0,0,0,0,0,0,0,0,0,0,
0,0,0,0,0,0,0,0,0,0,0,0,0,0,0,0,0,17,42,19,16,17,18,144,182,161,145,153,18,152,160,181,182,183,180,181,162,154,18,19,155,147,163,181,146,17,18,19,16,0,0,0,0,0,0,0,0,0,0,0,0,0,0,0,
0,0,0,0,0,0,0,0,0,0,0,0,0,0,0,0,0,21,22,23,20,21,22,155,147,147,163,161,145,160,184,185,186,187,184,185,146,21,22,23,20,21,155,163,146,21,22,23,20,0,0,0,0,0,0,0,0,0,0,0,0,0,0,0,
0,0,0,0,0,0,0,0,0,0,0,0,0,0,0,0,0,25,26,40,24,25,26,27,24,25,155,163,190,191,188,189,190,191,188,162,154,25,26,27,24,25,26,192,194,25,26,27,24,0,0,0,0,0,0,0,0,0,0,0,0,0,0,0,
0,0,0,0,0,0,0,0,0,0,0,0,0,0,0,0,0,29,30,31,28,29,30,31,28,29,30,144,178,179,176,177,178,179,176,146,28,29,30,31,28,29,152,160,146,29,30,31,28,29,30,31,0,0,0,0,0,0,0,0,0,0,0,0,
0,0,0,0,0,0,0,0,0,0,0,0,0,0,0,0,0,0,0,19,16,17,18,19,16,17,18,144,182,183,180,181,182,183,180,146,16,17,18,19,16,17,155,163,146,17,18,19,16,17,18,19,16,0,0,0,0,0,0,0,0,0,0,0,
0,0,0,0,0,0,0,0,0,0,0,0,0,0,0,0,0,0,0,23,20,21,22,0,0,0,22,155,147,163,184,185,186,187,184,146,20,21,22,23,20,21,22,144,161,153,22,23,20,21,22,23,20,21,0,0,0,0,0,0,0,0,0,0,
0,0,0,0,0,0,0,0,0,0,0,0,0,0,0,0,0,0,26,27,24,25,26,27,0,0,0,0,16,155,147,147,147,163,188,161,153,25,26,27,24,25,152,160,178,161,153,35,24,152,153,27,24,25,26,0,0,0,0,0,0,0,0,0,
0,0,0,0,0,0,0,0,0,0,0,0,0,0,0,0,0,0,0,31,28,29,30,31,0,0,0,0,0,0,30,31,28,155,163,176,161,153,30,31,152,145,160,181,182,183,161,193,145,160,146,31,28,29,30,31,28,0,0,0,0,0,0,0,
0,0,0,0,0,0,0,0,0,0,0,0,0,0,0,0,0,0,0,19,16,17,18,19,0,0,0,0,0,0,0,19,16,17,155,163,176,161,193,145,160,187,184,185,186,187,184,197,186,187,161,145,153,17,18,19,16,17,18,0,0,0,0,0,
0,0,0,0,0,0,0,0,0,0,0,0,0,0,0,0,0,0,0,23,20,21,22,0,0,0,0,0,0,0,0,23,20,21,22,155,147,163,205,189,190,191,188,189,190,191,188,189,190,191,188,189,161,145,145,153,20,21,22,23,0,0,0,0,
0,0,0,0,0,0,0,0,0,0,0,0,0,0,0,0,0,0,0,0,24,25,26,27,0,0,0,0,0,0,26,27,24,25,26,27,24,155,195,147,147,147,163,177,178,179,176,177,178,179,176,177,178,179,176,146,24,25,26,27,0,0,0,0,
0,0,0,0,0,0,0,0,0,0,0,0,0,0,0,0,0,0,0,0,0,29,30,31,28,0,0,0,0,0,0,31,28,29,30,31,28,29,30,31,28,29,155,163,182,183,180,181,182,183,180,181,182,183,162,154,28,29,30,31,28,0,0,0,
0,0,0,0,0,0,0,0,0,0,0,0,0,0,0,0,0,0,0,0,0,0,18,19,16,17,0,0,0,0,0,19,16,17,18,19,16,17,18,19,16,17,18,144,186,187,184,185,186,187,184,185,186,187,146,19,16,17,18,19,16,0,0,0,
0,0,0,0,0,0,0,0,0,0,0,0,0,0,0,0,0,0,0,0,0,0,22,23,20,21,22,23,0,0,0,23,20,21,22,23,20,21,22,23,20,21,22,155,163,162,147,147,147,163,188,189,190,191,146,23,20,21,22,23,20,0,0,0,
0,0,0,0,0,0,0,0,0,0,0,0,0,0,0,0,0,0,0,0,0,0,0,27,24,25,26,27,24,0,0,27,24,25,26,27,24,25,0,0,0,0,0,16,155,154,17,18,19,155,163,177,178,179,146,27,24,25,26,27,24,0,0,0,
0,0,0,0,0,0,0,0,0,0,0,0,0,0,0,0,0,0,0,0,0,0,0,0,28,29,30,31,28,29,30,31,28,29,0,0,0,0,0,0,0,0,0,0,0,20,21,22,23,20,144,181,182,183,161,153,28,29,30,31,28,29,0,0,
0,0,0,0,0,0,0,0,0,0,0,0,0,0,0,0,0,0,0,0,0,0,0,0,0,0,18,19,16,17,18,19,16,17,0,0,0,0,0,0,0,0,0,0,0,24,25,26,27,24,192,198,206,202,204,194,16,17,18,19,16,17,0,0,
0,0,0,0,0,0,0,0,0,0,0,0,0,0,0,0,0,0,0,0,0,0,0,0,0,0,0,23,20,21,22,23,20,0,0,0,0,0,0,0,0,0,0,0,0,0,29,30,31,28,144,189,190,191,188,161,153,21,22,23,20,21,0,0,
0,0,0,0,0,0,0,0,0,0,0,0,0,0,0,0,0,0,0,0,0,0,0,0,0,0,0,0,0,25,26,0,0,0,0,0,0,0,0,0,0,0,0,0,0,0,17,18,19,16,144,177,178,179,176,177,161,153,26,27,24,0,0,0,
0,0,0,0,0,0,0,0,0,0,0,0,0,0,0,0,0,0,0,0,0,0,0,0,0,0,0,0,0,0,0,0,0,0,0,0,0,0,0,0,0,0,0,0,0,0,0,22,23,20,155,163,182,183,180,181,182,146,30,31,28,0,0,0,
0,0,0,0,0,0,0,0,0,0,0,0,0,0,0,0,0,0,0,0,0,0,0,0,0,0,0,0,0,0,0,0,0,0,0,0,0,0,0,0,0,0,0,0,0,0,0,0,27,24,25,155,163,187,184,185,186,146,18,19,16,0,0,0,
0,0,0,0,0,0,0,0,0,0,0,0,0,0,0,0,0,0,0,0,0,0,0,0,0,0,0,0,0,0,0,0,0,0,0,0,0,0,0,0,0,0,0,0,0,0,0,0,31,28,29,30,144,191,188,189,190,161,153,23,20,0,0,0,
0,0,0,0,0,0,0,0,0,0,0,0,0,0,0,0,0,0,0,0,0,0,0,0,0,0,0,0,0,0,0,0,0,0,0,0,0,0,0,0,0,0,0,0,0,0,0,0,19,16,17,18,148,179,176,177,178,179,146,27,24,0,0,0,
0,0,0,0,0,0,0,0,0,0,0,0,0,0,0,0,0,0,0,0,0,0,0,0,0,0,0,0,0,0,0,0,0,0,0,0,0,0,0,0,0,0,0,0,0,0,0,0,23,20,21,22,148,183,180,181,182,183,161,153,0,0,0,0,
0,0,0,0,0,0,0,0,0,0,0,0,0,0,0,0,0,0,0,0,0,0,0,0,0,0,0,0,0,0,0,0,0,0,0,0,0,0,0,0,0,0,0,0,0,0,0,0,27,24,25,26,144,187,184,185,186,187,184,146,0,0,0,0,
0,0,0,0,0,0,0,0,0,0,0,0,0,0,0,0,0,0,0,0,0,0,0,0,0,0,0,0,0,0,0,0,0,0,0,0,0,0,0,0,0,0,0,0,0,0,0,0,31,28,29,30,148,191,188,189,190,191,188,146,0,0,0,0,
0,0,0,0,0,0,0,0,0,0,0,0,0,0,0,0,0,0,0,0,0,0,0,0,0,0,0,0,0,0,0,0,0,0,0,0,0,0,0,0,0,0,0,0,0,0,0,0,19,16,17,47,155,163,176,177,178,179,176,146,0,0,0,0,
0,0,0,0,0,0,0,0,0,0,0,0,0,0,0,0,0,0,0,0,0,0,0,0,0,0,0,0,0,0,0,0,0,0,0,0,0,0,0,0,0,0,0,0,0,0,0,0,0,20,21,34,47,144,180,181,182,183,180,146,0,0,0,0,
0,0,0,0,0,0,0,0,0,0,0,0,0,0,0,0,0,0,0,0,0,0,0,0,0,0,0,0,0,0,0,0,0,0,0,0,0,0,0,0,0,0,0,0,0,0,0,0,0,0,25,16,16,144,184,185,186,187,184,146,16,0,0,0,
0,0,0,0,0,0,0,0,0,0,0,0,0,0,0,0,0,0,0,0,0,0,0,0,0,0,0,0,0,0,0,0,0,0,0,0,0,0,0,0,0,0,0,0,0,0,0,0,0,0,0,0,0,0,0,0,0,0,0,0,0,0,0,0

[layer]
type=object
data=
0,0,0,52,0,0,0,0,0,0,248,0,0,69,49,61,0,0,0,0,0,0,0,0,0,0,0,0,0,0,0,0,0,0,0,0,48,0,0,0,50,0,0,0,0,0,0,0,0,0,0,0,0,0,0,0,0,0,0,0,0,0,0,0,
0,0,0,48,0,0,0,0,0,0,0,121,0,249,0,50,0,0,0,0,0,0,0,0,0,0,0,0,0,0,0,0,0,0,0,0,52,0,0,0,69,57,0,0,0,0,0,0,0,0,0,0,0,0,0,0,0,0,0,0,0,0,0,0,
0,0,0,48,0,0,0,0,0,0,0,0,125,121,0,50,0,0,0,0,0,0,0,0,0,0,0,0,0,0,0,0,0,0,0,60,64,127,0,114,254,65,49,61,0,0,0,0,0,0,0,0,0,0,0,0,0,0,0,0,0,0,0,0,
0,0,0,59,67,255,0,0,0,0,0,0,253,125,0,54,0,0,0,0,0,0,0,0,0,0,0,0,0,0,0,0,0,0,0,225,0,0,0,0,0,0,0,50,0,0,0,0,0,0,0,0,0,0,0,0,0,0,0,0,0,0,0,0,
0,0,0,0,59,71,0,0,0,0,0,113,0,120,0,50,0,0,0,0,0,0,0,0,0,0,0,0,0,0,0,0,0,0,0,224,126,0,0,0,0,0,0,50,0,0,0,0,0,0,0,0,0,0,0,0,0,0,0,0,0,0,0,0,
0,0,0,0,56,64,112,0,0,0,0,0,126,0,0,65,57,0,0,0,0,0,0,0,0,0,0,0,0,0,0,0,0,0,56,64,0,0,0,0,0,0,0,54,0,0,0,0,0,0,0,0,0,0,0,0,0,0,0,0,0,0,0,0,
0,0,0,60,64,0,0,0,0,0,0,0,127,0,0,0,65,61,0,0,0,0,0,0,0,0,0,0,0,0,0,0,0,0,48,143,126,0,0,0,124,0,0,65,57,0,0,0,0,0,0,0,0,0,0,0,0,0,0,0,0,0,0,0,
0,0,0,48,0,121,0,127,0,130,0,0,0,127,0,0,0,69,53,57,0,0,0,0,0,0,0,0,0,0,0,0,0,0,52,118,0,0,115,0,0,0,0,66,58,0,0,0,0,0,0,0,0,0,0,0,0,0,0,0,0,0,0,0,
0,0,0,52,121,244,0,0,0,0,0,0,0,0,0,0,0,254,121,65,57,0,0,0,0,0,0,0,0,0,0,0,0,0,48,246,124,0,0,121,127,0,0,54,0,0,0,0,0,0,0,0,0,0,0,0,0,0,0,0,0,0,0,0,
0,0,0,59,67,126,126,0,245,0,0,0,0,0,0,0,0,125,0,0,50,0,0,0,0,0,0,0,0,0,0,0,0,0,59,55,51,71,0,0,0,0,0,50,0,0,0,0,0,0,0,0,0,0,0,0,0,0,0,0,0,0,0,0,
0,0,0,0,59,67,0,0,0,0,0,0,0,0,0,0,0,0,0,0,54,0,0,0,0,0,0,0,0,0,0,0,0,0,0,0,0,48,0,0,114,0,0,65,61,0,0,0,0,0,0,0,0,0,0,0,0,0,0,0,0,0,0,0,
0,0,0,0,0,59,67,0,0,0,124,0,113,0,0,0,0,0,120,122,50,0,0,0,0,0,0,0,0,0,0,0,0,0,0,0,0,63,67,0,0,0,127,0,50,0,0,0,0,0,0,0,0,0,0,0,0,0,0,0,0,0,0,0,
0,0,0,0,0,0,48,0,101,133,0,0,0,0,0,0,0,0,0,123,65,61,0,0,0,0,0,0,0,0,0,0,0,0,0,0,0,0,59,71,0,0,0,0,69,57,0,0,0,0,0,0,0,0,0,0,0,0,0,0,0,0,0,0,
0,0,0,0,0,0,52,0,0,0,98,0,0,124,0,0,0,0,0,0,0,50,0,0,0,0,0,0,0,0,0,0,0,0,0,0,0,0,0,48,0,0,0,121,0,65,61,0,0,0,0,0,0,0,0,0,0,0,0,0,0,0,0,0,
0,0,0,0,0,0,48,131,132,74,75,0,0,126,0,0,115,0,0,127,0,50,0,0,0,0,0,0,0,0,0,0,0,0,0,0,0,0,0,48,0,0,0,0,0,118,50,0,0,0,0,0,0,0,0,0,0,0,0,0,0,0,0,0,
0,0,0,0,0,0,59,67,100,96,0,0,0,125,0,0,0,0,0,0,0,69,57,56,49,57,56,53,53,49,57,0,0,0,0,0,0,0,0,52,125,0,0,0,0,0,65,57,0,0,0,0,0,0,0,0,0,0,0,0,0,0,0,0,
0,0,0,0,0,0,0,48,0,0,102,0,0,0,0,0,0,0,0,0,126,0,65,68,121,65,64,74,75,0,65,57,0,0,0,0,0,0,0,48,0,0,0,0,0,119,0,65,57,0,0,0,0,0,0,0,0,0,0,0,0,0,0,0,
0,0,0,0,0,0,0,59,71,135,0,0,0,0,0,0,114,0,0,0,0,0,0,113,0,125,124,0,0,0,244,65,49,57,0,0,0,0,0,52,0,0,0,114,0,0,0,0,50,0,0,0,0,0,0,0,0,0,0,0,0,0,0,0,
0,0,0,0,0,0,0,0,48,0,128,127,120,0,0,0,0,0,0,0,0,0,0,0,0,0,0,0,102,0,0,73,101,65,57,0,60,53,57,48,120,0,0,0,0,0,0,0,54,0,0,0,0,0,0,0,0,0,0,0,0,0,0,0,
0,0,0,0,0,0,0,0,52,0,73,0,0,124,0,0,0,0,0,0,136,0,0,0,0,0,127,0,0,0,124,72,103,0,50,56,64,100,69,68,0,0,0,0,0,0,0,0,50,0,0,0,0,0,0,0,0,0,0,0,0,0,0,0,
0,0,0,0,0,0,0,0,52,101,72,0,0,0,0,109,0,0,0,0,0,0,0,0,0,0,127,124,0,0,127,0,0,124,65,68,106,107,121,255,0,0,0,0,0,0,0,0,54,0,0,0,0,0,0,0,0,0,0,0,0,0,0,0,
0,0,0,0,0,0,0,0,48,251,0,124,0,0,0,108,0,0,0,0,0,124,120,0,0,0,0,0,0,124,0,0,0,73,0,74,75,0,124,0,0,0,0,0,0,0,241,0,50,0,0,0,0,0,0,0,0,0,0,0,0,0,0,0,
0,0,0,0,0,0,0,0,63,51,67,0,0,124,0,0,121,0,0,0,0,0,0,0,112,243,0,0,0,0,0,0,0,72,0,0,0,0,124,0,126,0,0,0,0,0,0,0,54,0,0,0,0,0,0,0,0,0,0,0,0,0,0,0,
0,0,0,0,0,0,0,0,0,0,59,51,67,0,0,0,120,0,0,0,0,0,0,0,0,0,0,114,0,0,0,0,124,0,0,0,102,0,0,0,0,0,0,0,0,0,66,51,62,0,0,0,0,0,0,0,0,0,0,0,0,0,0,0,
0,0,0,0,0,0,0,0,0,0,0,0,48,123,0,0,0,0,0,102,0,131,0,0,0,0,120,0,0,0,0,0,126,0,127,0,0,0,0,0,136,0,0,0,0,0,50,0,0,0,0,0,0,0,0,0,0,0,0,0,0,0,0,0,
0,0,0,0,0,0,0,0,0,0,0,0,48,0,0,112,0,0,125,0,0,73,0,0,0,0,0,0,0,0,0,0,0,124,122,0,124,0,0,0,0,0,0,0,0,0,50,0,0,0,0,0,0,0,0,0,0,0,0,0,0,0,0,0,
0,0,0,0,0,0,0,0,0,0,0,0,59,51,55,71,0,0,0,0,0,72,0,0,0,0,0,0,0,0,114,0,126,0,0,0,125,0,0,113,0,0,0,0,130,0,65,57,0,0,0,0,0,0,0,0,0,0,0,0,0,0,0,0,
0,0,0,0,0,0,0,0,0,0,0,0,0,0,0,48,130,0,114,0,0,0,0,0,115,0,0,0,0,0,0,0,0,0,0,122,0,0,96,0,0,245,0,0,0,0,73,65,61,0,0,0,0,0,0,0,0,0,0,0,0,0,0,0,
0,0,0,0,0,0,0,0,0,0,0,0,0,0,0,63,67,0,0,0,0,0,0,0,0,0,0,0,0,0,0,0,0,106,107,110,111,0,168,169,170,0,0,0,0,122,72,0,65,0,0,0,0,0,0,0,0,0,0,0,0,0,0,0,
0,0,0,0,0,0,0,0,0,0,0,0,0,0,0,0,48,0,0,0,0,0,0,0,0,0,0,0,0,0,0,0,0,0,0,0,120,0,120,0,0,0,0,0,73,0,0,0,0,50,0,0,0,0,0,0,0,0,0,0,0,0,0,0,
0,0,0,0,0,0,0,0,0,0,0,0,0,0,0,0,59,71,240,0,0,0,0,0,0,0,100,125,0,0,115,128,0,0,0,0,0,0,0,0,0,0,0,0,72,0,102,0,0,50,0,0,0,0,0,0,0,0,0,0,0,0,0,0,
0,0,0,0,0,0,0,0,0,0,0,0,0,0,0,0,60,68,0,120,136,0,0,0,0,0,137,0,124,131,0,115,0,0,0,0,0,0,0,0,0,0,0,0,120,0,127,0,0,65,57,0,0,0,0,0,0,0,0,0,0,0,0,0,
0,0,0,0,0,0,0,0,0,0,0,0,0,0,0,0,52,123,126,0,0,0,112,0,115,0,0,0,0,0,0,0,0,0,0,0,0,0,0,0,0,0,0,0,0,0,0,0,0,0,50,0,0,0,0,0,0,0,0,0,0,0,0,0,
0,0,0,0,0,0,0,0,0,0,0,0,0,0,0,0,52,74,75,0,0,126,0,0,0,0,0,0,0,120,0,0,0,0,0,0,0,0,0,0,0,0,0,0,0,0,125,0,0,66,62,0,0,0,0,0,0,0,0,0,0,0,0,0,
0,0,0,0,0,0,0,0,0,0,0,0,0,0,0,0,63,67,0,0,0,0,0,0,0,0,0,0,127,0,0,0,0,0,0,0,0,126,0,122,0,0,0,0,0,105,0,0,0,54,0,0,0,0,0,0,0,0,0,0,0,0,0,0,
0,0,0,0,0,0,0,0,0,0,0,0,0,0,0,0,0,48,0,102,0,0,0,124,0,0,0,0,0,0,0,0,0,0,0,0,0,73,0,0,0,120,0,0,0,104,0,0,0,50,0,0,0,0,0,0,0,0,0,0,0,0,0,0,
0,0,0,0,0,0,0,0,0,0,0,0,0,0,0,0,0,52,73,0,0,0,126,0,0,73,100,0,114,0,0,120,0,0,0,0,103,72,0,126,0,0,0,0,0,0,0,0,0,50,0,0,0,0,0,0,0,0,0,0,0,0,0,0,
0,0,0,0,0,0,0,0,0,0,0,0,0,0,0,0,0,48,72,0,0,0,0,0,125,72,131,0,114,0,0,0,0,0,0,0,0,127,127,102,0,0,125,0,0,0,0,121,0,69,53,49,57,0,0,0,0,0,0,0,0,0,0,0,
0,0,0,0,0,0,0,0,0,0,0,0,0,0,0,0,0,59,51,71,0,0,0,0,0,0,113,0,0,0,0,0,0,0,0,0,74,75,0,0,0,0,0,0,0,0,0,0,0,0,0,0,65,61,0,0,0,0,0,0,0,0,0,0,
0,0,0,0,0,0,0,0,0,0,0,0,0,0,0,0,0,0,56,64,0,0,0,66,55,51,67,0,0,115,0,0,0,0,0,0,0,0,0,0,0,0,100,0,114,0,126,0,127,0,0,0,253,69,57,0,0,0,0,0,0,0,0,0,
0,0,0,0,0,0,0,0,0,0,0,0,0,0,0,0,0,0,48,0,0,124,0,65,57,0,59,51,67,0,0,0,0,0,0,0,242,0,0,124,0,127,0,0,0,0,0,0,112,0,0,0,0,0,65,57,0,0,0,0,0,0,0,0,
0,0,0,0,0,0,0,0,0,0,0,0,0,0,0,0,0,0,59,67,0,0,0,0,50,0,0,0,63,51,67,74,75,0,0,0,0,0,126,0,0,0,0,0,0,0,0,0,0,0,0,0,0,126,126,65,49,61,0,0,0,0,0,0,
0,0,0,0,0,0,0,0,0,0,0,0,0,0,0,0,0,0,0,48,253,0,0,0,54,0,0,0,0,0,59,71,0,0,123,0,0,0,0,0,0,0,0,120,0,0,0,0,0,0,128,0,0,0,0,127,125,65,49,57,0,0,0,0,
0,0,0,0,0,0,0,0,0,0,0,0,0,0,0,0,0,0,0,52,98,0,0,66,58,0,0,0,0,0,56,68,102,127,0,0,0,0,0,0,0,0,131,0,0,0,0,0,0,114,0,0,120,0,0,0,127,125,0,65,61,0,0,0,
0,0,0,0,0,0,0,0,0,0,0,0,0,0,0,0,0,0,0,59,67,0,127,69,57,0,0,0,0,0,48,130,124,124,125,0,0,0,0,0,0,0,114,0,0,0,0,0,0,0,0,0,0,0,0,0,0,0,0,0,50,0,0,0,
0,0,0,0,0,0,0,0,0,0,0,0,0,0,0,0,0,0,0,0,59,67,127,0,65,57,0,0,0,0,59,67,123,0,0,0,0,0,0,0,0,0,0,0,0,0,0,0,0,0,0,0,0,0,0,115,0,0,74,75,65,57,0,0,
0,0,0,0,0,0,0,0,0,0,0,0,0,0,0,0,0,0,0,0,0,59,71,0,0,69,61,0,0,0,0,52,0,0,0,0,0,0,0,0,0,0,0,0,0,0,0,0,0,0,0,0,0,0,0,0,102,0,0,0,0,50,0,0,
0,0,0,0,0,0,0,0,0,0,0,0,0,0,0,0,0,0,0,0,0,0,52,123,0,0,65,53,57,0,0,48,127,0,0,0,0,0,0,0,0,0,0,249,0,0,0,0,0,0,0,0,0,0,0,0,0,0,0,73,0,54,0,0,
0,0,0,0,0,0,0,0,0,0,0,0,0,0,0,0,0,0,0,0,0,0,59,67,0,124,0,129,65,57,60,64,0,0,0,0,0,0,66,51,55,55,51,67,0,0,0,0,121,0,0,0,0,0,0,0,0,0,0,72,0,50,0,0,
0,0,0,0,0,0,0,0,0,0,0,0,0,0,0,0,0,0,0,0,0,0,0,63,67,0,0,0,249,65,68,0,0,0,66,51,51,51,62,0,0,0,0,59,51,71,252,0,124,0,0,0,0,0,114,0,0,0,0,126,127,65,57,0,
0,0,0,0,0,0,0,0,0,0,0,0,0,0,0,0,0,0,0,0,0,0,0,0,59,51,71,0,0,124,0,0,0,0,50,0,0,0,0,0,0,0,0,0,0,48,112,125,127,0,0,0,0,0,0,0,0,126,124,124,127,0,54,0,
0,0,0,0,0,0,0,0,0,0,0,0,0,0,0,0,0,0,0,0,0,0,0,0,0,0,59,67,123,0,0,0,0,66,58,0,0,0,0,0,0,0,0,0,0,59,67,126,0,0,0,0,0,0,0,0,0,0,125,0,0,0,54,0,
0,0,0,0,0,0,0,0,0,0,0,0,0,0,0,0,0,0,0,0,0,0,0,0,0,0,0,59,51,67,0,66,55,58,0,0,0,0,0,0,0,0,0,0,0,0,48,125,127,0,0,0,114,0,0,0,114,0,121,0,0,66,58,0,
0,0,0,0,0,0,0,0,0,0,0,0,0,0,0,0,0,0,0,0,0,0,0,0,0,0,0,0,0,59,51,62,0,0,0,0,0,0,0,0,0,0,0,0,0,0,59,71,126,0,0,0,115,0,0,0,0,0,0,0,0,50,0,0,
0,0,0,0,0,0,0,0,0,0,0,0,0,0,0,0,0,0,0,0,0,0,0,0,0,0,0,0,0,0,0,0,0,0,0,0,0,0,0,0,0,0,0,0,0,0,0,59,67,0,0,0,0,0,0,0,0,0,0,0,0,50,0,0,
0,0,0,0,0,0,0,0,0,0,0,0,0,0,0,0,0,0,0,0,0,0,0,0,0,0,0,0,0,0,0,0,0,0,0,0,0,0,0,0,0,0,0,0,0,0,0,0,48,0,0,0,0,0,0,0,0,0,0,0,0,54,0,0,
0,0,0,0,0,0,0,0,0,0,0,0,0,0,0,0,0,0,0,0,0,0,0,0,0,0,0,0,0,0,0,0,0,0,0,0,0,0,0,0,0,0,0,0,0,0,0,0,52,0,0,0,0,0,0,0,0,0,0,0,0,50,0,0,
0,0,0,0,0,0,0,0,0,0,0,0,0,0,0,0,0,0,0,0,0,0,0,0,0,0,0,0,0,0,0,0,0,0,0,0,0,0,0,0,0,0,0,0,0,0,0,0,48,0,0,0,0,0,0,0,0,0,0,0,66,58,0,0,
0,0,0,0,0,0,0,0,0,0,0,0,0,0,0,0,0,0,0,0,0,0,0,0,0,0,0,0,0,0,0,0,0,0,0,0,0,0,0,0,0,0,0,0,0,0,0,0,52,0,0,0,0,0,0,0,0,0,0,0,50,0,0,0,
0,0,0,0,0,0,0,0,0,0,0,0,0,0,0,0,0,0,0,0,0,0,0,0,0,0,0,0,0,0,0,0,0,0,0,0,0,0,0,0,0,0,0,0,0,0,0,0,48,121,0,0,0,0,0,0,0,0,0,0,50,0,0,0,
0,0,0,0,0,0,0,0,0,0,0,0,0,0,0,0,0,0,0,0,0,0,0,0,0,0,0,0,0,0,0,0,0,0,0,0,0,0,0,0,0,0,0,0,0,0,0,0,48,0,0,0,0,0,130,0,0,0,0,0,50,0,0,0,
0,0,0,0,0,0,0,0,0,0,0,0,0,0,0,0,0,0,0,0,0,0,0,0,0,0,0,0,0,0,0,0,0,0,0,0,0,0,0,0,0,0,0,0,0,0,0,0,59,67,0,0,0,0,0,0,0,0,0,0,50,0,0,0,
0,0,0,0,0,0,0,0,0,0,0,0,0,0,0,0,0,0,0,0,0,0,0,0,0,0,0,0,0,0,0,0,0,0,0,0,0,0,0,0,0,0,0,0,0,0,0,0,0,59,67,95,95,0,0,0,0,0,0,0,65,57,0,0,
0,0,0,0,0,0,0,0,0,0,0,0,0,0,0,0,0,0,0,0,0,0,0,0,0,0,0,0,0,0,0,0,0,0,0,0,0,0,0,0,0,0,0,0,0,0,0,0,0,0,0,0,0,0,0,0,0,0,0,0,0,0,0,0

[layer]
type=collision
data=
3,3,3,1,3,3,3,3,3,3,1,1,1,1,1,1,3,3,3,3,3,3,3,3,3,3,3,3,3,3,3,3,3,3,3,3,1,3,3,3,1,3,3,3,3,3,3,3,3,3,3,3,3,3,3,3,3,3,3,3,3,3,3,3,
3,3,3,1,2,2,2,2,2,2,0,0,0,2,0,1,3,3,3,3,3,3,3,3,3,3,3,3,3,3,3,3,3,3,3,3,1,2,2,2,1,1,3,3,3,3,3,3,3,3,3,3,3,3,3,3,3,3,3,3,3,3,3,3,
3,3,3,1,2,2,2,2,2,2,2,0,0,0,0,1,3,3,3,3,3,3,3,3,3,3,3,3,3,3,3,3,3,3,1,1,1,2,2,2,2,1,1,1,3,3,3,3,3,3,3,3,3,3,3,3,3,3,3,3,3,3,3,3,
3,3,3,1,1,2,2,2,2,2,2,0,2,0,0,1,3,3,3,3,3,3,3,3,3,3,3,3,3,3,3,3,3,3,1,0,0,0,0,0,0,0,0,1,3,3,3,3,3,3,3,3,3,3,3,3,3,3,3,3,3,3,3,3,
3,3,3,3,1,1,2,2,2,2,2,2,0,0,0,1,3,3,3,3,3,3,3,3,3,3,3,3,3,3,3,3,3,3,1,0,0,0,2,2,2,0,0,1,3,3,3,3,3,3,3,3,3,3,3,3,3,3,3,3,3,3,3,3,
3,3,3,3,1,1,2,2,2,2,2,2,0,0,0,1,1,3,3,3,3,3,3,3,3,3,3,3,3,3,3,3,3,3,1,1,0,2,2,2,2,0,0,1,3,3,3,3,3,3,3,3,3,3,3,3,3,3,3,3,3,3,3,3,
3,3,3,1,1,0,2,2,2,2,2,2,2,0,0,0,1,1,3,3,3,3,3,3,3,3,3,3,3,3,3,3,3,3,1,4,0,2,2,2,2,0,0,1,1,3,3,3,3,3,3,3,3,3,3,3,3,3,3,3,3,3,3,3,
3,3,3,1,0,0,0,2,2,2,2,2,2,2,2,0,0,1,1,1,3,3,3,3,3,3,3,3,3,3,3,3,3,3,1,0,0,2,2,2,0,0,0,1,1,3,3,3,3,3,3,3,3,3,3,3,3,3,3,3,3,3,3,3,
3,3,3,1,0,4,0,0,2,2,2,2,2,2,2,0,0,4,0,1,1,3,3,3,3,3,3,3,3,3,3,3,3,3,1,4,0,2,2,2,0,0,0,1,3,3,3,3,3,3,3,3,3,3,3,3,3,3,3,3,3,3,3,3,
3,3,3,1,1,0,0,0,4,2,2,2,2,2,2,2,0,0,0,0,1,3,3,3,3,3,3,3,3,3,3,3,3,3,1,1,1,1,2,2,2,0,0,1,3,3,3,3,3,3,3,3,3,3,3,3,3,3,3,3,3,3,3,3,
3,3,3,3,1,1,0,0,0,0,0,2,2,2,2,2,2,0,0,0,1,3,3,3,3,3,3,3,3,3,3,3,3,3,3,3,3,1,2,2,2,2,0,1,1,3,3,3,3,3,3,3,3,3,3,3,3,3,3,3,3,3,3,3,
3,3,3,3,3,1,1,0,0,0,0,2,2,2,2,2,2,0,0,0,1,3,3,3,3,3,3,3,3,3,3,3,3,3,3,3,3,1,1,2,2,2,0,0,1,3,3,3,3,3,3,3,3,3,3,3,3,3,3,3,3,3,3,3,
3,3,3,3,3,3,1,0,4,1,0,0,0,2,2,2,2,2,0,0,1,1,3,3,3,3,3,3,3,3,3,3,3,3,3,3,3,3,1,1,2,2,2,0,1,1,3,3,3,3,3,3,3,3,3,3,3,3,3,3,3,3,3,3,
3,3,3,3,3,3,1,0,0,0,4,0,0,0,2,2,2,2,0,0,0,1,3,3,3,3,3,3,3,3,3,3,3,3,3,3,3,3,3,1,2,2,2,0,0,1,1,3,3,3,3,3,3,3,3,3,3,3,3,3,3,3,3,3,
3,3,3,3,3,3,1,0,1,4,4,0,0,0,2,2,2,2,0,0,0,1,3,3,3,3,3,3,3,3,3,3,3,3,3,3,3,3,3,1,0,2,2,2,0,0,1,3,3,3,3,3,3,3,3,3,3,3,3,3,3,3,3,3,
3,3,3,3,3,3,1,1,4,4,0,0,0,0,0,0,0,0,0,0,0,1,1,1,1,1,1,1,1,1,1,3,3,3,3,3,3,3,3,1,0,0,0,0,0,0,1,1,3,3,3,3,3,3,3,3,3,3,3,3,3,3,3,3,
3,3,3,3,3,3,3,1,0,0,4,0,0,0,2,2,2,2,2,0,0,0,1,1,0,1,1,4,4,0,1,1,3,3,3,3,3,3,3,1,0,2,2,2,2,0,0,1,1,3,3,3,3,3,3,3,3,3,3,3,3,3,3,3,
3,3,3,3,3,3,3,1,1,1,0,0,0,0,2,2,2,2,2,0,0,0,0,0,0,0,0,0,0,0,4,1,1,1,3,3,3,3,3,1,0,2,2,2,2,2,0,0,1,3,3,3,3,3,3,3,3,3,3,3,3,3,3,3,
3,3,3,3,3,3,3,3,1,0,4,0,0,0,2,2,2,2,2,0,0,0,0,0,0,0,0,0,4,0,0,4,4,1,1,1,1,1,1,1,0,0,2,2,2,2,2,0,1,3,3,3,3,3,3,3,3,3,3,3,3,3,3,3,
3,3,3,3,3,3,3,3,1,0,4,0,0,0,0,2,2,2,2,0,4,0,0,0,0,0,0,0,0,0,0,4,4,0,1,1,1,0,1,1,0,0,2,2,2,2,2,0,1,3,3,3,3,3,3,3,3,3,3,3,3,3,3,3,
3,3,3,3,3,3,3,3,1,0,4,0,0,0,0,2,2,2,2,2,0,0,0,0,0,0,0,0,0,0,0,0,0,0,1,1,4,4,0,4,0,2,2,2,2,2,0,0,1,3,3,3,3,3,3,3,3,3,3,3,3,3,3,3,
3,3,3,3,3,3,3,3,1,4,0,0,0,0,2,2,2,2,2,2,2,0,0,0,0,2,2,0,0,0,0,0,0,4,0,4,4,0,0,0,0,2,2,2,2,2,4,0,1,3,3,3,3,3,3,3,3,3,3,3,3,3,3,3,
3,3,3,3,3,3,3,3,1,1,1,0,0,0,2,2,2,2,2,2,2,2,2,0,2,2,2,2,0,2,0,0,0,4,0,0,0,0,0,0,0,2,2,2,2,2,0,0,1,3,3,3,3,3,3,3,3,3,3,3,3,3,3,3,
3,3,3,3,3,3,3,3,3,3,1,1,1,0,0,2,2,2,2,2,2,2,2,2,2,2,2,2,0,2,0,0,0,0,0,0,4,0,0,0,0,0,2,2,2,2,1,1,1,3,3,3,3,3,3,3,3,3,3,3,3,3,3,3,
3,3,3,3,3,3,3,3,3,3,3,3,1,0,0,0,0,0,0,4,0,2,2,2,2,2,2,2,0,2,2,0,0,0,0,0,0,0,0,0,4,0,2,2,2,2,1,3,3,3,3,3,3,3,3,3,3,3,3,3,3,3,3,3,
3,3,3,3,3,3,3,3,3,3,3,3,1,0,0,2,2,2,0,0,0,4,2,2,2,2,2,2,0,2,2,0,0,0,0,0,0,0,0,0,0,2,2,2,2,2,1,3,3,3,3,3,3,3,3,3,3,3,3,3,3,3,3,3,
3,3,3,3,3,3,3,3,3,3,3,3,1,1,1,1,2,2,2,2,0,4,2,2,2,2,2,2,0,2,2,2,0,0,0,0,0,0,0,0,0,2,2,2,2,2,1,1,3,3,3,3,3,3,3,3,3,3,3,3,3,3,3,3,
3,3,3,3,3,3,3,3,3,3,3,3,3,3,3,1,2,2,2,2,2,2,2,2,2,2,2,2,0,2,2,2,2,0,0,0,2,2,4,2,2,2,2,2,2,0,4,1,1,1,3,3,3,3,3,3,3,3,3,3,3,3,3,3,
3,3,3,3,3,3,3,3,3,3,3,3,3,3,3,1,1,2,2,2,2,2,2,2,2,2,2,2,0,2,2,2,2,2,2,2,2,2,2,2,2,2,2,2,2,0,4,0,1,1,3,3,3,3,3,3,3,3,3,3,3,3,3,3,
3,3,3,3,3,3,3,3,3,3,3,3,3,3,3,3,1,2,2,2,2,2,2,2,2,2,2,2,0,2,2,2,2,2,2,2,2,2,2,2,2,2,2,2,4,0,0,0,0,1,3,3,3,3,3,3,3,3,3,3,3,3,3,3,
3,3,3,3,3,3,3,3,3,3,3,3,3,3,3,3,1,1,4,2,2,2,2,2,2,2,2,0,0,2,2,2,2,2,2,2,2,2,2,2,2,2,2,2,4,0,4,0,0,1,3,3,3,3,3,3,3,3,3,3,3,3,3,3,
3,3,3,3,3,3,3,3,3,3,3,3,3,3,3,3,1,1,0,0,4,2,2,2,2,2,4,0,0,0,2,2,2,2,2,2,2,2,2,2,2,2,2,2,0,0,0,0,0,1,1,3,3,3,3,3,3,3,3,3,3,3,3,3,
3,3,3,3,3,3,3,3,3,3,3,3,3,3,3,3,1,0,0,0,0,0,0,2,2,2,0,0,0,0,2,2,2,2,2,2,2,2,0,2,2,2,2,2,2,0,0,0,0,0,1,3,3,3,3,3,3,3,3,3,3,3,3,3,
3,3,3,3,3,3,3,3,3,3,3,3,3,3,3,3,1,4,4,0,0,0,0,0,0,0,0,0,0,0,2,2,2,2,2,2,2,2,0,2,2,2,2,2,2,0,0,0,0,1,1,3,3,3,3,3,3,3,3,3,3,3,3,3,
3,3,3,3,3,3,3,3,3,3,3,3,3,3,3,3,1,1,0,0,0,0,0,2,2,2,2,2,0,2,2,2,2,2,2,2,2,2,0,0,2,2,2,2,2,4,0,0,0,1,3,3,3,3,3,3,3,3,3,3,3,3,3,3,
3,3,3,3,3,3,3,3,3,3,3,3,3,3,3,3,3,1,0,4,0,0,0,2,2,2,2,2,2,2,2,2,2,2,2,2,2,4,0,0,0,0,2,2,2,4,0,0,0,1,3,3,3,3,3,3,3,3,3,3,3,3,3,3,
3,3,3,3,3,3,3,3,3,3,3,3,3,3,3,3,3,1,4,0,0,0,0,0,0,4,2,2,2,2,2,2,2,2,2,2,2,4,0,0,0,0,0,0,0,0,0,0,0,1,3,3,3,3,3,3,3,3,3,3,3,3,3,3,
3,3,3,3,3,3,3,3,3,3,3,3,3,3,3,3,3,1,4,0,0,0,0,0,0,4,0,2,2,2,2,2,2,2,2,2,0,0,0,4,0,0,2,2,2,0,0,0,0,1,1,1,1,3,3,3,3,3,3,3,3,3,3,3,
3,3,3,3,3,3,3,3,3,3,3,3,3,3,3,3,3,1,1,1,0,0,0,0,0,0,0,2,2,2,2,2,2,2,2,2,4,4,0,0,0,0,2,2,2,0,0,0,0,0,0,0,1,1,3,3,3,3,3,3,3,3,3,3,
3,3,3,3,3,3,3,3,3,3,3,3,3,3,3,3,3,3,1,1,0,0,0,1,1,1,1,2,2,2,2,2,2,2,2,2,0,0,0,0,0,0,4,2,2,2,0,0,0,0,0,0,4,1,1,3,3,3,3,3,3,3,3,3,
3,3,3,3,3,3,3,3,3,3,3,3,3,3,3,3,3,3,1,0,0,0,0,1,1,3,1,1,1,2,2,2,2,2,2,2,2,0,0,0,0,0,2,2,2,2,2,0,0,2,2,0,0,0,1,1,3,3,3,3,3,3,3,3,
3,3,3,3,3,3,3,3,3,3,3,3,3,3,3,3,3,3,1,1,0,0,0,0,1,3,3,3,1,1,1,4,4,2,2,2,2,2,0,0,2,2,2,2,2,2,2,0,2,2,2,0,0,0,0,1,1,1,3,3,3,3,3,3,
3,3,3,3,3,3,3,3,3,3,3,3,3,3,3,3,3,3,3,1,4,0,0,0,1,3,3,3,3,3,1,1,0,0,2,2,2,2,0,2,2,2,2,2,2,2,2,0,2,2,2,2,2,0,0,0,0,1,1,1,3,3,3,3,
3,3,3,3,3,3,3,3,3,3,3,3,3,3,3,3,3,3,3,1,4,0,0,1,1,3,3,3,3,3,1,1,4,0,0,2,2,2,0,2,2,2,2,2,2,2,2,2,2,2,2,2,2,2,2,2,0,0,0,1,1,3,3,3,
3,3,3,3,3,3,3,3,3,3,3,3,3,3,3,3,3,3,3,1,1,0,0,1,1,3,3,3,3,3,1,0,0,0,0,0,0,2,0,2,2,2,2,2,2,2,2,2,2,2,2,2,2,2,2,2,0,0,0,0,1,3,3,3,
3,3,3,3,3,3,3,3,3,3,3,3,3,3,3,3,3,3,3,3,1,1,0,0,1,1,3,3,3,3,1,1,0,0,0,0,0,0,0,0,0,0,2,2,2,2,2,2,2,2,2,2,2,2,2,2,0,0,4,4,1,1,3,3,
3,3,3,3,3,3,3,3,3,3,3,3,3,3,3,3,3,3,3,3,3,1,1,0,0,1,1,3,3,3,3,1,0,0,0,0,0,0,0,0,0,0,0,2,2,2,2,2,2,2,2,2,2,2,2,0,4,0,0,0,0,1,3,3,
3,3,3,3,3,3,3,3,3,3,3,3,3,3,3,3,3,3,3,3,3,3,1,0,0,0,1,1,1,3,3,1,0,0,0,0,0,0,0,0,0,0,0,2,2,2,2,2,2,2,2,2,2,2,2,0,0,0,0,4,0,1,3,3,
3,3,3,3,3,3,3,3,3,3,3,3,3,3,3,3,3,3,3,3,3,3,1,1,0,0,0,0,1,1,1,1,0,0,0,0,0,0,1,1,1,1,1,1,2,2,0,0,0,2,2,2,2,2,2,0,0,0,0,4,0,1,3,3,
3,3,3,3,3,3,3,3,3,3,3,3,3,3,3,3,3,3,3,3,3,3,3,1,1,0,0,0,4,1,1,0,0,0,1,1,1,1,1,3,3,3,3,1,1,1,4,0,0,0,2,2,2,2,2,2,0,0,0,0,0,1,1,3,
3,3,3,3,3,3,3,3,3,3,3,3,3,3,3,3,3,3,3,3,3,3,3,3,1,1,1,0,0,0,0,0,0,0,1,3,3,3,3,3,3,3,3,3,3,1,0,0,0,0,0,0,0,0,0,0,0,0,0,0,0,0,1,3,
3,3,3,3,3,3,3,3,3,3,3,3,3,3,3,3,3,3,3,3,3,3,3,3,3,3,1,1,0,0,0,0,0,1,1,3,3,3,3,3,3,3,3,3,3,1,1,0,0,0,2,2,2,2,2,2,2,0,0,0,0,0,1,3,
3,3,3,3,3,3,3,3,3,3,3,3,3,3,3,3,3,3,3,3,3,3,3,3,3,3,3,1,1,1,0,1,1,1,3,3,3,3,3,3,3,3,3,3,3,3,1,0,0,0,2,2,2,2,2,2,2,2,0,0,0,1,1,3,
3,3,3,3,3,3,3,3,3,3,3,3,3,3,3,3,3,3,3,3,3,3,3,3,3,3,3,3,3,1,1,1,3,3,3,3,3,3,3,3,3,3,3,3,3,3,1,1,0,0,2,2,2,2,2,2,2,2,0,0,0,1,3,3,
3,3,3,3,3,3,3,3,3,3,3,3,3,3,3,3,3,3,3,3,3,3,3,3,3,3,3,3,3,3,3,3,3,3,3,3,3,3,3,3,3,3,3,3,3,3,3,1,1,0,0,2,2,2,2,2,2,2,0,0,0,1,3,3,
3,3,3,3,3,3,3,3,3,3,3,3,3,3,3,3,3,3,3,3,3,3,3,3,3,3,3,3,3,3,3,3,3,3,3,3,3,3,3,3,3,3,3,3,3,3,3,3,1,0,0,0,2,2,2,2,2,2,2,0,0,1,3,3,
3,3,3,3,3,3,3,3,3,3,3,3,3,3,3,3,3,3,3,3,3,3,3,3,3,3,3,3,3,3,3,3,3,3,3,3,3,3,3,3,3,3,3,3,3,3,3,3,1,0,0,0,2,2,2,2,2,2,2,0,0,1,3,3,
3,3,3,3,3,3,3,3,3,3,3,3,3,3,3,3,3,3,3,3,3,3,3,3,3,3,3,3,3,3,3,3,3,3,3,3,3,3,3,3,3,3,3,3,3,3,3,3,1,0,0,0,2,2,2,2,2,2,2,2,1,1,3,3,
3,3,3,3,3,3,3,3,3,3,3,3,3,3,3,3,3,3,3,3,3,3,3,3,3,3,3,3,3,3,3,3,3,3,3,3,3,3,3,3,3,3,3,3,3,3,3,3,1,0,0,0,2,2,2,2,2,2,2,2,1,3,3,3,
3,3,3,3,3,3,3,3,3,3,3,3,3,3,3,3,3,3,3,3,3,3,3,3,3,3,3,3,3,3,3,3,3,3,3,3,3,3,3,3,3,3,3,3,3,3,3,3,1,0,0,0,2,2,2,2,2,2,2,2,1,3,3,3,
3,3,3,3,3,3,3,3,3,3,3,3,3,3,3,3,3,3,3,3,3,3,3,3,3,3,3,3,3,3,3,3,3,3,3,3,3,3,3,3,3,3,3,3,3,3,3,3,1,0,0,0,2,2,2,2,2,2,2,2,1,3,3,3,
3,3,3,3,3,3,3,3,3,3,3,3,3,3,3,3,3,3,3,3,3,3,3,3,3,3,3,3,3,3,3,3,3,3,3,3,3,3,3,3,3,3,3,3,3,3,3,3,1,1,0,0,0,2,2,2,2,2,2,2,1,3,3,3,
3,3,3,3,3,3,3,3,3,3,3,3,3,3,3,3,3,3,3,3,3,3,3,3,3,3,3,3,3,3,3,3,3,3,3,3,3,3,3,3,3,3,3,3,3,3,3,3,3,1,1,0,0,2,2,2,2,2,2,2,1,1,3,3,
3,3,3,3,3,3,3,3,3,3,3,3,3,3,3,3,3,3,3,3,3,3,3,3,3,3,3,3,3,3,3,3,3,3,3,3,3,3,3,3,3,3,3,3,3,3,3,3,3,3,1,3,3,3,3,3,3,3,3,3,3,1,3,3

[enemy]
type=enemy
location=59,49,1,1
category=goblin_normal

[enemy]
type=enemy
location=57,43,1,1
category=goblin_normal

[enemy]
type=enemy
location=47,29,1,1
category=goblin_normal

[enemy]
type=enemy
location=34,21,1,1
category=goblin_normal

[enemy]
type=enemy
location=19,34,1,1
category=goblin_normal

[enemy]
type=enemy
location=47,42,1,1
category=goblin_spearman
wander_radius=0

[enemy]
type=enemy
location=41,40,1,1
category=goblin_spearman

[enemy]
type=enemy
location=38,32,1,1
category=goblin_spearman

[enemy]
type=enemy
location=32,26,1,1
category=goblin_spearman

[enemy]
type=enemy
location=40,25,1,1
category=goblin_spearman

[enemy]
type=enemy
location=19,25,1,1
category=goblin_spearman_elite

[enemy]
type=enemy
location=26,32,1,1
category=goblin_spearman

[enemy]
type=enemy
location=29,32,1,1
category=goblin_spearman

[enemy]
type=enemy
location=11,21,1,1
category=goblin_spearman

[enemy]
type=enemy
location=9,10,1,1
category=goblin_charger_elite

[enemy]
type=enemy
location=16,9,1,1
category=goblin_spearman

[enemy]
type=enemy
location=45,31,1,1
category=goblin_charger

[enemy]
type=enemy
location=38,37,1,1
category=goblin_charger

[enemy]
type=enemy
location=32,45,1,1
category=goblin_spearman_elite

[enemy]
type=enemy
location=41,45,1,1
category=goblin_charger

[enemy]
type=enemy
location=21,44,1,1
category=goblin_charger

[enemy]
type=enemy
location=21,43,1,1
category=goblin_charger

[enemy]
type=enemy
location=23,37,1,1
category=goblin_charger

[enemy]
type=enemy
location=29,18,1,1
category=goblin_charger

[enemy]
type=enemy
location=26,18,1,1
category=goblin_charger

[enemy]
type=enemy
location=28,22,1,1
category=goblin_charger_elite
wander_radius=0

[enemy]
type=enemy
location=18,15,1,1
category=goblin_charger

[enemy]
type=enemy
location=14,19,1,1
category=goblin_spearman

[enemy]
type=enemy
location=11,14,1,1
category=rilrak
direction=5
wander_radius=0

[enemy]
type=enemy
location=45,15,1,1
category=antlion_hatchling

[enemy]
type=enemy
location=41,15,1,1
category=antlion_hatchling

[enemy]
type=enemy
location=41,18,1,1
category=antlion_hatchling

[event]
# cliff passage container
type=event
location=20,43,1,1
activate=on_trigger
hotspot=location
loot=loot/leveled_low.txt
mapmod=object,20,43,99
repeat=false
soundfx=soundfx/wood_open.ogg
tooltip=Supplies

[event]
# boss container 1 (wand)
type=event
location=10,13,1,1
activate=on_trigger
hotspot=location
loot=127,fixed,1
mapmod=object,10,13,99
repeat=false
requires_not_status=re_crate1
set_status=re_crate1
soundfx=soundfx/wood_open.ogg
tooltip=Supplies

[event]
# boss container 2
type=event
location=9,15,1,1
activate=on_trigger
hotspot=location
loot=loot/leveled_mid.txt
mapmod=object,9,15,97
repeat=false
soundfx=soundfx/wood_open.ogg
tooltip=Supplies

[event]
# pier container
type=event
location=38,27,1,1
activate=on_trigger
hotspot=location
loot=loot/leveled_low.txt
mapmod=object,38,27,97
repeat=false
soundfx=soundfx/wood_open.ogg
tooltip=Supplies

[event]
# to Frontier Plains
type=event
location=51,62,2,1
activate=on_trigger
hotspot=location
intermap=maps/frontier_plains.txt,63,18
tooltip=Frontier Plains

[event]
# River sound
type=event
location=57,63,1,1
activate=on_load
soundfx=soundfx/environment/river_loop.ogg

[event]
# River sound
type=event
location=53,50,1,1
activate=on_load
soundfx=soundfx/environment/river_loop.ogg

[event]
# River sound
type=event
location=38,43,1,1
activate=on_load
soundfx=soundfx/environment/river_loop.ogg

[event]
# River sound
type=event
location=44,36,1,1
activate=on_load
soundfx=soundfx/environment/river_loop.ogg

[event]
# River sound
type=event
location=25,34,1,1
activate=on_load
soundfx=soundfx/environment/river_loop.ogg

[event]
# River sound
type=event
location=29,26,1,1
activate=on_load
soundfx=soundfx/environment/river_loop.ogg

[event]
# River sound
type=event
location=17,25,1,1
activate=on_load
soundfx=soundfx/environment/river_loop.ogg

[event]
# River sound
type=event
location=17,16,1,1
activate=on_load
soundfx=soundfx/environment/river_loop.ogg

[event]
# River sound
type=event
location=7,2,1,1
activate=on_load
soundfx=soundfx/environment/river_loop.ogg

[event]
# Wind and crickets sound effect
type=event
location=0,0,1,1
activate=on_load
soundfx=soundfx/environment/wind_loop.ogg

[event]
# Bird twitter
type=event
location=15,6,1,1
activate=on_load
soundfx=soundfx/environment/bird_twitter_loop.ogg

[event]
# Bird twitter
type=event
location=44,47,1,1
activate=on_load
soundfx=soundfx/environment/bird_twitter_loop.ogg

[event]
# boss container 1
type=event
location=10,13,1,1
activate=on_trigger
hotspot=location
loot=loot/leveled_mid.txt
mapmod=object,10,13,99
repeat=false
requires_status=re_crate1
soundfx=soundfx/wood_open.ogg
tooltip=Supplies

