
image=images/avatar/female/cloth_shirt.png

[stance]
frames=4
duration=6
type=back_forth
frame=0,0,2198,0,22,33,7,41
frame=0,1,2026,33,24,32,7,41
frame=0,2,1817,0,24,33,7,41
frame=0,3,2477,0,20,33,4,41
frame=0,4,2265,33,22,32,6,40
frame=0,5,1772,33,26,32,8,40
frame=0,6,2050,33,24,32,7,40
frame=0,7,2636,33,20,32,6,40
frame=1,0,2330,0,21,33,6,41
frame=1,1,1841,0,24,33,7,41
frame=1,2,2074,33,24,32,7,40
frame=1,3,2677,0,19,33,4,41
frame=1,4,2287,33,22,32,6,40
frame=1,5,795,34,26,31,9,40
frame=1,6,1865,0,24,33,7,41
frame=1,7,2497,0,20,33,6,41
frame=2,0,2220,0,22,33,6,41
frame=2,1,1876,33,25,32,7,40
frame=2,2,2098,33,24,32,7,40
frame=2,3,2517,0,20,33,5,41
frame=2,4,2309,33,22,32,7,40
frame=2,5,1798,33,26,32,9,41
frame=2,6,1889,0,24,33,7,41
frame=2,7,2351,0,21,33,6,41
frame=3,0,2372,0,21,33,5,41
frame=3,1,1901,33,25,32,7,40
frame=3,2,2122,33,24,32,7,40
frame=3,3,1091,0,20,34,5,41
frame=3,4,2331,33,22,32,7,40
frame=3,5,1926,33,25,32,9,41
frame=3,6,2146,33,24,32,7,41
frame=3,7,2537,0,20,33,5,41

[run]
frames=8
duration=2
type=looped
frame=0,0,1913,0,24,33,7,40
frame=0,1,1443,0,29,33,10,40
frame=0,2,1742,0,25,33,8,40
frame=0,3,1111,0,20,34,5,40
frame=0,4,925,34,24,31,8,39
frame=0,5,426,35,29,30,10,38
frame=0,6,2722,33,25,30,8,38
frame=0,7,2557,0,20,33,7,39
frame=1,0,1131,0,20,34,6,41
frame=1,1,796,0,26,34,8,42
frame=1,2,1638,0,26,33,9,41
frame=1,3,918,0,22,34,5,42
frame=1,4,2353,33,22,32,5,40
frame=1,5,714,34,27,31,9,39
frame=1,6,2820,0,25,29,8,38
frame=1,7,1157,34,21,31,7,39
frame=2,0,1211,0,19,34,6,42
frame=2,1,499,0,22,35,7,43
frame=2,2,380,0,25,35,8,43
frame=2,3,822,0,25,34,7,42
frame=2,4,940,0,22,34,5,42
frame=2,5,949,34,24,31,6,40
frame=2,6,2747,33,25,30,8,39
frame=2,7,1091,34,22,31,7,40
frame=3,0,2375,33,22,32,7,40
frame=3,1,521,0,21,35,7,42
frame=3,2,1767,0,25,33,8,41
frame=3,3,1557,0,27,33,9,41
frame=3,4,2242,0,22,33,6,41
frame=3,5,2573,33,21,32,5,39
frame=3,6,2753,0,25,30,8,39
frame=3,7,541,35,27,30,9,39
frame=4,0,973,34,24,31,7,39
frame=4,1,1151,0,20,34,7,41
frame=4,2,1951,33,25,32,8,40
frame=4,3,1501,0,28,33,10,40
frame=4,4,1937,0,24,33,8,40
frame=4,5,2393,0,21,33,5,39
frame=4,6,568,35,26,30,9,38
frame=4,7,455,35,29,30,10,38
frame=5,0,2397,33,22,32,7,40
frame=5,1,1028,0,21,34,7,42
frame=5,2,1664,0,26,33,8,41
frame=5,3,1584,0,27,33,9,41
frame=5,4,872,0,23,34,6,41
frame=5,5,1113,34,22,31,5,39
frame=5,6,336,36,26,29,9,38
frame=5,7,821,34,26,31,8,39
frame=6,0,1230,0,18,34,6,42
frame=6,1,430,0,23,35,7,43
frame=6,2,405,0,25,35,8,43
frame=6,3,453,0,23,35,6,43
frame=6,4,962,0,22,34,5,42
frame=6,5,997,34,24,31,7,40
frame=6,6,1239,34,26,30,8,39
frame=6,7,1135,34,22,31,7,40
frame=7,0,984,0,22,34,7,41
frame=7,1,1611,0,27,33,9,41
frame=7,2,1792,0,25,33,8,41
frame=7,3,2264,0,22,33,5,41
frame=7,4,2419,33,22,32,6,40
frame=7,5,741,34,27,31,9,39
frame=7,6,2837,29,24,29,7,38
frame=7,7,1178,34,21,31,7,39

[shoot]
frames=4
duration=3
type=play_once
frame=0,0,2194,33,24,32,11,40
frame=0,1,1663,33,28,32,11,40
frame=0,2,1691,33,27,32,6,40
frame=0,3,2507,33,22,32,4,40
frame=0,4,2218,33,24,32,4,39
frame=0,5,768,34,27,31,8,38
frame=0,6,1718,33,27,32,11,38
frame=0,7,1199,34,21,31,9,38
frame=1,0,297,0,27,36,14,43
frame=1,1,618,0,33,34,12,41
frame=1,2,768,0,28,34,5,42
frame=1,3,2242,33,23,32,4,40
frame=1,4,686,34,28,31,4,38
frame=1,5,395,35,31,30,9,37
frame=1,6,1472,0,29,33,13,38
frame=1,7,562,0,20,35,9,42
frame=2,0,1315,0,33,33,14,40
frame=2,1,1299,33,33,32,12,40
frame=2,2,2152,0,23,33,5,41
frame=2,3,2308,0,22,33,4,41
frame=2,4,1364,33,32,32,8,39
frame=2,5,362,35,33,30,11,37
frame=2,6,895,0,23,34,7,40
frame=2,7,1070,0,21,34,9,41
frame=3,0,1396,33,32,32,13,40
frame=3,1,1348,0,33,33,12,41
frame=3,2,1961,0,24,33,6,41
frame=3,3,2597,0,20,33,4,41
frame=3,4,626,34,31,31,9,39
frame=3,5,594,34,32,31,11,39
frame=3,6,1985,0,24,33,8,39
frame=3,7,2734,0,19,33,7,40

[cast]
frames=4
duration=3
type=play_once
frame=0,0,2286,0,22,33,6,41
frame=0,1,1529,0,28,33,9,41
frame=0,2,1824,33,26,32,8,40
frame=0,3,1171,0,20,34,4,41
frame=0,4,2485,33,22,32,6,40
frame=0,5,1635,33,28,32,10,40
frame=0,6,1716,0,26,33,9,41
frame=0,7,2577,0,20,33,6,41
frame=1,0,124,0,26,38,7,46
frame=1,1,582,0,36,34,12,43
frame=1,2,1265,33,34,32,11,41
frame=1,3,2414,0,21,33,4,42
frame=1,4,2170,33,24,32,7,41
frame=1,5,1248,0,34,33,12,42
frame=1,6,348,0,32,35,12,43
frame=1,7,150,0,21,38,6,46
frame=2,0,72,0,28,39,7,48
frame=2,1,261,0,36,36,12,45
frame=2,2,1282,0,33,33,12,42
frame=2,3,1191,0,20,34,5,43
frame=2,4,847,0,25,34,8,43
frame=2,5,171,0,34,37,11,46
frame=2,6,22,0,30,40,8,48
frame=2,7,0,0,22,42,6,50
frame=3,0,476,0,23,35,5,43
frame=3,1,1332,33,32,32,8,40
frame=3,2,1381,0,32,33,9,40
frame=3,3,1049,0,21,34,6,41
frame=3,4,2615,33,21,32,7,40
frame=3,5,1458,33,30,32,13,41
frame=3,6,1413,0,30,33,12,42
frame=3,7,542,0,20,35,5,43

[die]
frames=6
duration=4
type=play_once
frame=0,0,2529,33,22,32,8,41
frame=0,1,2057,0,24,33,8,41
frame=0,2,2081,0,24,33,7,41
frame=0,3,2435,0,21,33,4,41
frame=0,4,2551,33,22,32,5,40
frame=0,5,1745,33,27,32,8,40
frame=0,6,1021,34,24,31,8,39
frame=0,7,2656,33,20,32,7,40
frame=1,0,2676,33,20,32,10,39
frame=1,1,2105,0,24,33,10,41
frame=1,2,2175,0,23,33,6,41
frame=1,3,2456,0,21,33,3,41
frame=1,4,2796,30,22,30,2,38
frame=1,5,2696,33,26,30,6,36
frame=1,6,2845,0,24,29,8,35
frame=1,7,2818,30,19,30,9,36
frame=2,0,219,37,17,22,19,27
frame=2,1,80,39,20,26,17,33
frame=2,2,136,38,21,27,7,35
frame=2,3,100,39,19,26,-3,33
frame=2,4,39,40,21,25,-6,27
frame=2,5,253,37,22,21,-2,20
frame=2,6,2883,29,21,21,9,18
frame=2,7,236,37,17,22,16,21
frame=3,0,119,39,17,25,20,30
frame=3,1,157,38,16,27,10,35
frame=3,2,60,40,20,25,-1,33
frame=3,3,198,37,21,24,-7,28
frame=3,4,0,42,20,23,-6,21
frame=3,5,20,42,19,22,2,16
frame=3,6,2904,20,15,20,15,16
frame=3,7,2904,0,18,20,22,22
frame=4,0,2920,39,17,18,19,25
frame=4,1,2890,0,14,21,6,29
frame=4,2,2919,20,21,19,-4,25
frame=4,3,2940,0,23,17,-8,18
frame=4,4,2922,0,18,18,-5,11
frame=4,5,2937,39,14,18,5,9
frame=4,6,2962,27,17,17,21,10
frame=4,7,2940,17,22,17,27,17
frame=5,0,2979,31,15,14,19,21
frame=5,1,2983,15,12,16,3,23
frame=5,2,2963,0,20,14,-8,18
frame=5,3,2963,14,20,13,-11,10
frame=5,4,2951,45,14,17,-5,5
frame=5,5,2983,0,13,15,7,3
frame=5,6,2902,50,18,15,26,6
frame=5,7,2883,50,19,15,30,13

[swing]
frames=4
duration=3
type=play_once
frame=0,0,100,0,24,39,7,47
frame=0,1,205,0,31,37,9,45
frame=0,2,683,0,29,34,7,42
frame=0,3,2594,33,21,32,4,40
frame=0,4,2441,33,22,32,6,39
frame=0,5,712,0,28,34,10,42
frame=0,6,236,0,25,37,9,45
frame=0,7,52,0,20,40,6,47
frame=1,0,2696,0,19,33,9,39
frame=1,1,324,0,24,36,11,44
frame=1,2,651,0,32,34,11,42
frame=1,3,1548,33,29,32,5,40
frame=1,4,1045,34,23,31,2,38
frame=1,5,2861,29,22,29,3,36
frame=1,6,513,35,28,30,9,36
frame=1,7,1976,33,25,32,13,38
frame=2,0,2772,30,24,30,16,37
frame=2,1,1220,34,19,31,11,40
frame=2,2,2001,33,25,32,9,41
frame=2,3,1428,33,30,32,6,40
frame=2,4,847,34,26,31,1,37
frame=2,5,2869,0,21,29,1,33
frame=2,6,173,37,25,28,7,32
frame=2,7,307,36,29,29,15,34
frame=3,0,873,34,26,31,12,39
frame=3,1,2715,0,19,33,9,42
frame=3,2,2129,0,23,33,7,42
frame=3,3,740,0,28,34,7,42
frame=3,4,1690,0,26,33,5,40
frame=3,5,2463,33,22,32,3,37
frame=3,6,2778,0,23,30,7,36
frame=3,7,484,35,29,30,12,36

[hit]
frames=2
duration=2
type=play_once
frame=0,0,2529,33,22,32,8,41
frame=0,1,2057,0,24,33,8,41
frame=0,2,2081,0,24,33,7,41
frame=0,3,2435,0,21,33,4,41
frame=0,4,2551,33,22,32,5,40
frame=0,5,1745,33,27,32,8,40
frame=0,6,1021,34,24,31,8,39
frame=0,7,2656,33,20,32,7,40
frame=1,0,2676,33,20,32,10,39
frame=1,1,2105,0,24,33,10,41
frame=1,2,2175,0,23,33,6,41
frame=1,3,2456,0,21,33,3,41
frame=1,4,2796,30,22,30,2,38
frame=1,5,2696,33,26,30,6,36
frame=1,6,2845,0,24,29,8,35
frame=1,7,2818,30,19,30,9,36

[block]
frames=2
duration=1
type=play_once
frame=0,0,1850,33,26,32,10,40
frame=0,1,1488,33,30,32,12,40
frame=0,2,2009,0,24,33,7,40
frame=0,3,2617,0,20,33,5,40
frame=0,4,899,34,26,31,7,39
frame=0,5,657,34,29,31,9,39
frame=0,6,2033,0,24,33,7,40
frame=0,7,2637,0,20,33,6,40
frame=1,0,1577,33,29,32,12,39
frame=1,1,1518,33,30,32,12,39
frame=1,2,1006,0,22,34,6,40
frame=1,3,2657,0,20,33,5,39
frame=1,4,1606,33,29,32,8,38
frame=1,5,275,36,32,29,10,37
frame=1,6,1068,34,23,31,7,38
frame=1,7,2801,0,19,30,6,38
