
image=images/avatar/female/cloth_sandals.png

[stance]
frames=4
duration=6
type=back_forth
frame=0,0,0,1720,23,18,10,15
frame=0,1,23,1709,21,18,10,15
frame=0,2,14,2290,14,21,5,16
frame=0,3,28,786,16,19,8,14
frame=0,4,0,1738,23,18,12,15
frame=0,5,23,1817,21,17,10,14
frame=0,6,15,2215,15,19,7,14
frame=0,7,0,2332,14,20,6,15
frame=1,0,0,1756,23,18,10,15
frame=1,1,23,1727,21,18,10,15
frame=1,2,28,2299,14,21,5,16
frame=1,3,27,928,16,19,8,14
frame=1,4,0,1951,22,18,12,15
frame=1,5,24,1501,20,17,10,14
frame=1,6,27,947,16,19,7,14
frame=1,7,14,2332,14,20,6,15
frame=2,0,22,1952,22,18,10,15
frame=2,1,24,1464,20,19,9,15
frame=2,2,29,644,15,21,5,16
frame=2,3,26,1157,16,18,8,13
frame=2,4,23,1690,21,19,11,16
frame=2,5,23,1834,21,17,10,14
frame=2,6,0,2152,15,20,7,15
frame=2,7,15,2155,15,20,6,15
frame=3,0,0,1774,23,18,10,15
frame=3,1,23,1745,21,18,10,15
frame=3,2,0,2311,14,21,5,16
frame=3,3,28,665,16,21,8,16
frame=3,4,0,1792,23,18,12,15
frame=3,5,24,1518,20,17,10,14
frame=3,6,0,2232,15,19,7,14
frame=3,7,0,2172,15,20,6,15

[run]
frames=8
duration=2
type=looped
frame=0,0,0,18,43,17,18,17
frame=0,1,0,653,28,26,11,19
frame=0,2,30,425,14,27,5,19
frame=0,3,0,222,34,22,18,17
frame=0,4,0,35,40,18,21,16
frame=0,5,0,1161,25,27,14,20
frame=0,6,29,530,15,24,5,16
frame=0,7,0,87,36,24,15,19
frame=1,0,0,206,35,16,11,15
frame=1,1,0,1214,25,22,8,17
frame=1,2,14,2409,13,22,5,16
frame=1,3,0,679,28,19,16,15
frame=1,4,0,339,31,19,20,18
frame=1,5,23,1535,21,27,13,23
frame=1,6,0,2410,13,21,4,16
frame=1,7,0,510,29,26,9,22
frame=2,0,22,1988,22,17,4,17
frame=2,1,25,1263,19,19,5,16
frame=2,2,28,2341,14,20,5,16
frame=2,3,23,1608,21,21,13,17
frame=2,4,0,1641,23,20,15,18
frame=2,5,25,1243,19,20,10,19
frame=2,6,28,2400,14,16,5,16
frame=2,7,25,1301,19,17,3,18
frame=3,0,0,698,28,19,9,16
frame=3,1,0,1017,26,19,9,16
frame=3,2,30,2205,14,24,5,18
frame=3,3,25,1175,19,23,10,17
frame=3,4,0,433,30,18,17,16
frame=3,5,0,754,28,17,15,16
frame=3,6,15,2234,15,19,6,16
frame=3,7,27,805,17,21,4,18
frame=4,0,0,0,43,18,18,16
frame=4,1,0,111,36,23,15,18
frame=4,2,30,452,14,27,5,19
frame=4,3,0,1188,25,26,14,19
frame=4,4,0,53,39,17,21,17
frame=4,5,0,261,33,24,18,19
frame=4,6,32,298,12,24,3,16
frame=4,7,0,483,29,27,11,20
frame=5,0,0,168,35,19,11,17
frame=5,1,0,395,30,19,10,15
frame=5,2,29,554,15,23,5,17
frame=5,3,23,1629,21,21,13,16
frame=5,4,0,451,30,16,19,16
frame=5,5,0,827,27,25,16,21
frame=5,6,33,261,11,22,2,16
frame=5,7,0,1328,24,27,7,22
frame=6,0,0,1894,22,19,4,17
frame=6,1,24,1381,20,21,4,17
frame=6,2,15,2175,15,20,6,16
frame=6,3,25,1282,19,19,10,16
frame=6,4,0,1446,24,16,15,17
frame=6,5,22,2047,21,17,13,18
frame=6,6,33,283,11,15,2,15
frame=6,7,27,889,17,20,3,19
frame=7,0,0,599,29,18,9,16
frame=7,1,26,1004,18,25,5,19
frame=7,2,29,504,15,26,6,19
frame=7,3,0,717,28,19,15,16
frame=7,4,0,285,32,20,18,17
frame=7,5,24,1402,20,21,11,18
frame=7,6,0,2352,14,20,5,17
frame=7,7,0,1254,25,17,8,16

[shoot]
frames=4
duration=3
type=play_once
frame=0,0,0,1072,26,17,12,14
frame=0,1,0,1620,23,21,11,17
frame=0,2,30,2253,14,23,5,18
frame=0,3,24,1333,20,24,9,18
frame=0,4,0,617,29,18,13,15
frame=0,5,0,1089,26,17,12,13
frame=0,6,15,2195,15,20,7,14
frame=0,7,27,847,17,21,7,15
frame=1,0,0,929,27,17,13,14
frame=1,1,0,1554,23,22,11,18
frame=1,2,30,479,14,25,5,19
frame=1,3,0,1848,22,25,9,19
frame=1,4,0,414,30,19,13,16
frame=1,5,0,946,27,16,12,12
frame=1,6,0,2212,15,20,7,14
frame=1,7,26,1118,18,20,8,14
frame=2,0,0,771,28,17,13,14
frame=2,1,0,1576,23,22,11,18
frame=2,2,30,2155,14,25,5,19
frame=2,3,22,1851,22,24,9,18
frame=2,4,0,375,30,20,13,16
frame=2,5,0,962,27,16,12,12
frame=2,6,28,726,16,20,7,14
frame=2,7,26,1097,18,21,8,15
frame=3,0,0,1036,26,18,12,15
frame=3,1,0,1598,23,22,11,18
frame=3,2,30,2180,14,25,5,19
frame=3,3,23,1562,21,24,9,18
frame=3,4,0,580,29,19,13,16
frame=3,5,0,1106,26,17,11,13
frame=3,6,28,746,16,20,7,14
frame=3,7,27,868,17,21,7,15

[cast]
frames=4
duration=3
type=play_once
frame=0,0,0,1969,22,18,10,15
frame=0,1,23,1763,21,18,10,15
frame=0,2,14,2311,14,21,5,16
frame=0,3,0,2251,15,19,7,14
frame=0,4,22,1895,22,19,11,15
frame=0,5,0,2005,22,17,11,14
frame=0,6,27,966,16,19,8,14
frame=0,7,28,2361,14,20,6,15
frame=1,0,0,1913,22,19,10,17
frame=1,1,24,1444,20,20,9,17
frame=1,2,0,2289,14,22,5,18
frame=1,3,0,2372,14,20,6,15
frame=1,4,0,1873,22,21,11,17
frame=1,5,22,1970,22,18,11,15
frame=1,6,28,686,16,20,8,15
frame=1,7,27,2416,13,21,6,16
frame=2,0,22,1914,22,19,10,16
frame=2,1,23,1781,21,18,10,16
frame=2,2,29,600,15,22,6,18
frame=2,3,28,2320,14,21,6,16
frame=2,4,23,1650,21,20,10,17
frame=2,5,0,2048,21,17,10,15
frame=2,6,28,706,16,20,7,15
frame=2,7,32,322,12,21,5,16
frame=3,0,0,1987,22,18,11,15
frame=3,1,23,1799,21,18,10,15
frame=3,2,29,622,15,22,6,17
frame=3,3,0,2392,14,18,6,13
frame=3,4,23,1670,21,20,10,16
frame=3,5,21,2064,21,17,10,14
frame=3,6,15,2253,15,19,7,14
frame=3,7,0,2431,13,20,6,15

[die]
frames=6
duration=4
type=play_once
frame=0,0,0,1375,24,19,11,16
frame=0,1,22,1933,22,19,11,16
frame=0,2,26,1029,18,23,7,18
frame=0,3,25,1221,19,22,8,17
frame=0,4,0,1054,26,18,12,15
frame=0,5,22,2005,22,16,10,13
frame=0,6,14,2372,14,20,6,15
frame=0,7,28,766,16,20,6,15
frame=1,0,0,875,27,19,15,15
frame=1,1,0,1701,23,19,12,18
frame=1,2,26,1052,18,23,7,20
frame=1,3,24,1423,20,21,6,17
frame=1,4,0,635,29,18,10,15
frame=1,5,0,1302,25,13,9,11
frame=1,6,15,2272,15,18,7,12
frame=1,7,26,1138,18,19,10,13
frame=2,0,0,1493,24,13,17,8
frame=2,1,0,1478,24,15,16,9
frame=2,2,19,2125,19,12,10,9
frame=2,3,0,1288,25,14,11,10
frame=2,4,0,1837,23,11,7,8
frame=2,5,0,1315,25,13,8,6
frame=2,6,0,2138,16,14,6,6
frame=2,7,0,1429,24,17,13,8
frame=3,0,0,2022,22,13,16,8
frame=3,1,0,1824,23,13,16,8
frame=3,2,25,1318,19,15,10,11
frame=3,3,22,2021,22,15,10,11
frame=3,4,0,1506,24,11,6,8
frame=3,5,0,1517,24,9,7,3
frame=3,6,13,2437,12,13,2,5
frame=3,7,0,1810,23,14,13,7
frame=4,0,0,1138,26,12,18,3
frame=4,1,0,2065,21,15,17,9
frame=4,2,24,1483,20,18,18,14
frame=4,3,20,2095,20,16,13,14
frame=4,4,0,1150,26,11,7,11
frame=4,5,25,2437,11,11,-8,8
frame=4,6,0,2126,19,12,0,5
frame=4,7,22,2036,22,11,9,4
frame=5,0,0,978,27,13,19,4
frame=5,1,0,2080,21,15,16,10
frame=5,2,0,2095,20,17,18,14
frame=5,3,20,2111,20,14,10,12
frame=5,4,0,788,28,13,7,12
frame=5,5,0,2112,19,14,2,8
frame=5,6,21,2081,21,14,2,6
frame=5,7,0,2035,22,13,12,4

[swing]
frames=4
duration=3
type=play_once
frame=0,0,0,912,27,17,13,14
frame=0,1,0,1661,23,20,11,16
frame=0,2,30,2229,14,24,5,18
frame=0,3,25,1198,19,23,9,17
frame=0,4,0,894,27,18,14,15
frame=0,5,0,1412,24,17,12,13
frame=0,6,0,2192,15,20,7,14
frame=0,7,27,826,17,21,7,15
frame=1,0,0,244,34,17,15,14
frame=1,1,0,852,27,23,12,18
frame=1,2,31,371,13,26,5,19
frame=1,3,0,991,26,26,12,19
frame=1,4,0,134,36,18,17,15
frame=1,5,0,467,30,16,14,13
frame=1,6,28,2381,14,19,6,13
frame=1,7,0,1681,23,20,10,14
frame=2,0,0,152,36,16,17,13
frame=2,1,0,536,29,22,13,18
frame=2,2,31,343,13,28,5,21
frame=2,3,0,801,27,26,11,20
frame=2,4,0,70,38,17,17,15
frame=2,5,0,323,32,16,14,13
frame=2,6,14,2392,14,17,6,11
frame=2,7,0,1355,24,20,11,14
frame=3,0,0,305,32,18,13,15
frame=3,1,0,558,29,22,12,18
frame=3,2,30,397,14,28,5,20
frame=3,3,0,1526,23,28,11,20
frame=3,4,0,187,35,19,17,16
frame=3,5,0,358,31,17,15,14
frame=3,6,14,2352,14,20,5,14
frame=3,7,23,1586,21,22,8,16

[hit]
frames=2
duration=2
type=play_once
frame=0,0,0,1375,24,19,11,16
frame=0,1,22,1933,22,19,11,16
frame=0,2,26,1029,18,23,7,18
frame=0,3,25,1221,19,22,8,17
frame=0,4,0,1054,26,18,12,15
frame=0,5,22,2005,22,16,10,13
frame=0,6,14,2372,14,20,6,15
frame=0,7,28,766,16,20,6,15
frame=1,0,0,875,27,19,15,15
frame=1,1,0,1701,23,19,12,18
frame=1,2,26,1052,18,23,7,20
frame=1,3,24,1423,20,21,6,17
frame=1,4,0,635,29,18,10,15
frame=1,5,0,1302,25,13,9,11
frame=1,6,15,2272,15,18,7,12
frame=1,7,26,1138,18,19,10,13

[block]
frames=2
duration=1
type=play_once
frame=0,0,0,1394,24,18,11,15
frame=0,1,0,1932,22,19,11,16
frame=0,2,29,577,15,23,6,18
frame=0,3,26,1075,18,22,8,17
frame=0,4,0,1236,25,18,12,15
frame=0,5,0,1462,24,16,11,13
frame=0,6,27,985,16,19,7,13
frame=0,7,0,2270,15,19,6,14
frame=1,0,0,1271,25,17,11,14
frame=1,1,22,1875,22,20,10,17
frame=1,2,30,2276,14,23,5,18
frame=1,3,24,1357,20,24,9,18
frame=1,4,0,736,28,18,13,15
frame=1,5,0,1123,26,15,12,12
frame=1,6,19,2137,16,18,7,13
frame=1,7,27,909,17,19,7,14
