
image=images/avatar/female/default_legs.png

[stance]
frames=4
duration=6
type=back_forth
frame=0,0,177,23,17,24,6,28
frame=0,1,211,74,19,22,7,27
frame=0,2,175,47,19,25,6,29
frame=0,3,293,48,17,26,5,28
frame=0,4,20,95,17,26,4,28
frame=0,5,194,49,19,25,5,28
frame=0,6,443,24,19,25,6,27
frame=0,7,493,50,15,25,4,27
frame=1,0,382,98,18,23,6,27
frame=1,1,287,74,19,22,7,27
frame=1,2,20,121,18,26,6,29
frame=1,3,206,96,17,26,5,28
frame=1,4,0,174,18,27,5,28
frame=1,5,462,24,19,25,6,28
frame=1,6,58,71,19,25,6,27
frame=1,7,22,71,16,24,4,26
frame=2,0,400,99,18,23,6,27
frame=2,1,230,73,19,23,7,27
frame=2,2,56,148,18,25,6,28
frame=2,3,295,96,16,26,5,28
frame=2,4,38,121,18,26,5,28
frame=2,5,290,22,19,26,6,28
frame=2,6,77,71,19,25,6,27
frame=2,7,493,75,15,25,3,27
frame=3,0,249,73,19,23,6,27
frame=3,1,306,74,19,22,7,27
frame=3,2,166,147,18,25,6,28
frame=3,3,199,172,17,26,6,28
frame=3,4,18,174,17,27,5,28
frame=3,5,96,71,19,25,6,28
frame=3,6,56,122,18,26,5,27
frame=3,7,418,98,16,25,4,27

[shoot]
frames=4
duration=3
type=play_once
frame=0,0,50,0,23,23,11,27
frame=0,1,230,0,22,22,10,26
frame=0,2,363,121,18,23,6,27
frame=0,3,418,123,16,23,5,26
frame=0,4,155,47,20,25,5,26
frame=0,5,134,72,19,24,5,26
frame=0,6,94,96,18,26,6,25
frame=0,7,115,71,19,25,7,26
frame=1,0,0,24,25,23,13,27
frame=1,1,252,0,22,22,11,26
frame=1,2,400,122,18,23,6,26
frame=1,3,182,198,18,24,5,26
frame=1,4,0,71,22,24,5,26
frame=1,5,114,23,21,24,6,26
frame=1,6,109,173,18,25,6,25
frame=1,7,0,95,20,26,8,26
frame=2,0,0,0,25,24,13,27
frame=2,1,73,0,22,23,10,27
frame=2,2,202,148,18,24,6,27
frame=2,3,127,173,18,25,5,27
frame=2,4,113,47,21,24,5,26
frame=2,5,135,23,21,24,6,26
frame=2,6,188,96,18,25,6,25
frame=2,7,309,22,20,25,8,26
frame=3,0,24,47,23,23,11,27
frame=3,1,274,0,22,22,10,27
frame=3,2,200,198,18,24,6,27
frame=3,3,220,147,16,25,5,27
frame=3,4,134,47,21,25,5,27
frame=3,5,213,48,20,25,6,27
frame=3,6,310,47,19,26,6,26
frame=3,7,0,121,20,26,7,27

[run]
frames=8
duration=2
type=looped
frame=0,0,48,23,22,24,10,26
frame=0,1,184,147,18,25,6,27
frame=0,2,223,96,18,25,6,27
frame=0,3,430,49,21,22,7,26
frame=0,4,406,0,21,23,6,26
frame=0,5,365,96,17,25,5,26
frame=0,6,490,0,18,27,6,27
frame=0,7,70,23,22,24,10,27
frame=1,0,153,72,19,24,7,27
frame=1,1,216,172,17,26,5,29
frame=1,2,329,23,19,26,6,29
frame=1,3,172,72,19,24,6,28
frame=1,4,406,168,16,22,5,26
frame=1,5,348,23,19,26,6,28
frame=1,6,367,23,19,26,6,28
frame=1,7,74,122,19,25,7,28
frame=2,0,220,122,17,25,5,29
frame=2,1,218,198,18,24,5,29
frame=2,2,112,96,19,25,5,29
frame=2,3,291,122,18,24,5,28
frame=2,4,233,172,17,25,5,28
frame=2,5,241,96,18,25,6,29
frame=2,6,112,121,18,26,6,29
frame=2,7,19,147,18,27,5,30
frame=3,0,427,0,21,23,9,26
frame=3,1,47,47,22,24,9,28
frame=3,2,93,122,19,25,6,28
frame=3,3,259,96,18,25,5,27
frame=3,4,267,171,18,24,5,27
frame=3,5,329,49,20,24,7,27
frame=3,6,277,96,18,25,6,27
frame=3,7,35,174,17,27,5,28
frame=4,0,95,0,22,23,10,26
frame=4,1,296,0,22,22,10,26
frame=4,2,311,96,18,25,6,27
frame=4,3,236,147,17,25,5,27
frame=4,4,156,23,21,24,6,26
frame=4,5,448,0,21,24,7,27
frame=4,6,386,23,19,26,6,27
frame=4,7,329,96,18,25,6,26
frame=5,0,268,73,19,23,7,26
frame=5,1,381,121,19,22,7,27
frame=5,2,130,121,18,26,6,29
frame=5,3,148,121,18,26,6,28
frame=5,4,303,171,17,24,5,27
frame=5,5,131,96,19,25,6,29
frame=5,6,0,147,19,27,6,28
frame=5,7,347,96,18,25,5,27
frame=6,0,250,172,17,25,5,27
frame=6,1,68,198,19,24,6,28
frame=6,2,150,96,19,25,7,29
frame=6,3,382,73,18,25,6,30
frame=6,4,272,195,17,25,5,29
frame=6,5,166,121,18,26,4,29
frame=6,6,405,23,19,26,5,29
frame=6,7,285,171,18,24,5,28
frame=7,0,469,0,21,24,9,27
frame=7,1,289,195,17,25,5,27
frame=7,2,169,96,19,25,6,28
frame=7,3,325,73,19,23,7,28
frame=7,4,409,146,18,22,5,26
frame=7,5,74,147,18,26,5,28
frame=7,6,92,147,18,26,5,27
frame=7,7,349,49,20,24,8,27

[die]
frames=6
duration=4
type=play_once
frame=0,0,117,0,22,23,10,27
frame=0,1,451,119,19,22,8,28
frame=0,2,87,198,19,24,6,28
frame=0,3,307,146,17,25,5,28
frame=0,4,110,147,18,26,5,27
frame=0,5,128,147,19,25,5,27
frame=0,6,147,147,19,25,6,26
frame=0,7,400,73,17,26,6,27
frame=1,0,25,0,25,23,15,27
frame=1,1,470,104,21,19,11,26
frame=1,2,388,168,18,20,6,26
frame=1,3,427,146,18,22,4,26
frame=1,4,69,47,22,24,3,25
frame=1,5,424,23,19,26,4,25
frame=1,6,230,22,20,26,8,24
frame=1,7,233,48,20,25,10,25
frame=2,0,493,100,15,21,16,17
frame=2,1,445,155,20,18,17,20
frame=2,2,389,208,18,14,8,20
frame=2,3,439,208,14,14,-2,17
frame=2,4,479,173,14,16,-4,14
frame=2,5,372,189,16,18,-1,11
frame=2,6,403,190,16,18,7,10
frame=2,7,388,188,15,19,14,10
frame=3,0,465,155,15,18,17,16
frame=3,1,470,123,21,16,16,19
frame=3,2,442,173,20,13,6,19
frame=3,3,424,208,15,14,-5,16
frame=3,4,495,182,13,13,-5,11
frame=3,5,451,141,19,14,2,8
frame=3,6,407,208,17,14,10,6
frame=3,7,454,201,14,19,16,12
frame=4,0,462,173,17,16,18,14
frame=4,1,470,89,23,15,17,17
frame=4,2,422,183,20,12,7,17
frame=4,3,495,195,13,13,-4,14
frame=4,4,493,169,15,13,-4,10
frame=4,5,419,195,17,13,-2,7
frame=4,6,422,168,20,15,11,8
frame=4,7,468,202,12,18,15,11
frame=5,0,372,207,17,15,19,14
frame=5,1,470,139,21,13,15,16
frame=5,2,436,196,18,12,4,15
frame=5,3,480,202,12,13,-6,12
frame=5,4,461,189,17,12,-4,6
frame=5,5,442,186,19,10,2,3
frame=5,6,478,189,17,13,12,5
frame=5,7,480,152,11,16,17,9

[cast]
frames=4
duration=3
type=play_once
frame=0,0,344,73,19,23,7,27
frame=0,1,363,73,19,23,7,28
frame=0,2,434,71,18,25,5,29
frame=0,3,327,121,17,25,5,28
frame=0,4,417,72,17,26,4,28
frame=0,5,309,122,18,24,5,27
frame=0,6,52,173,19,25,6,27
frame=0,7,324,195,16,25,5,27
frame=1,0,106,198,19,24,7,28
frame=1,1,451,96,19,23,7,29
frame=1,2,145,172,18,26,5,30
frame=1,3,434,96,17,26,5,29
frame=1,4,194,22,18,27,5,29
frame=1,5,37,95,19,26,5,29
frame=1,6,37,147,19,26,6,29
frame=1,7,324,146,17,25,5,27
frame=2,0,253,48,20,25,7,29
frame=2,1,481,27,20,23,7,29
frame=2,2,452,71,18,25,5,29
frame=2,3,434,122,17,24,5,28
frame=2,4,237,121,18,25,5,29
frame=2,5,250,22,20,26,6,29
frame=2,6,56,96,19,26,6,29
frame=2,7,341,146,16,25,4,28
frame=3,0,369,49,20,24,6,28
frame=3,1,389,49,20,24,7,28
frame=3,2,357,144,18,23,5,27
frame=3,3,338,171,16,24,6,27
frame=3,4,255,121,18,25,6,27
frame=3,5,71,173,19,25,6,28
frame=3,6,212,21,18,27,6,29
frame=3,7,375,144,16,24,4,26

[swing]
frames=4
duration=3
type=play_once
frame=0,0,409,49,21,23,9,27
frame=0,1,191,74,20,22,8,27
frame=0,2,273,121,18,25,6,28
frame=0,3,340,195,16,25,5,27
frame=0,4,236,197,18,25,5,27
frame=0,5,125,198,19,24,6,27
frame=0,6,75,96,19,26,6,27
frame=0,7,253,146,18,25,6,26
frame=1,0,0,201,24,21,15,25
frame=1,1,139,0,22,23,12,26
frame=1,2,271,146,18,25,6,27
frame=1,3,289,146,18,25,4,26
frame=1,4,25,23,23,24,4,25
frame=1,5,161,0,22,23,6,24
frame=1,6,163,172,18,26,5,24
frame=1,7,451,49,21,22,10,22
frame=2,0,470,71,23,18,17,22
frame=2,1,24,201,22,21,14,25
frame=2,2,320,171,18,24,6,27
frame=2,3,306,195,18,24,2,26
frame=2,4,0,47,24,24,3,25
frame=2,5,183,0,23,22,5,22
frame=2,6,144,198,19,24,6,21
frame=2,7,344,121,19,23,11,22
frame=3,0,318,0,22,22,14,26
frame=3,1,92,23,22,24,12,28
frame=3,2,254,197,18,25,6,28
frame=3,3,491,121,17,26,3,28
frame=3,4,91,47,22,24,4,26
frame=3,5,340,0,22,23,6,25
frame=3,6,184,121,18,26,6,25
frame=3,7,356,194,16,25,8,25

[hit]
frames=2
duration=2
type=play_once
frame=0,0,117,0,22,23,10,27
frame=0,1,451,119,19,22,8,28
frame=0,2,87,198,19,24,6,28
frame=0,3,307,146,17,25,5,28
frame=0,4,110,147,18,26,5,27
frame=0,5,128,147,19,25,5,27
frame=0,6,147,147,19,25,6,26
frame=0,7,400,73,17,26,6,27
frame=1,0,25,0,25,23,15,27
frame=1,1,470,104,21,19,11,26
frame=1,2,388,168,18,20,6,26
frame=1,3,427,146,18,22,4,26
frame=1,4,69,47,22,24,3,25
frame=1,5,424,23,19,26,4,25
frame=1,6,230,22,20,26,8,24
frame=1,7,233,48,20,25,10,25

[block]
frames=2
duration=1
type=play_once
frame=0,0,362,0,22,23,9,26
frame=0,1,472,50,21,21,9,27
frame=0,2,391,145,18,23,6,27
frame=0,3,354,171,16,23,5,26
frame=0,4,270,22,20,26,6,27
frame=0,5,273,48,20,25,6,27
frame=0,6,90,173,19,25,6,26
frame=0,7,181,172,18,26,6,27
frame=1,0,206,0,24,21,11,25
frame=1,1,46,201,22,21,9,25
frame=1,2,370,168,18,21,6,25
frame=1,3,491,147,17,22,6,25
frame=1,4,384,0,22,23,7,26
frame=1,5,38,71,20,24,6,25
frame=1,6,202,122,18,26,6,26
frame=1,7,163,198,19,24,7,25
