
[stance]
frames=4
duration=180
type=back_forth
frame=0,0,3031,37,18,37,-2,33
frame=0,1,1815,48,42,48,7,43
frame=0,2,3400,0,71,33,22,33
frame=0,3,3611,32,64,31,25,25
frame=0,4,2412,0,26,44,14,32
frame=0,5,3467,66,40,33,27,26
frame=0,6,1619,101,71,27,42,32
frame=0,7,2787,38,63,38,32,42
frame=1,0,1600,0,24,51,4,47
frame=1,1,1688,49,40,49,6,44
frame=1,2,1977,94,72,34,23,34
frame=1,3,3572,64,65,31,25,25
frame=1,4,2477,43,26,43,14,31
frame=1,5,2850,76,40,38,27,31
frame=1,6,3466,101,70,27,42,32
frame=1,7,2786,78,64,38,33,42
frame=2,0,1433,52,25,52,5,48
frame=2,1,1698,0,40,49,6,44
frame=2,2,3220,35,72,34,22,34
frame=2,3,3675,30,65,30,25,24
frame=2,4,2564,42,27,42,14,30
frame=2,5,2890,76,39,38,27,31
frame=2,6,4006,0,69,27,42,32
frame=2,7,2659,40,64,39,33,43
frame=3,0,1413,0,27,52,6,48
frame=3,1,1510,51,38,51,5,45
frame=3,2,3075,72,70,35,21,35
frame=3,3,3742,59,66,29,25,24
frame=3,4,2557,0,29,42,15,30
frame=3,5,2894,38,37,38,26,31
frame=3,6,3867,0,69,28,42,32
frame=3,7,2772,0,65,38,34,42

[run]
frames=8
duration=60
type=looped
frame=0,0,1550,102,69,26,26,34
frame=0,1,3352,34,38,34,7,31
frame=0,2,2586,0,26,42,4,35
frame=0,3,3869,88,63,28,28,28
frame=0,4,3092,36,65,35,35,31
frame=0,5,1297,0,34,53,23,43
frame=0,6,1244,54,30,54,18,47
frame=0,7,2181,90,67,38,31,40
frame=1,0,1690,98,72,30,32,38
frame=1,1,2165,45,41,45,11,42
frame=1,2,1897,48,24,48,1,41
frame=1,3,3145,71,64,35,24,33
frame=1,4,3735,90,71,29,33,27
frame=1,5,1997,47,40,46,22,37
frame=1,6,2654,0,24,40,16,32
frame=1,7,3102,0,65,35,34,36
frame=2,0,2248,89,68,39,37,44
frame=2,1,1288,54,37,53,15,50
frame=2,2,1158,56,28,56,2,50
frame=2,3,2412,44,65,43,19,41
frame=2,4,3632,0,71,30,25,31
frame=2,5,3034,74,41,36,17,28
frame=2,6,3390,34,25,34,17,27
frame=2,7,3549,32,62,32,38,34
frame=3,0,2250,0,53,44,39,49
frame=3,1,1022,65,36,61,20,61
frame=3,2,799,0,20,66,-3,62
frame=3,3,307,71,54,57,7,53
frame=3,4,2657,80,65,39,14,39
frame=3,5,2988,75,46,37,13,33
frame=3,6,2742,0,15,39,12,33
frame=3,7,2882,0,42,38,35,40
frame=4,0,1772,0,44,48,37,53
frame=4,1,874,65,34,63,22,65
frame=4,2,410,0,18,70,-3,68
frame=4,3,1110,0,42,64,-1,61
frame=4,4,1440,0,55,51,5,48
frame=4,5,2850,38,44,38,9,38
frame=4,6,2591,42,19,42,9,38
frame=4,7,2626,83,31,40,30,43
frame=5,0,2112,0,55,45,38,50
frame=5,1,725,67,37,61,20,61
frame=5,2,819,0,20,66,-4,62
frame=5,3,361,70,54,57,7,53
frame=5,4,2678,0,64,39,14,39
frame=5,5,2959,0,45,37,13,33
frame=5,6,2757,0,15,39,13,33
frame=5,7,2837,0,45,38,35,40
frame=6,0,2316,88,67,40,36,45
frame=6,1,1186,55,36,55,13,51
frame=6,2,1152,0,29,56,2,49
frame=6,3,2496,86,66,42,20,40
frame=6,4,3536,97,71,31,26,31
frame=6,5,3004,0,39,37,17,29
frame=6,6,3374,0,26,34,18,27
frame=6,7,3415,33,64,33,38,35
frame=7,0,3607,95,70,30,30,37
frame=7,1,2347,44,38,44,10,41
frame=7,2,1967,0,27,47,4,40
frame=7,3,3507,65,65,32,26,32
frame=7,4,3637,63,68,30,32,28
frame=7,5,1930,0,37,47,21,38
frame=7,6,56,78,29,50,17,42
frame=7,7,3248,0,66,34,33,36

[ranged]
frames=4
duration=90
type=play_once
frame=0,0,349,0,31,70,3,64
frame=0,1,955,65,44,62,12,59
frame=0,2,1331,0,45,52,16,54
frame=0,3,2201,0,30,45,10,52
frame=0,4,2438,0,32,43,15,52
frame=0,5,1540,0,35,51,19,57
frame=0,6,1058,65,32,61,13,62
frame=0,7,639,0,20,68,3,64
frame=1,0,263,0,32,71,6,65
frame=1,1,995,0,42,65,11,61
frame=1,2,262,72,45,56,16,57
frame=1,3,1964,47,33,47,11,53
frame=1,4,2348,0,33,44,13,53
frame=1,5,1728,49,34,49,17,56
frame=1,6,1090,65,32,59,13,61
frame=1,7,618,0,21,68,6,64
frame=2,0,380,0,30,70,4,64
frame=2,1,952,0,43,65,12,61
frame=2,2,1225,0,45,54,16,56
frame=2,3,2037,46,33,46,11,53
frame=2,4,2381,0,31,44,13,53
frame=2,5,1738,0,34,49,18,56
frame=2,6,608,68,32,60,13,62
frame=2,7,461,0,20,69,5,65
frame=3,0,315,0,34,70,5,64
frame=3,1,827,66,47,62,14,59
frame=3,2,1495,0,45,51,16,54
frame=3,3,2385,44,27,44,9,52
frame=3,4,2470,0,31,43,16,52
frame=3,5,1376,0,37,52,20,58
frame=3,6,908,65,32,63,13,63
frame=3,7,295,0,20,71,2,66

[ment]
frames=4
duration=90
type=play_once
frame=0,0,940,65,15,63,2,60
frame=0,1,415,70,47,57,5,53
frame=0,2,2425,87,71,41,15,41
frame=0,3,3043,0,59,36,16,31
frame=0,4,3072,36,20,36,8,26
frame=0,5,3167,0,41,35,32,31
frame=0,6,3157,35,63,35,45,42
frame=0,7,1458,51,52,51,32,53
frame=1,0,775,0,24,66,-4,81
frame=1,1,1076,0,34,65,-11,75
frame=1,2,1037,0,39,65,-9,67
frame=1,3,744,0,31,66,-2,61
frame=1,4,720,0,24,67,11,61
frame=1,5,690,0,30,67,28,67
frame=1,6,549,0,38,68,31,75
frame=1,7,659,0,31,67,16,81
frame=2,0,1270,0,27,54,0,68
frame=2,1,85,77,60,51,14,67
frame=2,2,659,67,66,61,20,69
frame=2,3,34,0,41,78,15,75
frame=2,4,0,0,34,81,15,78
frame=2,5,481,0,68,68,35,76
frame=2,6,1325,53,74,52,35,73
frame=2,7,214,73,48,55,15,71
frame=3,0,1548,51,32,51,-1,66
frame=3,1,1896,0,34,48,-3,60
frame=3,2,0,81,56,47,9,56
frame=3,3,900,0,52,65,17,60
frame=3,4,75,0,24,77,16,67
frame=3,5,149,0,41,75,28,71
frame=3,6,762,66,65,62,39,71
frame=3,7,1626,50,62,49,27,70

[die]
frames=6
duration=120
type=play_once
frame=0,0,1857,48,40,48,15,46
frame=0,1,1580,51,25,51,0,46
frame=0,2,2723,39,64,39,18,37
frame=0,3,3762,0,72,29,26,26
frame=0,4,2612,0,42,40,19,29
frame=0,5,2610,42,20,41,17,31
frame=0,6,3808,59,63,29,39,30
frame=0,7,3534,0,70,32,38,39
frame=1,0,3314,0,60,34,28,38
frame=1,1,2231,0,19,45,0,42
frame=1,2,2562,85,44,42,9,38
frame=1,3,3936,0,70,27,24,27
frame=1,4,2931,38,59,37,25,28
frame=1,5,1624,0,21,50,12,36
frame=1,6,2303,0,45,44,29,36
frame=1,7,3998,27,71,24,41,30
frame=2,0,3931,55,65,27,45,25
frame=2,1,3158,106,63,19,34,25
frame=2,2,3075,107,19,21,-5,18
frame=2,3,3604,0,28,32,-2,25
frame=2,4,1221,110,60,18,15,13
frame=2,5,3677,93,58,30,24,14
frame=2,6,2087,0,25,46,19,23
frame=2,7,2167,0,34,45,31,27
frame=3,0,1344,105,63,23,52,20
frame=3,1,3703,0,59,30,40,33
frame=3,2,2501,0,24,43,6,38
frame=3,3,2525,0,32,42,-5,32
frame=3,4,3279,103,65,25,10,16
frame=3,5,1158,112,63,16,19,3
frame=3,6,3902,28,26,28,17,6
frame=3,7,3874,28,28,28,33,11
frame=4,0,3871,58,60,28,55,22
frame=4,1,2630,40,29,40,30,34
frame=4,2,2924,0,35,38,10,35
frame=4,3,3094,107,64,19,10,20
frame=4,4,2983,113,62,15,5,7
frame=4,5,4022,99,22,24,-9,0
frame=4,6,3834,0,33,29,23,4
frame=4,7,1281,108,63,20,52,5
frame=5,0,4022,75,51,24,51,17
frame=5,1,3209,70,22,35,24,30
frame=5,2,3932,82,46,27,14,27
frame=5,3,2850,114,67,13,9,14
frame=5,4,3344,102,51,25,-1,9
frame=5,5,3049,36,23,36,-3,7
frame=5,6,3978,82,44,27,31,1
frame=5,7,2917,114,66,13,57,0

[melee]
frames=4
duration=90
type=play_once
frame=0,0,145,75,69,53,20,69
frame=0,1,1399,52,34,52,-2,61
frame=0,2,1921,48,43,47,9,56
frame=0,3,2097,46,68,45,28,58
frame=0,4,839,0,61,65,31,68
frame=0,5,1222,55,22,55,17,78
frame=0,6,99,0,50,75,24,80
frame=0,7,462,69,75,59,30,75
frame=1,0,190,0,34,73,22,81
frame=1,1,428,0,33,69,8,82
frame=1,2,1122,64,36,64,-5,77
frame=1,3,537,68,38,60,-11,69
frame=1,4,575,68,33,60,-5,62
frame=1,5,999,65,23,62,5,59
frame=1,6,587,0,31,68,24,65
frame=1,7,224,0,39,72,32,73
frame=2,0,1478,102,72,26,56,35
frame=2,1,2248,45,54,44,37,50
frame=2,2,1274,54,14,54,0,56
frame=2,3,1762,49,53,48,3,49
frame=2,4,1762,97,74,31,10,34
frame=2,5,3295,68,56,34,11,22
frame=2,6,2503,43,17,43,7,25
frame=2,7,3351,68,51,34,42,26
frame=3,0,2113,91,68,37,44,39
frame=3,1,3221,105,58,23,31,33
frame=3,2,4044,99,15,24,-5,29
frame=3,3,3705,60,37,30,4,34
frame=3,4,3812,29,62,29,15,29
frame=3,5,1645,0,53,49,18,36
frame=3,6,640,68,19,60,10,41
frame=3,7,1181,0,44,55,30,42

[hit]
frames=2
duration=60
type=play_once
frame=0,0,1856,0,40,48,15,46
frame=0,1,1575,0,25,51,0,46
frame=0,2,2722,79,64,39,18,37
frame=0,3,3740,30,72,29,26,26
frame=0,4,2383,88,42,40,19,29
frame=0,5,2606,84,20,41,17,31
frame=0,6,3806,88,63,29,39,30
frame=0,7,3479,33,70,32,38,39
frame=1,0,3292,34,60,34,28,38
frame=1,1,2229,45,19,45,0,42
frame=1,2,2520,43,44,42,9,38
frame=1,3,3928,28,70,27,24,27
frame=1,4,2929,76,59,37,25,28
frame=1,5,1605,51,21,50,12,36
frame=1,6,2302,44,45,44,29,36
frame=1,7,3395,102,71,24,41,30

[block]
frames=2
duration=30
type=play_once
frame=0,0,2206,45,23,45,0,41
frame=0,1,1816,0,40,48,5,42
frame=0,2,1907,96,70,32,22,32
frame=0,3,3402,68,65,33,27,25
frame=0,4,2060,0,27,46,16,33
frame=0,5,3208,0,40,35,29,28
frame=0,6,3998,51,70,24,41,31
frame=0,7,2049,92,64,36,31,41
frame=1,0,1994,0,26,47,1,44
frame=1,1,2020,0,40,46,4,40
frame=1,2,1836,96,71,32,23,30
frame=1,3,3471,0,63,33,28,24
frame=1,4,2070,46,27,46,18,33
frame=1,5,2990,37,41,37,30,30
frame=1,6,1407,104,71,24,42,32
frame=1,7,3231,69,64,34,29,40
