
image=images/avatar/female/head_long.png

[stance]
frames=4
duration=6
type=back_forth
frame=0,0,21,1636,21,33,6,47
frame=0,1,0,300,22,34,6,48
frame=0,2,42,1297,21,34,4,48
frame=0,3,0,1330,21,34,3,48
frame=0,4,0,334,22,34,3,47
frame=0,5,21,1330,21,34,3,47
frame=0,6,44,521,20,34,4,47
frame=0,7,42,1331,21,34,6,47
frame=1,0,0,606,22,33,6,47
frame=1,1,0,1364,21,34,5,48
frame=1,2,0,1225,21,35,4,48
frame=1,3,21,1364,21,34,3,48
frame=1,4,22,334,22,34,4,47
frame=1,5,42,1365,21,34,4,47
frame=1,6,44,555,20,34,4,47
frame=1,7,22,606,22,33,6,47
frame=2,0,0,639,22,33,5,47
frame=2,1,0,368,22,34,5,48
frame=2,2,21,1225,21,35,4,48
frame=2,3,22,368,22,34,4,47
frame=2,4,22,639,22,33,4,47
frame=2,5,42,1637,21,33,4,47
frame=2,6,44,963,20,33,4,47
frame=2,7,21,1669,21,33,5,47
frame=3,0,0,672,22,33,5,47
frame=3,1,0,1398,21,34,4,48
frame=3,2,44,311,20,35,3,48
frame=3,3,21,1398,21,34,4,47
frame=3,4,0,402,22,34,5,47
frame=3,5,22,672,22,33,5,47
frame=3,6,44,996,20,33,4,47
frame=3,7,42,1399,21,34,5,48

[run]
frames=8
duration=2
type=looped
frame=0,0,0,705,22,33,8,46
frame=0,1,0,1670,21,33,7,47
frame=0,2,45,241,19,34,3,48
frame=0,3,42,1670,21,33,2,47
frame=0,4,21,2032,21,32,1,45
frame=0,5,21,1702,21,33,2,45
frame=0,6,0,2385,20,32,4,44
frame=0,7,0,2033,21,32,7,45
frame=1,0,0,1432,21,34,9,47
frame=1,1,0,1703,21,33,8,48
frame=1,2,44,589,20,34,4,49
frame=1,3,42,1703,21,33,1,48
frame=1,4,22,705,22,33,0,46
frame=1,5,0,738,22,33,1,45
frame=1,6,44,623,20,34,4,45
frame=1,7,21,1735,21,33,8,45
frame=2,0,22,738,22,33,10,47
frame=2,1,21,1432,21,34,8,49
frame=2,2,44,346,20,35,4,50
frame=2,3,42,1433,21,34,1,49
frame=2,4,22,402,22,34,0,48
frame=2,5,0,436,22,34,1,46
frame=2,6,44,657,20,34,4,46
frame=2,7,0,1466,21,34,8,46
frame=3,0,0,771,22,33,9,46
frame=3,1,21,1466,21,34,8,48
frame=3,2,44,691,20,34,4,49
frame=3,3,22,771,22,33,2,48
frame=3,4,0,32,23,34,1,47
frame=3,5,42,1467,21,34,1,46
frame=3,6,39,2534,19,33,3,45
frame=3,7,0,1736,21,33,7,45
frame=4,0,42,2225,21,31,8,45
frame=4,1,0,804,22,33,8,47
frame=4,2,20,2511,19,34,4,48
frame=4,3,44,1029,20,33,2,47
frame=4,4,42,1736,21,33,1,46
frame=4,5,21,1768,21,33,2,45
frame=4,6,19,2578,19,32,3,44
frame=4,7,0,1769,21,33,7,45
frame=5,0,0,1195,22,30,9,46
frame=5,1,0,1500,21,34,8,48
frame=5,2,44,725,20,34,4,49
frame=5,3,42,1769,21,33,2,48
frame=5,4,22,804,22,33,1,47
frame=5,5,21,1500,21,34,1,46
frame=5,6,44,1062,20,33,3,45
frame=5,7,21,1801,21,33,7,45
frame=6,0,0,837,22,33,10,47
frame=6,1,42,1501,21,34,8,49
frame=6,2,44,381,20,35,4,50
frame=6,3,0,1534,21,34,1,49
frame=6,4,22,436,22,34,0,48
frame=6,5,22,837,22,33,1,46
frame=6,6,44,759,20,34,4,46
frame=6,7,0,1802,21,33,8,46
frame=7,0,0,470,22,34,9,47
frame=7,1,0,870,22,33,8,48
frame=7,2,44,416,20,35,4,49
frame=7,3,42,1802,21,33,1,48
frame=7,4,23,66,23,33,1,46
frame=7,5,22,870,22,33,2,45
frame=7,6,44,1095,20,33,4,45
frame=7,7,42,2033,21,32,8,45

[ranged]
frames=4
duration=3
type=play_once
frame=0,0,42,1868,21,33,9,46
frame=0,1,0,2319,20,33,7,47
frame=0,2,44,861,20,34,4,48
frame=0,3,0,969,22,33,2,47
frame=0,4,0,1068,22,32,1,45
frame=0,5,21,2096,21,32,2,44
frame=0,6,0,2546,19,33,4,44
frame=0,7,0,2097,21,32,8,44
frame=1,0,42,2097,21,32,11,45
frame=1,1,21,2128,21,32,9,47
frame=1,2,42,2318,20,33,4,48
frame=1,3,21,1900,21,33,0,47
frame=1,4,22,1099,22,32,-1,44
frame=1,5,0,2129,21,32,1,43
frame=1,6,19,2610,19,32,4,42
frame=1,7,20,2447,20,32,9,43
frame=2,0,0,1100,22,32,11,45
frame=2,1,42,2129,21,32,9,47
frame=2,2,20,2349,20,33,4,48
frame=2,3,0,1901,21,33,1,47
frame=2,4,23,197,23,32,0,45
frame=2,5,21,2160,21,32,1,43
frame=2,6,0,2611,19,32,4,42
frame=2,7,0,2161,21,32,9,43
frame=3,0,42,1901,21,33,9,46
frame=3,1,21,1933,21,33,8,47
frame=3,2,44,895,20,34,4,48
frame=3,3,22,969,22,33,2,47
frame=3,4,23,99,23,33,2,46
frame=3,5,42,2161,21,32,2,44
frame=3,6,38,2632,19,32,4,44
frame=3,7,0,1934,21,33,8,45

[ment]
frames=4
duration=3
type=play_once
frame=0,0,42,1835,21,33,5,47
frame=0,1,0,1568,21,34,5,48
frame=0,2,42,1227,21,35,4,48
frame=0,3,22,470,22,34,4,48
frame=0,4,0,504,22,34,4,47
frame=0,5,0,936,22,33,4,47
frame=0,6,44,1194,20,33,4,47
frame=0,7,21,1867,21,33,5,47
frame=1,0,23,229,22,35,4,49
frame=1,1,0,230,22,35,4,49
frame=1,2,0,1260,21,35,4,49
frame=1,3,21,1260,21,35,4,49
frame=1,4,23,32,23,34,5,48
frame=1,5,22,504,22,34,5,48
frame=1,6,44,451,20,35,4,49
frame=1,7,22,264,22,35,5,49
frame=2,0,0,265,22,35,4,49
frame=2,1,22,299,22,35,4,49
frame=2,2,44,275,20,36,3,49
frame=2,3,42,1262,21,35,4,49
frame=2,4,21,1568,21,34,5,48
frame=2,5,0,538,22,34,5,48
frame=2,6,44,827,20,34,4,49
frame=2,7,42,1569,21,34,4,49
frame=3,0,22,936,22,33,5,47
frame=3,1,0,1602,21,34,4,47
frame=3,2,44,486,20,35,3,47
frame=3,3,22,538,22,34,5,47
frame=3,4,0,66,23,34,6,47
frame=3,5,0,1868,21,33,5,47
frame=3,6,0,2512,19,34,4,48
frame=3,7,21,1602,21,34,5,48

[die]
frames=6
duration=4
type=play_once
frame=0,0,0,1035,22,33,8,47
frame=0,1,0,1636,21,34,7,48
frame=0,2,21,1295,21,35,4,49
frame=0,3,22,572,22,34,2,48
frame=0,4,0,133,23,33,2,46
frame=0,5,0,2000,21,33,2,46
frame=0,6,20,2382,20,33,4,45
frame=0,7,42,2000,21,33,7,46
frame=1,0,22,1194,22,31,14,44
frame=1,1,20,2479,20,32,10,47
frame=1,2,38,2664,19,32,3,48
frame=1,3,0,1132,22,32,-1,47
frame=1,4,24,0,24,32,-2,44
frame=1,5,21,2318,21,31,0,41
frame=1,6,38,2696,19,31,4,40
frame=1,7,0,2225,21,32,11,42
frame=2,0,14,2758,13,23,26,31
frame=2,1,28,2748,10,22,19,39
frame=2,2,48,0,16,24,4,41
frame=2,3,46,108,18,24,-9,38
frame=2,4,40,2510,20,24,-14,31
frame=2,5,46,132,18,23,-9,23
frame=2,6,0,2721,15,22,4,20
frame=2,7,46,155,18,21,20,24
frame=3,0,52,2727,12,22,26,34
frame=3,1,46,176,17,22,12,40
frame=3,2,48,24,16,23,-7,39
frame=3,3,46,219,16,22,-18,31
frame=3,4,19,2705,19,21,-14,22
frame=3,5,46,198,17,21,-1,16
frame=3,6,51,2760,11,20,16,17
frame=3,7,15,2726,14,22,28,25
frame=4,0,13,2781,10,14,26,27
frame=4,1,38,2727,14,15,5,31
frame=4,2,38,2756,13,14,-17,26
frame=4,3,38,2742,14,14,-24,16
frame=4,4,0,2706,16,15,-14,7
frame=4,5,0,2759,13,16,5,3
frame=4,6,0,2743,14,16,26,7
frame=4,7,0,2775,13,15,34,17
frame=5,0,29,2726,9,10,26,20
frame=5,1,0,2790,10,9,1,23
frame=5,2,29,2736,9,10,-22,18
frame=5,3,27,2770,11,10,-27,7
frame=5,4,14,2748,14,10,-13,-4
frame=5,5,38,2770,11,10,8,-7
frame=5,6,52,2749,12,11,30,-1
frame=5,7,27,2780,11,10,36,10

[melee]
frames=4
duration=3
type=play_once
frame=0,0,21,1534,21,34,5,47
frame=0,1,42,1535,21,34,5,47
frame=0,2,44,793,20,34,4,47
frame=0,3,21,1834,21,33,4,46
frame=0,4,0,903,22,33,4,46
frame=0,5,22,903,22,33,5,46
frame=0,6,19,2545,19,33,4,47
frame=0,7,44,1128,20,33,5,47
frame=1,0,21,2064,21,32,11,44
frame=1,1,0,2065,21,32,9,46
frame=1,2,40,2384,20,32,4,47
frame=1,3,22,1035,22,32,1,46
frame=1,4,23,165,23,32,0,44
frame=1,5,21,2256,21,31,1,42
frame=1,6,0,2579,19,32,4,42
frame=1,7,20,2415,20,32,9,43
frame=2,0,0,2257,21,31,16,42
frame=2,1,40,2480,20,30,13,46
frame=2,2,46,47,18,31,4,48
frame=2,3,0,2481,20,31,-3,47
frame=2,4,22,1163,22,31,-5,43
frame=2,5,42,2256,21,31,-3,39
frame=2,6,46,78,18,30,3,37
frame=2,7,19,2674,19,31,12,39
frame=3,0,22,1067,22,32,14,45
frame=3,1,0,1835,21,33,12,48
frame=3,2,44,1161,20,33,5,49
frame=3,3,0,2417,20,32,-1,48
frame=3,4,0,166,23,32,-3,45
frame=3,5,42,2065,21,32,-2,42
frame=3,6,38,2600,19,32,3,41
frame=3,7,40,2416,20,32,10,42

[hit]
frames=2
duration=2
type=play_once
frame=0,0,22,1002,22,33,8,47
frame=0,1,42,1603,21,34,7,48
frame=0,2,0,1295,21,35,4,49
frame=0,3,0,572,22,34,2,48
frame=0,4,23,132,23,33,2,46
frame=0,5,42,1967,21,33,2,46
frame=0,6,40,2351,20,33,4,45
frame=0,7,21,1999,21,33,7,46
frame=1,0,0,1164,22,31,14,44
frame=1,1,40,2448,20,32,10,47
frame=1,2,0,2643,19,32,3,48
frame=1,3,22,1131,22,32,-1,47
frame=1,4,0,0,24,32,-2,44
frame=1,5,42,2287,21,31,0,41
frame=1,6,0,2675,19,31,4,40
frame=1,7,21,2224,21,32,11,42

[block]
frames=2
duration=1
type=play_once
frame=0,0,42,1934,21,33,7,46
frame=0,1,21,1966,21,33,6,47
frame=0,2,44,929,20,34,4,47
frame=0,3,0,1002,22,33,3,47
frame=0,4,0,100,23,33,3,46
frame=0,5,21,2192,21,32,3,45
frame=0,6,38,2567,19,33,4,45
frame=0,7,0,1967,21,33,7,46
frame=1,0,21,2287,21,31,8,44
frame=1,1,0,2193,21,32,7,45
frame=1,2,0,2352,20,33,4,46
frame=1,3,42,2193,21,32,3,45
frame=1,4,0,198,23,32,3,44
frame=1,5,0,2288,21,31,3,43
frame=1,6,19,2642,19,32,4,43
frame=1,7,0,2449,20,32,7,44
