
image=images/avatar/female/leather_boots.png

[stance]
frames=4
duration=6
type=back_forth
frame=0,0,24,1728,23,18,10,15
frame=0,1,25,1522,22,19,10,15
frame=0,2,27,1130,16,22,6,16
frame=0,3,30,561,17,20,8,15
frame=0,4,24,1746,23,18,12,15
frame=0,5,21,1998,21,17,10,14
frame=0,6,0,2130,16,20,7,15
frame=0,7,30,2347,15,20,6,15
frame=1,0,0,1756,23,18,10,15
frame=1,1,0,1838,22,19,10,15
frame=1,2,15,2307,15,21,5,16
frame=1,3,0,2067,16,21,8,16
frame=1,4,23,1764,23,18,12,15
frame=1,5,21,2015,21,17,10,14
frame=1,6,16,2144,16,20,7,15
frame=1,7,15,2349,15,20,6,15
frame=2,0,0,1774,23,18,10,15
frame=2,1,0,1959,21,20,9,15
frame=2,2,0,2309,15,21,5,16
frame=2,3,16,2081,16,21,8,16
frame=2,4,24,1671,23,19,12,16
frame=2,5,0,2016,21,17,10,14
frame=2,6,0,2150,16,20,7,15
frame=2,7,14,2408,14,20,6,15
frame=3,0,23,1782,23,18,10,15
frame=3,1,22,1841,22,19,10,15
frame=3,2,0,2432,14,22,5,16
frame=3,3,0,2088,16,21,8,16
frame=3,4,0,1644,24,19,12,15
frame=3,5,21,2032,21,17,10,14
frame=3,6,16,2164,16,20,7,15
frame=3,7,0,2351,15,20,6,15

[run]
frames=8
duration=2
type=looped
frame=0,0,0,19,44,18,18,17
frame=0,1,0,593,29,27,11,20
frame=0,2,32,369,15,27,5,19
frame=0,3,0,271,33,22,18,17
frame=0,4,0,37,40,19,21,16
frame=0,5,0,1279,25,28,14,20
frame=0,6,31,424,16,25,6,17
frame=0,7,0,91,37,25,15,19
frame=1,0,0,155,36,18,11,16
frame=1,1,0,1138,26,22,8,17
frame=1,2,0,2408,14,24,5,17
frame=1,3,0,803,28,19,16,15
frame=1,4,0,349,32,19,20,18
frame=1,5,25,1297,22,28,13,23
frame=1,6,32,2134,15,25,5,19
frame=1,7,0,498,30,26,9,22
frame=2,0,23,1800,23,17,4,17
frame=2,1,28,867,19,20,5,16
frame=2,2,30,2326,15,21,5,16
frame=2,3,26,1253,21,22,13,17
frame=2,4,0,1624,24,20,15,18
frame=2,5,27,969,20,20,10,19
frame=2,6,0,2248,16,17,6,17
frame=2,7,0,2033,21,17,4,18
frame=3,0,0,822,28,19,9,16
frame=3,1,0,1160,26,20,9,16
frame=3,2,32,2159,15,25,5,18
frame=3,3,26,1178,21,25,11,18
frame=3,4,0,387,31,20,17,17
frame=3,5,0,743,29,17,15,16
frame=3,6,0,2170,16,20,6,17
frame=3,7,30,498,17,21,4,18
frame=4,0,0,0,44,19,18,16
frame=4,1,0,132,36,23,15,18
frame=4,2,31,396,16,28,6,19
frame=4,3,0,1307,25,27,14,20
frame=4,4,0,56,40,18,21,17
frame=4,5,0,247,33,24,18,19
frame=4,6,31,449,16,25,6,17
frame=4,7,0,565,29,28,11,20
frame=5,0,0,191,35,19,11,17
frame=5,1,0,427,31,19,10,15
frame=5,2,32,2209,15,24,5,17
frame=5,3,25,1375,22,23,13,17
frame=5,4,0,482,31,16,19,16
frame=5,5,0,620,29,25,17,21
frame=5,6,27,1107,16,23,6,17
frame=5,7,0,1334,25,27,7,22
frame=6,0,24,1609,23,21,4,18
frame=6,1,0,1938,21,21,4,17
frame=6,2,16,2102,16,21,6,16
frame=6,3,27,989,20,20,10,16
frame=6,4,0,1699,24,17,15,17
frame=6,5,21,2049,21,17,13,18
frame=6,6,0,2391,15,17,5,17
frame=6,7,28,929,17,20,3,19
frame=7,0,0,546,30,19,9,16
frame=7,1,28,771,19,26,5,19
frame=7,2,32,2081,15,27,6,19
frame=7,3,0,783,28,20,15,16
frame=7,4,0,329,32,20,18,17
frame=7,5,21,1938,21,21,11,18
frame=7,6,30,2367,15,20,5,17
frame=7,7,0,1216,26,17,8,16

[shoot]
frames=4
duration=3
type=play_once
frame=0,0,0,1029,27,17,12,14
frame=0,1,0,1603,24,21,11,17
frame=0,2,32,2257,15,24,6,18
frame=0,3,26,1203,21,25,9,18
frame=0,4,0,725,29,18,13,15
frame=0,5,0,1046,27,17,12,13
frame=0,6,0,2190,16,20,7,14
frame=0,7,29,670,18,21,7,15
frame=1,0,0,894,28,17,13,14
frame=1,1,24,1541,23,23,11,18
frame=1,2,33,314,14,26,5,19
frame=1,3,25,1325,22,26,9,19
frame=1,4,0,446,31,19,13,16
frame=1,5,0,1097,27,16,12,12
frame=1,6,30,519,17,21,7,14
frame=1,7,29,691,18,21,8,15
frame=2,0,0,911,28,17,13,14
frame=2,1,24,1564,23,23,11,18
frame=2,2,30,2406,14,26,5,19
frame=2,3,25,1351,22,24,9,18
frame=2,4,0,407,31,20,13,16
frame=2,5,0,1063,27,17,12,13
frame=2,6,27,1053,17,20,7,14
frame=2,7,29,712,18,21,8,15
frame=3,0,0,859,28,18,13,15
frame=3,1,0,1559,24,23,11,18
frame=3,2,32,2108,15,26,5,19
frame=3,3,26,1152,21,26,9,19
frame=3,4,0,668,29,19,13,16
frame=3,5,0,1080,27,17,12,13
frame=3,6,16,2123,16,21,7,15
frame=3,7,30,540,17,21,7,15

[cast]
frames=4
duration=3
type=play_once
frame=0,0,0,1663,24,18,11,15
frame=0,1,0,1857,22,19,10,15
frame=0,2,0,2265,15,22,5,16
frame=0,3,16,2224,16,19,7,14
frame=0,4,24,1690,23,19,11,15
frame=0,5,0,1876,22,17,11,14
frame=0,6,27,1073,17,19,8,14
frame=0,7,28,2432,13,20,6,15
frame=1,0,25,1442,22,20,10,17
frame=1,1,21,1959,21,20,9,17
frame=1,2,15,2285,15,22,5,17
frame=1,3,0,2330,15,21,6,15
frame=1,4,24,1587,23,22,11,17
frame=1,5,24,1709,23,19,11,15
frame=1,6,29,649,18,21,8,15
frame=1,7,14,2432,14,22,6,16
frame=2,0,25,1462,22,20,10,16
frame=2,1,0,1979,21,19,10,16
frame=2,2,31,2281,15,23,6,18
frame=2,3,32,2233,15,24,6,18
frame=2,4,25,1482,22,20,10,17
frame=2,5,22,1860,22,18,10,15
frame=2,6,28,949,17,20,7,15
frame=2,7,34,237,13,21,5,16
frame=3,0,0,1792,23,18,11,15
frame=3,1,21,1979,21,19,10,15
frame=3,2,0,2287,15,22,6,16
frame=3,3,30,2304,15,22,6,17
frame=3,4,25,1502,22,20,10,16
frame=3,5,22,1878,22,17,10,14
frame=3,6,16,2184,16,20,7,14
frame=3,7,35,191,12,20,6,15

[die]
frames=6
duration=4
type=play_once
frame=0,0,0,1423,25,19,11,16
frame=0,1,25,1421,22,21,11,17
frame=0,2,29,581,18,24,7,18
frame=0,3,28,845,19,22,8,17
frame=0,4,0,1198,26,18,12,15
frame=0,5,0,1893,22,17,10,13
frame=0,6,0,2371,15,20,6,15
frame=0,7,0,2210,16,20,6,15
frame=1,0,0,1009,27,20,15,16
frame=1,1,0,1403,25,20,13,18
frame=1,2,28,822,19,23,7,20
frame=1,3,26,1275,21,22,6,18
frame=1,4,0,706,29,19,10,15
frame=1,5,0,1491,25,14,9,11
frame=1,6,16,2243,16,18,7,12
frame=1,7,29,752,18,19,10,13
frame=2,0,0,1733,24,14,17,9
frame=2,1,0,1476,25,15,17,9
frame=2,2,28,902,19,13,10,9
frame=2,3,0,1505,25,14,11,10
frame=2,4,23,1830,23,11,7,8
frame=2,5,0,1265,26,14,8,6
frame=2,6,27,1092,17,15,6,6
frame=2,7,0,1716,24,17,13,8
frame=3,0,23,1817,23,13,17,8
frame=3,1,0,1825,23,13,16,8
frame=3,2,28,887,19,15,10,11
frame=3,3,0,1910,22,15,10,11
frame=3,4,0,1519,25,12,6,8
frame=3,5,0,1747,24,9,7,3
frame=3,6,35,211,12,14,2,5
frame=3,7,0,1810,23,15,13,7
frame=4,0,0,1113,27,13,18,4
frame=4,1,22,1895,22,16,17,10
frame=4,2,0,1998,21,18,18,14
frame=4,3,27,1009,20,16,13,14
frame=4,4,0,1126,27,12,7,11
frame=4,5,35,225,12,12,-8,8
frame=4,6,28,915,18,14,0,6
frame=4,7,22,1926,22,12,9,4
frame=5,0,0,928,28,14,19,4
frame=5,1,21,2066,21,15,16,10
frame=5,2,0,2050,21,17,18,14
frame=5,3,27,1025,20,14,10,12
frame=5,4,0,942,28,13,7,12
frame=5,5,27,1039,20,14,2,8
frame=5,6,22,1911,22,15,2,6
frame=5,7,0,1925,22,13,12,4

[swing]
frames=4
duration=3
type=play_once
frame=0,0,0,877,28,17,13,14
frame=0,1,0,1361,25,21,12,16
frame=0,2,32,2184,15,25,5,18
frame=0,3,28,797,19,25,9,18
frame=0,4,0,841,28,18,14,15
frame=0,5,0,1442,25,17,12,13
frame=0,6,0,2109,16,21,7,15
frame=0,7,29,628,18,21,7,15
frame=1,0,0,229,34,18,15,14
frame=1,1,0,760,28,23,12,18
frame=1,2,33,287,14,27,5,19
frame=1,3,0,955,27,27,12,19
frame=1,4,0,173,36,18,17,15
frame=1,5,0,465,31,17,14,13
frame=1,6,15,2369,15,20,7,14
frame=1,7,0,1582,24,21,10,15
frame=2,0,0,116,37,16,17,13
frame=2,1,0,645,29,23,13,18
frame=2,2,33,258,14,29,5,21
frame=2,3,0,982,27,27,11,20
frame=2,4,0,74,39,17,17,15
frame=2,5,0,312,33,17,14,13
frame=2,6,30,2387,15,19,6,13
frame=2,7,0,1382,25,21,11,15
frame=3,0,0,293,33,19,14,15
frame=3,1,0,524,30,22,12,18
frame=3,2,32,340,15,29,5,20
frame=3,3,0,1531,24,28,11,20
frame=3,4,0,210,35,19,17,16
frame=3,5,0,368,32,19,15,15
frame=3,6,15,2328,15,21,5,15
frame=3,7,25,1398,22,23,9,17

[hit]
frames=2
duration=2
type=play_once
frame=0,0,0,1423,25,19,11,16
frame=0,1,25,1421,22,21,11,17
frame=0,2,29,581,18,24,7,18
frame=0,3,28,845,19,22,8,17
frame=0,4,0,1198,26,18,12,15
frame=0,5,0,1893,22,17,10,13
frame=0,6,0,2371,15,20,6,15
frame=0,7,0,2210,16,20,6,15
frame=1,0,0,1009,27,20,15,16
frame=1,1,0,1403,25,20,13,18
frame=1,2,28,822,19,23,7,20
frame=1,3,26,1275,21,22,6,18
frame=1,4,0,706,29,19,10,15
frame=1,5,0,1491,25,14,9,11
frame=1,6,16,2243,16,18,7,12
frame=1,7,29,752,18,19,10,13

[block]
frames=2
duration=1
type=play_once
frame=0,0,0,1681,24,18,11,15
frame=0,1,24,1651,23,20,11,16
frame=0,2,31,474,16,24,6,18
frame=0,3,29,605,18,23,8,18
frame=0,4,0,1180,26,18,12,15
frame=0,5,0,1459,25,17,11,14
frame=0,6,16,2204,16,20,7,14
frame=0,7,15,2389,15,19,6,14
frame=1,0,0,1233,26,17,11,14
frame=1,1,24,1630,23,21,10,17
frame=1,2,16,2261,15,24,6,18
frame=1,3,26,1228,21,25,9,18
frame=1,4,0,687,29,19,13,16
frame=1,5,0,1250,26,15,12,12
frame=1,6,0,2230,16,18,7,13
frame=1,7,29,733,18,19,7,14
