
[stance]
frames=4
duration=180
type=back_forth
frame=0,0,53,133,53,22,28,24
frame=0,1,0,1907,31,33,19,34
frame=0,2,67,2264,21,28,13,31
frame=0,3,47,958,47,24,20,33
frame=0,4,0,424,50,28,16,35
frame=0,5,46,2221,23,32,-3,30
frame=0,6,52,2178,23,43,2,37
frame=0,7,0,590,48,33,20,31
frame=1,0,0,239,52,22,27,24
frame=1,1,31,1890,31,34,19,34
frame=1,2,88,2267,21,28,13,31
frame=1,3,47,908,47,25,20,33
frame=1,4,0,316,51,28,17,35
frame=1,5,23,2223,23,32,-3,30
frame=1,6,0,2173,23,42,2,37
frame=1,7,48,602,48,33,20,31
frame=2,0,0,109,53,23,27,25
frame=2,1,96,666,32,34,19,34
frame=2,2,0,2321,21,29,13,32
frame=2,3,47,933,47,25,20,33
frame=2,4,51,345,51,26,17,34
frame=2,5,98,2208,23,30,-3,30
frame=2,6,106,49,22,42,2,37
frame=2,7,0,623,48,33,20,31
frame=3,0,0,132,53,23,27,25
frame=3,1,0,1747,34,34,20,34
frame=3,2,102,2342,20,30,12,33
frame=3,3,46,1036,46,28,20,35
frame=3,4,0,190,52,25,18,34
frame=3,5,104,2178,24,30,-3,30
frame=3,6,62,2319,20,42,0,37
frame=3,7,0,810,47,33,19,31

[run]
frames=8
duration=60
type=looped
frame=0,0,100,451,28,46,23,46
frame=0,1,0,2350,20,53,21,54
frame=0,2,21,2330,20,54,9,58
frame=0,3,98,532,30,50,4,57
frame=0,4,73,1611,36,42,1,50
frame=0,5,86,2079,27,37,-5,42
frame=0,6,113,2238,15,38,-3,38
frame=0,7,104,248,24,39,13,39
frame=1,0,0,1459,38,39,24,40
frame=1,1,98,582,30,49,23,49
frame=1,2,115,2388,12,50,11,55
frame=1,3,93,1026,35,51,11,55
frame=1,4,47,996,46,40,9,48
frame=1,5,33,1820,33,31,-3,38
frame=1,6,37,2429,17,31,-5,32
frame=1,7,89,2046,28,33,12,33
frame=2,0,48,666,48,29,24,32
frame=2,1,85,1247,42,40,25,41
frame=2,2,110,0,18,49,12,49
frame=2,3,94,978,34,48,14,50
frame=2,4,0,155,52,35,17,43
frame=2,5,0,935,47,25,11,33
frame=2,6,41,2361,20,28,-3,29
frame=2,7,61,1974,30,28,9,28
frame=3,0,0,215,52,24,21,26
frame=3,1,47,847,47,32,23,33
frame=3,2,23,2255,21,42,13,40
frame=3,3,34,1780,33,40,17,41
frame=3,4,53,81,53,26,23,36
frame=3,5,48,695,48,28,16,35
frame=3,6,79,2364,18,32,-3,32
frame=3,7,96,631,32,35,7,35
frame=4,0,0,81,53,28,19,29
frame=4,1,47,879,47,29,21,29
frame=4,2,0,2284,21,37,12,35
frame=4,3,66,1849,32,18,19,30
frame=4,4,0,261,52,20,26,31
frame=4,5,0,876,47,32,18,38
frame=4,6,0,2472,16,32,-4,32
frame=4,7,67,1784,33,40,6,38
frame=5,0,52,238,52,24,21,26
frame=5,1,0,843,47,33,23,33
frame=5,2,82,2322,20,42,12,40
frame=5,3,70,1703,34,39,18,41
frame=5,4,53,107,53,26,23,36
frame=5,5,0,715,48,28,16,35
frame=5,6,97,2372,18,32,-3,32
frame=5,7,96,700,32,34,7,34
frame=6,0,0,686,48,29,25,32
frame=6,1,86,1206,42,41,25,42
frame=6,2,111,1551,17,49,12,49
frame=6,3,0,1702,34,45,13,50
frame=6,4,0,281,51,35,16,43
frame=6,5,0,1039,46,26,10,33
frame=6,6,79,2396,18,27,-5,28
frame=6,7,30,1989,30,27,10,27
frame=7,0,38,1494,37,38,24,40
frame=7,1,91,1997,29,49,23,50
frame=7,2,113,1497,15,54,10,56
frame=7,3,72,1653,35,50,10,55
frame=7,4,46,1064,45,40,8,48
frame=7,5,0,1818,33,33,-2,39
frame=7,6,34,2460,16,32,-5,33
frame=7,7,0,2252,23,32,12,33

[ranged]
frames=4
duration=90
type=play_once
frame=0,0,0,1415,38,44,31,44
frame=0,1,46,2253,21,52,19,53
frame=0,2,0,1568,36,48,14,54
frame=0,3,51,282,51,35,11,46
frame=0,4,78,1385,39,25,-3,34
frame=0,5,69,2237,23,27,-4,27
frame=0,6,31,1924,31,30,11,27
frame=0,7,0,1065,45,32,29,32
frame=1,0,101,1771,27,57,28,58
frame=1,1,0,1851,31,56,22,64
frame=1,2,39,1414,38,50,11,63
frame=1,3,68,1742,33,42,-6,56
frame=1,4,0,1781,33,37,-8,47
frame=1,5,0,2021,29,38,-1,41
frame=1,6,30,2016,29,44,12,41
frame=1,7,100,400,28,51,24,48
frame=2,0,37,1566,36,57,28,57
frame=2,1,78,1410,38,55,22,62
frame=2,2,0,1169,43,48,14,61
frame=2,3,36,1623,36,42,-5,52
frame=2,4,37,1532,37,34,-3,42
frame=2,5,0,1534,37,34,6,37
frame=2,6,0,1662,36,40,15,38
frame=2,7,94,928,34,50,27,47
frame=3,0,102,287,26,47,27,47
frame=3,1,36,1695,34,47,25,52
frame=3,2,53,47,53,34,22,48
frame=3,3,0,452,50,27,9,41
frame=3,4,100,497,28,35,-9,39
frame=3,5,96,734,32,34,-1,32
frame=3,6,0,344,51,27,20,26
frame=3,7,48,809,47,38,30,36

[ment]
frames=4
duration=90
type=play_once
frame=0,0,52,186,52,27,31,28
frame=0,1,88,1167,40,39,28,40
frame=0,2,113,2079,15,45,14,47
frame=0,3,88,1127,40,40,15,46
frame=0,4,55,23,54,24,14,36
frame=0,5,43,1180,43,28,5,32
frame=0,6,92,2428,15,35,-6,31
frame=0,7,38,1464,38,30,16,27
frame=1,0,0,1498,37,36,25,36
frame=1,1,41,1340,39,45,33,48
frame=1,2,81,2116,25,54,23,59
frame=1,3,104,155,24,52,8,62
frame=1,4,0,1121,44,48,6,57
frame=1,5,84,1287,41,36,-5,46
frame=1,6,62,1902,31,31,-4,35
frame=1,7,109,2310,19,32,3,31
frame=2,0,104,207,24,41,18,41
frame=2,1,95,830,33,46,30,50
frame=2,2,59,2050,27,55,26,61
frame=2,3,107,1685,21,54,9,67
frame=2,4,99,1828,29,53,-4,64
frame=2,5,82,1339,39,46,-5,55
frame=2,6,34,1742,34,38,-5,44
frame=2,7,0,2434,18,38,-3,38
frame=3,0,73,1568,36,43,21,40
frame=3,1,61,2361,18,47,17,45
frame=3,2,44,1126,44,39,23,44
frame=3,3,55,0,55,23,22,37
frame=3,4,39,1385,39,29,8,36
frame=3,5,109,2276,19,34,-5,35
frame=3,6,0,1276,42,29,12,29
frame=3,7,52,155,52,31,23,31

[die]
frames=6
duration=120
type=play_once
frame=0,0,51,371,51,24,28,25
frame=0,1,92,1963,30,34,19,35
frame=0,2,88,2295,21,27,12,31
frame=0,3,0,770,48,24,19,33
frame=0,4,0,479,50,27,15,34
frame=0,5,106,123,22,32,-4,29
frame=0,6,23,2182,23,41,3,36
frame=0,7,0,538,49,31,22,29
frame=1,0,50,502,50,23,31,24
frame=1,1,102,367,26,33,19,34
frame=1,2,27,2161,25,21,13,27
frame=1,3,49,581,49,21,17,30
frame=1,4,0,743,48,27,11,32
frame=1,5,0,2403,19,31,-6,26
frame=1,6,0,2134,27,39,6,31
frame=1,7,50,395,50,29,26,26
frame=2,0,48,796,48,13,41,12
frame=2,1,79,2170,25,26,26,26
frame=2,2,57,2408,18,16,11,24
frame=2,3,44,1165,44,15,9,22
frame=2,4,0,981,47,19,3,19
frame=2,5,104,1739,24,32,-5,18
frame=2,6,21,2297,21,33,6,15
frame=2,7,45,1104,45,22,32,11
frame=3,0,48,774,48,22,36,20
frame=3,1,36,1665,35,15,25,19
frame=3,2,115,2372,13,16,6,20
frame=3,3,66,1839,33,10,4,19
frame=3,4,0,1217,43,21,5,21
frame=3,5,62,1867,31,35,4,22
frame=3,6,117,1385,11,41,2,23
frame=3,7,74,1534,37,34,27,22
frame=4,0,0,1382,39,33,27,29
frame=4,1,0,960,47,21,25,25
frame=4,2,66,1824,33,15,9,18
frame=4,3,114,1481,14,16,-1,16
frame=4,4,36,1680,35,15,6,13
frame=4,5,43,1208,43,24,16,17
frame=4,6,0,2059,29,36,18,23
frame=4,7,19,2415,18,40,14,28
frame=5,0,96,800,32,30,23,27
frame=5,1,0,794,48,16,21,21
frame=5,2,82,1323,40,16,8,17
frame=5,3,97,2404,18,24,-3,16
frame=5,4,0,2001,30,20,5,10
frame=5,5,47,982,47,14,23,9
frame=5,6,76,1465,38,25,28,15
frame=5,7,107,2438,15,34,17,24

[melee]
frames=4
duration=90
type=play_once
frame=0,0,43,1232,42,41,28,41
frame=0,1,109,1600,19,49,18,49
frame=0,2,0,1616,36,46,17,50
frame=0,3,0,47,53,34,17,44
frame=0,4,0,1097,45,24,7,33
frame=0,5,92,2238,21,29,-6,30
frame=0,6,0,1940,31,27,8,25
frame=0,7,0,656,48,30,25,30
frame=1,0,51,317,51,28,31,26
frame=1,1,31,1851,31,39,26,37
frame=1,2,18,2455,16,41,19,43
frame=1,3,48,635,48,31,21,40
frame=1,4,52,262,52,20,13,32
frame=1,5,54,2105,27,31,-7,31
frame=1,6,0,2215,23,37,-3,31
frame=1,7,0,908,47,27,19,23
frame=2,0,0,506,49,32,23,28
frame=2,1,52,213,52,25,32,25
frame=2,2,31,1954,30,35,23,36
frame=2,3,109,1649,19,36,17,41
frame=2,4,49,556,49,25,18,36
frame=2,5,50,424,50,28,11,36
frame=2,6,62,1933,30,41,-1,38
frame=2,7,29,2060,27,41,2,34
frame=3,0,0,1238,42,38,13,35
frame=3,1,0,0,55,26,27,27
frame=3,2,42,1273,42,34,26,35
frame=3,3,39,2389,18,40,17,42
frame=3,4,41,1307,41,33,20,41
frame=3,5,0,26,54,21,19,36
frame=3,6,0,1305,41,37,7,41
frame=3,7,75,2423,17,43,-8,40

[hit]
frames=2
duration=60
type=play_once
frame=0,0,0,371,51,24,28,25
frame=0,1,0,1967,30,34,19,35
frame=0,2,67,2292,21,27,12,31
frame=0,3,48,750,48,24,19,33
frame=0,4,50,452,50,27,15,34
frame=0,5,106,91,22,32,-4,29
frame=0,6,75,2196,23,41,3,36
frame=0,7,49,525,49,31,22,29
frame=1,0,50,479,50,23,31,24
frame=1,1,102,334,26,33,19,34
frame=1,2,27,2140,25,21,13,27
frame=1,3,0,569,49,21,17,30
frame=1,4,48,723,48,27,11,32
frame=1,5,20,2384,19,31,-6,26
frame=1,6,27,2101,27,39,6,31
frame=1,7,0,395,50,29,26,26

[block]
frames=2
duration=30
type=play_once
frame=0,0,93,1914,30,49,24,49
frame=0,1,116,1426,12,55,12,56
frame=0,2,91,1077,37,50,14,56
frame=0,3,0,1000,46,39,9,49
frame=0,4,96,768,32,32,-4,40
frame=0,5,92,2463,15,31,-8,33
frame=0,6,93,1881,31,33,11,33
frame=0,7,0,1342,39,40,24,40
frame=1,0,42,2305,20,56,13,57
frame=1,1,94,876,34,52,17,58
frame=1,2,76,1490,37,44,11,56
frame=1,3,0,2095,27,39,-2,51
frame=1,4,57,2424,17,39,-7,46
frame=1,5,54,2136,25,42,3,45
frame=1,6,60,2002,29,48,13,48
frame=1,7,106,2124,21,54,16,52
