
image=images/avatar/female/mage_sleeves.png

[stance]
frames=4
duration=6
type=back_forth
frame=0,0,37,1547,24,30,8,33
frame=0,1,0,2784,32,25,12,31
frame=0,2,0,3103,30,26,10,31
frame=0,3,44,607,18,30,6,32
frame=0,4,36,1778,22,29,8,30
frame=0,5,31,2960,31,26,13,31
frame=0,6,0,3016,30,29,13,33
frame=0,7,0,3727,19,28,6,30
frame=1,0,36,1694,24,30,8,33
frame=1,1,0,2809,32,25,12,31
frame=1,2,30,3124,30,26,10,31
frame=1,3,43,3532,19,30,6,32
frame=1,4,0,3496,22,28,8,30
frame=1,5,0,2964,31,26,13,31
frame=1,6,30,3037,30,29,13,33
frame=1,7,40,3662,20,28,7,30
frame=2,0,40,992,22,30,7,33
frame=2,1,31,2986,31,26,11,31
frame=2,2,0,3129,30,26,10,31
frame=2,3,0,3648,20,30,7,32
frame=2,4,0,3438,22,29,8,30
frame=2,5,0,2990,31,26,13,31
frame=2,6,31,2875,31,29,14,33
frame=2,7,0,3678,20,29,7,31
frame=3,0,40,1022,22,30,7,33
frame=3,1,0,2758,32,26,12,31
frame=3,2,30,3150,30,26,10,31
frame=3,3,20,3659,20,30,7,32
frame=3,4,41,790,21,30,8,32
frame=3,5,31,2933,31,27,13,32
frame=3,6,31,2904,31,29,14,33
frame=3,7,41,820,21,30,7,32

[run]
frames=8
duration=2
type=looped
frame=0,0,0,2031,35,28,18,34
frame=0,1,0,1275,38,26,18,34
frame=0,2,35,1976,27,34,10,39
frame=0,3,42,3562,20,35,3,38
frame=0,4,0,1749,36,31,10,34
frame=0,5,0,1164,39,27,12,32
frame=0,6,29,3241,28,31,10,33
frame=0,7,18,3779,18,24,8,26
frame=1,0,28,3302,28,29,14,34
frame=1,1,0,2194,35,24,17,33
frame=1,2,0,3344,28,27,11,34
frame=1,3,39,3737,19,28,4,33
frame=1,4,0,3255,28,30,6,34
frame=1,5,0,2059,35,28,10,32
frame=1,6,33,2539,29,30,10,33
frame=1,7,22,3447,22,29,8,31
frame=2,0,21,3584,21,27,9,31
frame=2,1,35,2254,27,26,12,33
frame=2,2,0,3233,29,22,11,31
frame=2,3,36,1646,26,27,7,34
frame=2,4,20,3717,19,29,3,34
frame=2,5,37,1412,25,30,6,33
frame=2,6,28,3359,28,27,10,32
frame=2,7,28,3272,28,30,13,33
frame=3,0,0,2728,32,30,16,34
frame=3,1,42,3631,20,31,8,36
frame=3,2,0,3315,28,29,10,35
frame=3,3,0,2452,34,23,10,32
frame=3,4,0,3045,30,29,7,34
frame=3,5,44,637,18,29,4,31
frame=3,6,35,2076,27,30,10,33
frame=3,7,0,2115,35,27,17,32
frame=4,0,0,1971,35,30,18,34
frame=4,1,43,666,19,35,8,38
frame=4,2,34,2474,28,34,10,39
frame=4,3,0,1191,39,24,12,34
frame=4,4,0,1468,37,28,10,34
frame=4,5,0,3755,19,24,2,26
frame=4,6,35,2044,27,32,10,34
frame=4,7,0,1496,37,26,18,31
frame=5,0,32,2808,30,30,15,34
frame=5,1,0,3567,21,28,8,33
frame=5,2,33,2599,29,29,10,35
frame=5,3,0,2218,35,23,10,32
frame=5,4,30,3066,30,29,7,34
frame=5,5,44,3447,18,29,4,31
frame=5,6,0,3285,28,30,11,33
frame=5,7,0,2142,35,27,17,32
frame=6,0,41,880,21,29,9,34
frame=6,1,29,3191,29,26,13,33
frame=6,2,0,3397,28,23,10,31
frame=6,3,37,1442,25,27,6,34
frame=6,4,40,3707,19,30,3,34
frame=6,5,35,2106,27,30,7,33
frame=6,6,33,2657,29,27,11,32
frame=6,7,35,2196,27,29,12,33
frame=7,0,0,3074,30,29,15,34
frame=7,1,0,2241,35,22,17,31
frame=7,2,35,2225,27,29,10,35
frame=7,3,44,3476,18,28,4,33
frame=7,4,33,2569,29,30,7,34
frame=7,5,0,2087,35,28,10,32
frame=7,6,35,2136,27,30,9,33
frame=7,7,44,3504,18,28,7,30

[shoot]
frames=4
duration=3
type=play_once
frame=0,0,30,3095,30,29,21,36
frame=0,1,0,2475,34,22,17,35
frame=0,2,28,3386,28,24,7,36
frame=0,3,46,334,16,28,-5,36
frame=0,4,0,3180,29,27,0,33
frame=0,5,0,2633,33,26,8,29
frame=0,6,37,1379,25,33,11,32
frame=0,7,44,539,18,35,14,36
frame=1,0,0,1041,39,32,26,43
frame=1,1,0,986,40,29,19,45
frame=1,2,34,2438,28,36,5,49
frame=1,3,39,1149,23,37,-6,46
frame=1,4,0,1104,39,30,3,37
frame=1,5,0,1134,39,30,10,34
frame=1,6,35,1939,27,37,13,38
frame=1,7,39,1111,23,38,19,42
frame=2,0,0,438,45,32,26,42
frame=2,1,0,892,40,32,19,44
frame=2,2,34,2321,28,39,5,48
frame=2,3,0,2834,31,38,3,45
frame=2,4,0,470,45,31,9,37
frame=2,5,0,924,40,32,12,36
frame=2,6,34,2360,28,39,13,40
frame=2,7,31,2838,31,37,19,41
frame=3,0,0,406,46,32,24,40
frame=3,1,0,223,49,30,19,40
frame=3,2,0,1861,35,39,8,44
frame=3,3,34,2280,28,41,2,42
frame=3,4,0,373,46,33,13,36
frame=3,5,0,193,50,30,22,34
frame=3,6,0,1900,35,39,19,39
frame=3,7,35,1900,27,39,16,41

[cast]
frames=4
duration=3
type=play_once
frame=0,0,35,2010,27,34,12,36
frame=0,1,0,866,41,26,17,33
frame=0,2,0,1015,40,26,13,33
frame=0,3,39,1220,23,32,5,34
frame=0,4,36,1613,26,33,7,34
frame=0,5,0,839,41,27,17,32
frame=0,6,0,1073,39,31,19,34
frame=0,7,39,1186,23,34,11,35
frame=1,0,0,1807,35,54,13,56
frame=1,1,0,0,57,41,23,50
frame=1,2,0,41,55,31,20,42
frame=1,3,32,2740,30,37,7,42
frame=1,4,0,2659,32,36,10,41
frame=1,5,0,72,53,30,22,40
frame=1,6,0,149,51,44,23,49
frame=1,7,35,1807,27,54,11,55
frame=2,0,0,1301,37,57,12,59
frame=2,1,0,102,52,47,23,55
frame=2,2,0,296,48,38,22,52
frame=2,3,35,1861,27,39,9,51
frame=2,4,0,2497,33,39,11,53
frame=2,5,0,253,48,43,15,57
frame=2,6,0,501,44,53,12,60
frame=2,7,39,1052,23,59,4,61
frame=3,0,0,1548,36,49,13,53
frame=3,1,0,334,46,39,15,48
frame=3,2,0,686,42,32,12,42
frame=3,3,38,1289,24,33,4,39
frame=3,4,0,2695,32,33,11,40
frame=3,5,0,770,41,37,19,45
frame=3,6,0,1358,37,48,18,51
frame=3,7,40,909,22,52,8,54

[die]
frames=6
duration=4
type=play_once
frame=0,0,0,3467,22,29,9,33
frame=0,1,0,3155,30,25,12,32
frame=0,2,31,3012,31,25,10,31
frame=0,3,22,3526,21,29,5,32
frame=0,4,41,850,21,30,6,31
frame=0,5,0,3207,29,26,11,30
frame=0,6,0,2908,31,29,14,32
frame=0,7,0,3538,21,29,10,31
frame=1,0,22,3476,22,29,12,32
frame=1,1,29,3217,29,24,13,31
frame=1,2,28,3410,28,23,9,30
frame=1,3,46,401,15,23,-3,27
frame=1,4,21,3555,21,29,4,29
frame=1,5,0,3371,28,26,9,27
frame=1,6,33,2628,29,29,14,29
frame=1,7,19,3746,19,28,12,28
frame=2,0,53,72,8,14,21,13
frame=2,1,36,1750,23,18,19,24
frame=2,2,0,3524,22,14,7,23
frame=2,3,51,149,11,15,-11,19
frame=2,4,49,223,13,19,-10,17
frame=2,5,21,3611,21,18,0,11
frame=2,6,0,3595,21,20,11,11
frame=2,7,45,444,17,23,19,15
frame=3,0,36,3787,18,14,24,18
frame=3,1,55,41,7,12,14,22
frame=3,2,0,3633,21,15,5,24
frame=3,3,40,3690,20,17,-5,21
frame=3,4,49,242,13,11,-14,8
frame=3,5,46,424,15,20,-2,11
frame=3,6,0,3707,20,20,13,10
frame=3,7,0,3615,21,18,22,13
frame=4,0,0,3420,28,18,28,20
frame=4,1,21,3629,21,17,16,22
frame=4,2,46,362,16,15,2,21
frame=4,3,21,3646,21,13,-3,17
frame=4,4,37,1516,25,17,-4,13
frame=4,5,38,3765,19,22,1,11
frame=4,6,0,3779,18,25,12,12
frame=4,7,37,1494,25,22,24,15
frame=5,0,30,3176,30,15,29,18
frame=5,1,37,1533,25,14,15,20
frame=5,2,45,467,15,12,-3,16
frame=5,3,36,1768,23,10,-5,11
frame=5,4,28,3433,27,14,-2,8
frame=5,5,22,3505,22,21,7,7
frame=5,6,46,377,15,24,15,10
frame=5,7,36,1673,26,21,28,14

[swing]
frames=4
duration=3
type=play_once
frame=0,0,0,718,41,52,17,57
frame=0,1,0,554,44,43,17,53
frame=0,2,0,1645,36,37,10,50
frame=0,3,42,701,20,36,1,48
frame=0,4,0,2536,33,38,9,50
frame=0,5,0,1597,36,48,12,54
frame=0,6,32,2684,30,56,12,57
frame=0,7,37,1322,25,57,8,58
frame=1,0,41,737,21,53,16,53
frame=1,1,0,2263,34,50,20,56
frame=1,2,0,597,44,42,16,53
frame=1,3,0,807,41,32,7,46
frame=1,4,40,961,22,31,-7,39
frame=1,5,32,2777,30,31,3,36
frame=1,6,0,1239,38,36,15,38
frame=1,7,0,2313,34,47,21,46
frame=2,0,0,1406,37,32,26,32
frame=2,1,42,3597,20,34,16,37
frame=2,2,0,2395,34,30,19,38
frame=2,3,0,665,43,21,14,34
frame=2,4,0,1438,37,30,4,35
frame=2,5,44,574,18,33,-5,31
frame=2,6,0,2360,34,35,8,30
frame=2,7,0,639,44,26,23,27
frame=3,0,0,2001,35,30,17,32
frame=3,1,20,3689,20,28,10,31
frame=3,2,0,2937,31,27,16,33
frame=3,3,0,1215,39,24,16,34
frame=3,4,0,2574,33,32,10,37
frame=3,5,44,501,18,38,2,38
frame=3,6,0,2872,31,36,8,35
frame=3,7,0,956,40,30,16,33

[hit]
frames=2
duration=2
type=play_once
frame=0,0,0,3467,22,29,9,33
frame=0,1,0,3155,30,25,12,32
frame=0,2,31,3012,31,25,10,31
frame=0,3,22,3526,21,29,5,32
frame=0,4,41,850,21,30,6,31
frame=0,5,0,3207,29,26,11,30
frame=0,6,0,2908,31,29,14,32
frame=0,7,0,3538,21,29,10,31
frame=1,0,22,3476,22,29,12,32
frame=1,1,29,3217,29,24,13,31
frame=1,2,28,3410,28,23,9,30
frame=1,3,46,401,15,23,-3,27
frame=1,4,21,3555,21,29,4,29
frame=1,5,0,3371,28,26,9,27
frame=1,6,33,2628,29,29,14,29
frame=1,7,19,3746,19,28,12,28

[block]
frames=2
duration=1
type=play_once
frame=0,0,0,2169,35,25,18,33
frame=0,1,0,2425,34,27,13,35
frame=0,2,35,2166,27,30,7,34
frame=0,3,36,1577,26,36,4,37
frame=0,4,0,1716,36,33,10,35
frame=0,5,0,1780,36,27,15,31
frame=0,6,33,2508,29,31,13,33
frame=0,7,36,1724,24,26,14,30
frame=1,0,0,2606,33,27,14,37
frame=1,1,0,1939,35,32,12,39
frame=1,2,38,1252,24,37,5,40
frame=1,3,34,2399,28,39,5,39
frame=1,4,0,1682,36,34,12,36
frame=1,5,0,1522,37,26,16,32
frame=1,6,28,3331,28,28,13,33
frame=1,7,37,1469,25,25,14,32
