
image=images/avatar/female/mage_vest.png

[stance]
frames=4
duration=6
type=back_forth
frame=0,0,30,191,23,34,7,42
frame=0,1,88,70,24,33,7,41
frame=0,2,358,35,25,34,7,42
frame=0,3,231,64,20,34,4,42
frame=0,4,196,162,23,33,6,41
frame=0,5,170,165,26,32,8,40
frame=0,6,97,187,25,34,7,42
frame=0,7,253,290,20,33,6,41
frame=1,0,441,68,22,34,6,42
frame=1,1,193,129,25,33,7,41
frame=1,2,302,98,25,33,7,41
frame=1,3,279,64,19,34,4,42
frame=1,4,217,356,23,33,6,41
frame=1,5,85,103,27,31,9,40
frame=1,6,98,221,25,34,7,42
frame=1,7,265,356,21,33,6,41
frame=2,0,440,34,23,34,6,42
frame=2,1,248,195,25,33,7,41
frame=2,2,240,356,25,33,7,41
frame=2,3,92,257,20,34,5,42
frame=2,4,266,323,23,33,7,41
frame=2,5,328,131,26,32,9,41
frame=2,6,92,291,24,34,7,42
frame=2,7,273,290,21,33,6,41
frame=3,0,96,325,22,34,5,42
frame=3,1,219,162,26,33,7,41
frame=3,2,259,389,25,33,7,41
frame=3,3,463,0,20,35,5,42
frame=3,4,289,323,22,33,7,41
frame=3,5,216,258,26,32,9,41
frame=3,6,286,356,24,33,7,42
frame=3,7,381,102,20,33,5,41

[shoot]
frames=4
duration=3
type=play_once
frame=0,0,310,356,24,33,11,41
frame=0,1,356,69,28,33,11,41
frame=0,2,142,165,28,32,7,40
frame=0,3,294,290,22,33,4,41
frame=0,4,268,258,24,32,4,39
frame=0,5,327,100,27,31,8,38
frame=0,6,111,34,29,34,11,40
frame=0,7,292,258,23,32,9,39
frame=1,0,0,380,27,36,14,43
frame=1,1,173,0,33,33,12,41
frame=1,2,433,0,30,34,7,42
frame=1,3,311,323,23,33,4,41
frame=1,4,205,391,28,31,4,38
frame=1,5,268,34,30,30,9,37
frame=1,6,0,190,30,34,13,39
frame=1,7,44,260,21,35,9,42
frame=2,0,106,0,33,34,14,41
frame=2,1,206,0,33,33,12,41
frame=2,2,381,135,24,33,6,41
frame=2,3,405,133,22,33,4,41
frame=2,4,56,35,32,32,8,39
frame=2,5,140,33,33,31,11,38
frame=2,6,98,359,24,34,7,40
frame=2,7,112,255,21,34,9,41
frame=3,0,305,0,32,35,13,42
frame=3,1,239,0,33,33,12,41
frame=3,2,284,389,25,33,7,41
frame=3,3,116,289,20,34,4,42
frame=3,4,205,33,31,31,9,39
frame=3,5,173,33,32,31,11,39
frame=3,6,118,323,25,34,8,40
frame=3,7,323,228,20,33,7,40

[run]
frames=8
duration=2
type=looped
frame=0,0,122,357,24,34,7,41
frame=0,1,112,68,29,34,10,41
frame=0,2,309,389,25,33,8,40
frame=0,3,22,262,22,36,5,42
frame=0,4,427,135,25,31,8,39
frame=0,5,56,99,29,31,10,39
frame=0,6,452,138,26,31,8,39
frame=0,7,297,195,22,33,7,39
frame=1,0,45,295,21,35,7,42
frame=1,1,66,292,26,34,8,42
frame=1,2,218,129,27,33,9,41
frame=1,3,48,330,23,35,5,43
frame=1,4,357,325,22,33,5,41
frame=1,5,245,131,28,32,9,40
frame=1,6,271,228,26,30,8,39
frame=1,7,272,163,22,32,8,40
frame=2,0,122,187,19,34,6,42
frame=2,1,52,365,23,35,8,43
frame=2,2,26,225,27,35,8,43
frame=2,3,30,73,26,35,7,43
frame=2,4,34,36,22,35,5,43
frame=2,5,242,258,26,32,6,41
frame=2,6,301,131,27,31,8,40
frame=2,7,368,229,23,32,8,41
frame=3,0,334,323,23,33,7,41
frame=3,1,24,298,21,36,7,43
frame=3,2,196,195,26,33,8,41
frame=3,3,412,34,28,34,9,42
frame=3,4,88,35,23,35,6,42
frame=3,5,334,356,23,33,5,40
frame=3,6,297,228,26,30,8,39
frame=3,7,354,135,27,31,9,40
frame=4,0,366,294,23,31,7,39
frame=4,1,52,152,21,35,7,42
frame=4,2,343,197,25,32,8,40
frame=4,3,413,68,28,33,10,40
frame=4,4,123,221,25,34,8,41
frame=4,5,395,168,22,32,5,39
frame=4,6,344,166,26,31,9,39
frame=4,7,298,67,29,31,10,39
frame=5,0,357,358,22,33,7,41
frame=5,1,53,187,21,35,7,43
frame=5,2,222,195,26,33,8,41
frame=5,3,141,97,28,34,9,42
frame=5,4,133,255,23,34,6,42
frame=5,5,417,166,23,32,5,40
frame=5,6,217,228,27,30,9,39
frame=5,7,201,290,26,33,8,41
frame=6,0,463,35,20,35,7,43
frame=6,1,53,222,24,35,8,43
frame=6,2,65,257,27,35,8,43
frame=6,3,71,326,25,35,6,43
frame=6,4,136,289,22,34,5,42
frame=6,5,401,101,26,32,7,41
frame=6,6,340,261,26,31,8,40
frame=6,7,417,198,23,32,8,41
frame=7,0,26,334,22,36,7,43
frame=7,1,115,135,27,34,9,42
frame=7,2,227,290,26,33,8,41
frame=7,3,75,361,23,35,5,43
frame=7,4,334,389,23,33,6,41
frame=7,5,273,130,28,32,9,40
frame=7,6,370,168,25,30,7,39
frame=7,7,412,295,21,32,7,40

[die]
frames=6
duration=4
type=play_once
frame=0,0,379,325,22,33,8,42
frame=0,1,427,102,25,33,8,41
frame=0,2,143,323,24,34,7,42
frame=0,3,73,152,21,35,4,43
frame=0,4,391,230,23,32,5,40
frame=0,5,245,163,27,32,8,40
frame=0,6,214,323,26,33,8,41
frame=0,7,424,390,21,32,7,40
frame=1,0,389,262,21,33,11,40
frame=1,1,452,105,25,33,11,41
frame=1,2,273,195,24,33,7,41
frame=1,3,401,327,21,33,3,41
frame=1,4,393,200,24,30,2,38
frame=1,5,244,228,27,30,6,36
frame=1,6,368,198,25,31,8,37
frame=1,7,401,360,20,31,9,37
frame=2,0,141,197,19,24,20,29
frame=2,1,97,396,21,26,18,33
frame=2,2,196,228,21,27,7,35
frame=2,3,456,232,21,26,-3,33
frame=2,4,443,323,20,26,-6,28
frame=2,5,49,130,22,22,-2,21
frame=2,6,52,400,23,22,9,19
frame=2,7,179,197,17,23,16,22
frame=3,0,445,389,18,25,20,30
frame=3,1,198,255,18,27,11,35
frame=3,2,75,396,22,26,-1,34
frame=3,3,432,265,23,25,-7,29
frame=3,4,443,349,20,25,-6,23
frame=3,5,160,197,19,24,2,18
frame=3,6,463,312,17,21,17,17
frame=3,7,464,188,19,21,23,22
frame=4,0,463,333,17,20,19,27
frame=4,1,71,130,14,22,6,30
frame=4,2,453,291,21,21,-4,27
frame=4,3,85,134,23,18,-8,18
frame=4,4,463,258,20,19,-5,11
frame=4,5,463,353,15,20,6,9
frame=4,6,463,373,17,17,21,10
frame=4,7,461,169,22,19,27,19
frame=5,0,27,406,15,16,19,23
frame=5,1,129,169,13,18,3,25
frame=5,2,443,374,20,15,-8,19
frame=5,3,463,277,20,14,-11,10
frame=5,4,115,169,14,18,-5,5
frame=5,5,463,405,14,15,8,3
frame=5,6,463,390,18,15,26,6
frame=5,7,464,209,19,15,30,13

[cast]
frames=4
duration=3
type=play_once
frame=0,0,146,357,22,34,6,42
frame=0,1,189,96,28,33,9,41
frame=0,2,148,221,26,34,8,42
frame=0,3,463,70,20,35,4,42
frame=0,4,366,261,23,33,6,41
frame=0,5,245,98,28,33,10,41
frame=0,6,142,131,27,34,9,42
frame=0,7,422,327,21,33,6,41
frame=1,0,0,224,26,38,7,46
frame=1,1,36,0,36,34,12,43
frame=1,2,72,0,34,35,11,43
frame=1,3,156,255,22,34,5,43
frame=1,4,158,289,24,34,7,43
frame=1,5,139,0,34,33,12,42
frame=1,6,337,0,32,35,12,43
frame=1,7,31,153,21,38,6,46
frame=2,0,0,113,28,40,7,48
frame=2,1,0,0,36,36,12,45
frame=2,2,272,0,33,34,12,43
frame=2,3,167,323,21,34,5,43
frame=2,4,168,357,25,34,8,43
frame=2,5,0,36,34,37,11,46
frame=2,6,0,73,30,40,8,48
frame=2,7,0,262,22,42,6,50
frame=3,0,74,187,23,35,5,43
frame=3,1,56,67,32,32,8,40
frame=3,2,369,0,32,34,9,41
frame=3,3,77,222,21,35,6,42
frame=3,4,174,221,22,34,7,41
frame=3,5,171,64,30,32,13,41
frame=3,6,141,64,30,33,12,42
frame=3,7,94,152,21,35,5,43

[swing]
frames=4
duration=3
type=play_once
frame=0,0,0,304,24,39,7,47
frame=0,1,0,153,31,37,9,45
frame=0,2,383,34,29,34,7,42
frame=0,3,379,358,22,33,5,41
frame=0,4,414,230,22,33,6,40
frame=0,5,251,64,28,34,10,42
frame=0,6,0,343,26,37,9,45
frame=0,7,28,113,21,40,6,47
frame=1,0,178,255,20,34,9,40
frame=1,1,27,370,25,36,11,44
frame=1,2,401,0,32,34,11,42
frame=1,3,112,102,29,33,5,41
frame=1,4,381,391,23,31,2,38
frame=1,5,389,295,23,30,4,37
frame=1,6,217,98,28,31,9,37
frame=1,7,343,229,25,32,13,38
frame=2,0,357,391,24,31,16,38
frame=2,1,440,169,21,33,12,41
frame=2,2,318,163,26,32,9,41
frame=2,3,201,64,30,32,6,40
frame=2,4,233,389,26,33,1,39
frame=2,5,421,360,22,30,1,34
frame=2,6,315,261,25,29,7,33
frame=2,7,118,393,29,29,15,34
frame=3,0,340,292,26,31,12,39
frame=3,1,182,289,19,34,9,43
frame=3,2,294,162,24,33,7,42
frame=3,3,327,67,29,33,7,41
frame=3,4,354,102,27,33,5,40
frame=3,5,410,263,22,32,3,37
frame=3,6,440,202,24,30,7,36
frame=3,7,147,391,29,31,12,37

[hit]
frames=2
duration=2
type=play_once
frame=0,0,379,325,22,33,8,42
frame=0,1,427,102,25,33,8,41
frame=0,2,143,323,24,34,7,42
frame=0,3,73,152,21,35,4,43
frame=0,4,391,230,23,32,5,40
frame=0,5,245,163,27,32,8,40
frame=0,6,214,323,26,33,8,41
frame=0,7,424,390,21,32,7,40
frame=1,0,389,262,21,33,11,40
frame=1,1,452,105,25,33,11,41
frame=1,2,273,195,24,33,7,41
frame=1,3,401,327,21,33,3,41
frame=1,4,393,200,24,30,2,38
frame=1,5,244,228,27,30,6,36
frame=1,6,368,198,25,31,8,37
frame=1,7,401,360,20,31,9,37

[block]
frames=2
duration=1
type=play_once
frame=0,0,188,323,26,34,10,42
frame=0,1,298,35,30,32,12,40
frame=0,2,319,195,24,33,7,40
frame=0,3,169,97,20,34,5,41
frame=0,4,240,323,26,33,7,40
frame=0,5,176,391,29,31,9,39
frame=0,6,193,357,24,34,7,41
frame=0,7,436,232,20,33,6,40
frame=1,0,384,68,29,33,12,40
frame=1,1,328,35,30,32,12,39
frame=1,2,169,131,24,34,7,40
frame=1,3,433,290,20,33,5,39
frame=1,4,273,98,29,32,8,38
frame=1,5,236,33,32,30,10,38
frame=1,6,316,290,24,33,7,40
frame=1,7,404,391,20,31,6,39
