
image=images/avatar/female/plate_gauntlets.png

[stance]
frames=4
duration=6
type=back_forth
frame=0,0,38,1413,24,31,8,34
frame=0,1,0,2971,32,24,12,31
frame=0,2,0,3101,31,27,11,32
frame=0,3,45,473,17,32,5,34
frame=0,4,40,1113,22,29,8,31
frame=0,5,0,2865,32,27,14,32
frame=0,6,32,2842,30,30,13,34
frame=0,7,38,3845,18,28,6,30
frame=1,0,36,1662,24,31,8,34
frame=1,1,0,2687,33,24,12,31
frame=1,2,31,3120,31,27,11,32
frame=1,3,44,3555,18,31,5,33
frame=1,4,35,2192,22,29,8,31
frame=1,5,0,2892,32,27,14,32
frame=1,6,32,2872,30,30,13,34
frame=1,7,0,3616,21,28,7,30
frame=2,0,36,1780,23,31,7,34
frame=2,1,0,2662,33,25,12,31
frame=2,2,0,3128,31,27,11,32
frame=2,3,44,3586,18,31,5,33
frame=2,4,35,2221,22,29,8,31
frame=2,5,0,2837,32,28,14,33
frame=2,6,0,3071,31,30,14,34
frame=2,7,41,3687,20,28,7,30
frame=3,0,36,1748,23,32,7,35
frame=3,1,0,2946,32,25,12,31
frame=3,2,31,3147,31,27,11,32
frame=3,3,0,3740,19,31,6,33
frame=3,4,41,960,21,30,8,32
frame=3,5,0,2779,32,29,14,33
frame=3,6,31,3090,31,30,14,34
frame=3,7,0,3587,21,29,7,31

[run]
frames=8
duration=2
type=looped
frame=0,0,0,2043,35,29,18,35
frame=0,1,0,1343,38,25,18,34
frame=0,2,34,2328,28,34,10,39
frame=0,3,40,3732,19,35,2,38
frame=0,4,0,2403,34,32,8,35
frame=0,5,0,1262,38,27,12,32
frame=0,6,34,2429,28,32,10,34
frame=0,7,19,3826,19,24,8,26
frame=1,0,28,3442,28,30,14,35
frame=1,1,0,1741,36,26,17,34
frame=1,2,0,3237,30,26,12,34
frame=1,3,41,833,21,32,6,36
frame=1,4,0,3392,28,31,6,34
frame=1,5,0,2072,35,29,10,33
frame=1,6,32,2902,30,30,11,33
frame=1,7,0,3540,22,28,8,30
frame=2,0,21,3619,21,27,9,31
frame=2,1,0,3484,28,28,12,35
frame=2,2,29,3367,29,22,11,32
frame=2,3,35,2060,27,28,8,35
frame=2,4,39,3767,19,30,3,34
frame=2,5,36,1555,26,31,7,34
frame=2,6,29,3313,29,27,11,32
frame=2,7,33,2645,29,32,13,35
frame=3,0,31,3059,31,31,16,34
frame=3,1,41,865,21,32,8,36
frame=3,2,29,3285,29,28,11,35
frame=3,3,0,2462,34,24,10,33
frame=3,4,32,2932,30,30,7,35
frame=3,5,19,3798,19,28,5,30
frame=3,6,28,3411,28,31,10,34
frame=3,7,0,1657,36,28,17,33
frame=4,0,0,1920,35,32,18,35
frame=4,1,42,3617,20,35,8,38
frame=4,2,34,2362,28,34,10,39
frame=4,3,0,1368,38,24,12,34
frame=4,4,0,2101,35,29,8,35
frame=4,5,20,3712,20,24,3,26
frame=4,6,35,2028,27,32,10,34
frame=4,7,0,1289,38,27,18,32
frame=5,0,32,2810,30,32,15,35
frame=5,1,41,897,21,32,8,36
frame=5,2,0,3182,30,28,11,35
frame=5,3,0,2210,35,24,10,33
frame=5,4,33,2708,29,30,6,35
frame=5,5,0,3771,19,29,5,31
frame=5,6,33,2677,29,31,11,34
frame=5,7,0,1685,36,28,17,33
frame=6,0,41,929,21,31,9,35
frame=6,1,0,3311,29,28,13,35
frame=6,2,29,3389,29,22,11,32
frame=6,3,35,2088,27,28,8,35
frame=6,4,19,3768,19,30,3,34
frame=6,5,34,2461,28,32,8,35
frame=6,6,0,3339,29,27,11,32
frame=6,7,0,3454,28,30,12,34
frame=7,0,32,2962,30,30,15,35
frame=7,1,0,1767,36,24,17,33
frame=7,2,28,3502,28,28,11,35
frame=7,3,20,3736,19,32,5,36
frame=7,4,28,3472,28,30,6,34
frame=7,5,0,2130,35,29,10,33
frame=7,6,0,3423,28,31,10,34
frame=7,7,19,3850,18,28,7,30

[shoot]
frames=4
duration=3
type=play_once
frame=0,0,30,3204,30,28,21,35
frame=0,1,0,2185,35,25,18,38
frame=0,2,35,2116,27,24,6,36
frame=0,3,45,505,17,29,-4,37
frame=0,4,29,3340,29,27,0,34
frame=0,5,0,2636,33,26,8,29
frame=0,6,35,1995,27,33,12,32
frame=0,7,44,600,18,35,14,36
frame=1,0,0,1142,39,33,26,44
frame=1,1,0,900,41,29,20,45
frame=1,2,32,2774,30,36,5,49
frame=1,3,39,1181,23,37,-6,46
frame=1,4,0,1175,39,30,3,37
frame=1,5,0,1112,40,30,10,35
frame=1,6,34,2290,28,38,14,39
frame=1,7,39,1142,23,39,19,43
frame=2,0,0,477,45,31,26,42
frame=2,1,0,665,42,32,20,44
frame=2,2,33,2534,29,39,5,48
frame=2,3,0,3034,31,37,3,45
frame=2,4,0,508,45,30,9,37
frame=2,5,0,802,41,34,12,38
frame=2,6,34,2250,28,40,14,41
frame=2,7,0,2995,31,39,19,43
frame=3,0,0,364,47,30,24,40
frame=3,1,0,223,50,29,20,40
frame=3,2,0,2486,33,41,6,45
frame=3,3,33,2493,29,41,3,42
frame=3,4,0,330,47,34,14,37
frame=3,5,0,192,51,31,22,35
frame=3,6,0,1845,35,40,19,40
frame=3,7,33,2573,29,39,16,41

[cast]
frames=4
duration=3
type=play_once
frame=0,0,35,1960,27,35,12,37
frame=0,1,0,985,41,27,17,34
frame=0,2,0,929,41,28,14,34
frame=0,3,40,1020,22,33,4,35
frame=0,4,37,1481,25,34,7,35
frame=0,5,0,957,41,28,17,33
frame=0,6,0,1080,40,32,19,35
frame=0,7,38,1314,24,34,11,35
frame=1,0,0,1791,35,54,13,56
frame=1,1,0,0,57,42,23,50
frame=1,2,0,42,55,31,20,42
frame=1,3,32,2738,30,36,7,42
frame=1,4,0,2711,32,36,10,41
frame=1,5,0,73,53,28,22,40
frame=1,6,0,148,51,44,23,49
frame=1,7,35,1867,27,54,11,55
frame=2,0,0,1205,38,57,12,59
frame=2,1,0,101,51,47,23,55
frame=2,2,0,252,47,39,22,52
frame=2,3,35,1921,27,39,10,51
frame=2,4,0,2527,33,39,11,53
frame=2,5,0,394,46,42,13,57
frame=2,6,0,697,41,53,9,60
frame=2,7,41,721,21,59,2,61
frame=3,0,0,1464,37,47,13,53
frame=3,1,0,291,47,39,16,48
frame=3,2,0,836,41,33,11,42
frame=3,3,38,1348,24,33,6,39
frame=3,4,0,2747,32,32,11,39
frame=3,5,0,606,44,37,20,45
frame=3,6,0,1511,36,48,17,51
frame=3,7,42,669,20,52,6,54

[die]
frames=6
duration=4
type=play_once
frame=0,0,38,1381,24,32,9,35
frame=0,1,0,3210,30,27,12,33
frame=0,2,0,3155,31,27,10,33
frame=0,3,21,3681,20,31,4,34
frame=0,4,41,990,21,30,6,31
frame=0,5,30,3232,30,27,12,31
frame=0,6,31,3174,30,30,14,33
frame=0,7,21,3590,21,29,10,31
frame=1,0,40,1083,22,30,12,33
frame=1,1,30,3259,30,26,14,33
frame=1,2,28,3530,28,25,8,32
frame=1,3,38,3797,19,29,1,32
frame=1,4,0,3800,19,28,2,29
frame=1,5,0,3366,29,26,10,27
frame=1,6,0,3281,29,30,14,30
frame=1,7,0,3712,20,28,12,28
frame=2,0,53,73,8,14,21,13
frame=2,1,0,3568,22,19,19,25
frame=2,2,22,3575,22,15,7,25
frame=2,3,51,101,11,15,-11,19
frame=2,4,50,223,12,21,-11,18
frame=2,5,38,3826,19,19,-2,12
frame=2,6,22,3555,22,20,11,11
frame=2,7,37,3873,18,24,20,16
frame=3,0,45,534,17,15,24,19
frame=3,1,55,42,7,12,14,22
frame=3,2,35,2172,23,15,6,24
frame=3,3,40,3715,20,17,-5,22
frame=3,4,50,244,12,11,-15,8
frame=3,5,47,291,14,21,-2,12
frame=3,6,21,3646,21,21,13,11
frame=3,7,0,3875,18,18,22,13
frame=4,0,35,2140,27,17,28,20
frame=4,1,0,3666,21,18,16,23
frame=4,2,45,549,17,13,2,22
frame=4,3,21,3667,21,14,-3,17
frame=4,4,36,1716,24,18,-5,14
frame=4,5,0,3852,18,23,0,12
frame=4,6,0,3828,19,24,13,11
frame=4,7,36,1693,24,23,24,16
frame=5,0,0,3263,30,18,29,20
frame=5,1,36,1734,24,14,15,20
frame=5,2,47,280,15,11,-3,17
frame=5,3,35,2187,23,5,-5,11
frame=5,4,35,2157,27,15,-2,9
frame=5,5,0,3644,21,22,6,8
frame=5,6,47,255,15,25,15,10
frame=5,7,36,1640,25,22,28,14

[swing]
frames=4
duration=3
type=play_once
frame=0,0,0,750,41,52,17,57
frame=0,1,0,564,44,42,17,53
frame=0,2,0,2331,34,36,9,50
frame=0,3,44,564,18,36,1,48
frame=0,4,0,2566,33,38,9,50
frame=0,5,0,1416,37,48,13,54
frame=0,6,35,1811,27,56,10,57
frame=0,7,38,1218,24,57,8,58
frame=1,0,41,780,21,53,16,53
frame=1,1,0,2234,34,50,20,56
frame=1,2,0,436,45,41,17,53
frame=1,3,0,1048,40,32,6,46
frame=1,4,40,1053,22,30,-7,39
frame=1,5,32,2992,30,30,3,36
frame=1,6,0,1012,40,36,16,38
frame=1,7,0,2284,34,47,21,46
frame=2,0,0,1559,36,33,26,33
frame=2,1,42,3652,20,35,16,38
frame=2,2,0,1983,35,30,19,38
frame=2,3,0,643,44,22,14,35
frame=2,4,0,2013,35,30,2,35
frame=2,5,44,635,18,34,-5,32
frame=2,6,0,2367,34,36,8,31
frame=2,7,0,538,45,26,23,27
frame=3,0,0,1952,35,31,17,33
frame=3,1,0,3684,20,28,10,31
frame=3,2,0,2808,32,29,16,35
frame=3,3,0,1392,38,24,16,35
frame=3,4,0,2604,33,32,10,37
frame=3,5,45,436,17,37,1,37
frame=3,6,31,3022,31,37,8,36
frame=3,7,0,869,41,31,17,34

[hit]
frames=2
duration=2
type=play_once
frame=0,0,38,1381,24,32,9,35
frame=0,1,0,3210,30,27,12,33
frame=0,2,0,3155,31,27,10,33
frame=0,3,21,3681,20,31,4,34
frame=0,4,41,990,21,30,6,31
frame=0,5,30,3232,30,27,12,31
frame=0,6,31,3174,30,30,14,33
frame=0,7,21,3590,21,29,10,31
frame=1,0,40,1083,22,30,12,33
frame=1,1,30,3259,30,26,14,33
frame=1,2,28,3530,28,25,8,32
frame=1,3,38,3797,19,29,1,32
frame=1,4,0,3800,19,28,2,29
frame=1,5,0,3366,29,26,10,27
frame=1,6,0,3281,29,30,14,30
frame=1,7,0,3712,20,28,12,28

[block]
frames=2
duration=1
type=play_once
frame=0,0,0,2159,35,26,18,34
frame=0,1,0,2435,34,27,13,35
frame=0,2,34,2396,28,33,8,37
frame=0,3,37,1444,25,37,3,38
frame=0,4,0,1592,36,33,10,35
frame=0,5,0,1713,36,28,15,31
frame=0,6,33,2612,29,33,13,34
frame=0,7,36,1614,26,26,14,29
frame=1,0,0,2919,32,27,14,37
frame=1,1,0,1625,36,32,13,40
frame=1,2,38,1275,24,39,5,41
frame=1,3,36,1515,26,40,3,40
frame=1,4,0,1885,35,35,12,37
frame=1,5,0,1316,38,27,16,32
frame=1,6,0,3512,28,28,13,34
frame=1,7,36,1586,26,28,14,35
