
[stance]
frames=4
duration=180
type=back_forth
frame=0,0,1982,0,12,24,-2,33
frame=0,1,976,38,23,26,-6,33
frame=0,2,2313,44,33,20,-3,24
frame=0,3,2047,0,31,23,3,20
frame=0,4,1178,35,15,29,7,22
frame=0,5,1811,26,22,26,21,24
frame=0,6,2529,39,30,19,29,26
frame=0,7,2052,23,31,23,21,34
frame=1,0,1988,24,12,24,-2,33
frame=1,1,1635,27,23,27,-6,34
frame=1,2,2346,44,33,20,-3,24
frame=1,3,2078,0,31,23,3,20
frame=1,4,1581,28,15,28,7,21
frame=1,5,999,38,23,26,22,24
frame=1,6,2545,19,30,19,29,26
frame=1,7,2109,0,30,23,21,34
frame=2,0,2357,0,11,22,-3,32
frame=2,1,1487,28,23,28,-6,35
frame=2,2,586,43,33,21,-4,25
frame=2,3,2368,0,31,21,2,19
frame=2,4,1747,0,16,27,7,21
frame=2,5,1641,0,22,27,22,24
frame=2,6,2214,45,31,19,30,26
frame=2,7,2114,23,30,23,21,34
frame=3,0,1162,35,16,29,2,39
frame=3,1,1488,0,21,28,-7,35
frame=3,2,619,43,33,21,-4,25
frame=3,3,2368,21,31,21,2,19
frame=3,4,1530,28,17,28,7,21
frame=3,5,1685,0,21,27,21,24
frame=3,6,2514,20,31,19,30,26
frame=3,7,2083,23,31,23,22,34

[run]
frames=8
duration=60
type=looped
frame=0,0,1921,48,31,16,13,27
frame=0,1,2575,19,16,19,-3,25
frame=0,2,2326,0,16,22,-4,25
frame=0,3,1952,48,30,16,5,19
frame=0,4,2214,23,30,22,11,22
frame=0,5,1385,32,18,30,12,26
frame=0,6,1403,30,17,30,15,30
frame=0,7,1937,24,23,24,19,30
frame=1,0,1982,48,26,16,19,28
frame=1,1,2583,0,16,19,-1,27
frame=1,2,1852,0,16,26,-5,31
frame=1,3,2464,0,30,20,1,24
frame=1,4,652,42,32,22,7,22
frame=1,5,1122,35,21,29,10,25
frame=1,6,1404,0,16,30,14,28
frame=1,7,2272,22,25,22,22,27
frame=2,0,2320,22,22,22,25,35
frame=2,1,1237,33,21,31,9,41
frame=2,2,1345,32,18,32,-5,40
frame=2,3,917,38,32,26,-3,32
frame=2,4,518,44,34,20,1,23
frame=2,5,856,39,22,25,5,22
frame=2,6,1835,0,17,26,14,24
frame=2,7,2379,42,31,21,27,26
frame=3,0,1289,33,30,30,29,41
frame=3,1,1064,0,22,36,14,49
frame=3,2,902,0,15,39,-6,50
frame=3,3,1121,0,29,35,-9,43
frame=3,4,1056,36,33,28,-6,32
frame=3,5,1887,25,26,24,1,24
frame=3,6,2190,23,14,23,11,23
frame=3,7,1888,0,25,24,27,30
frame=4,0,1319,32,26,32,29,44
frame=4,1,1778,0,12,27,16,53
frame=4,2,692,0,15,41,-5,55
frame=4,3,861,0,25,39,-12,49
frame=4,4,1203,0,30,33,-10,38
frame=4,5,1461,28,26,28,-2,30
frame=4,6,1760,27,15,27,8,28
frame=4,7,1723,27,20,27,25,34
frame=5,0,1208,33,29,31,28,42
frame=5,1,1041,0,23,36,14,50
frame=5,2,886,0,16,39,-6,50
frame=5,3,1150,0,29,35,-9,43
frame=5,4,1089,36,33,28,-6,32
frame=5,5,1913,0,25,24,1,24
frame=5,6,2199,0,13,23,11,23
frame=5,7,1913,24,24,24,27,30
frame=6,0,2429,0,21,21,24,35
frame=6,1,1258,33,20,31,7,41
frame=6,2,1332,0,19,32,-5,40
frame=6,3,1609,0,32,27,-3,32
frame=6,4,552,44,34,20,2,22
frame=6,5,1813,0,22,26,6,23
frame=6,6,1743,27,17,27,15,25
frame=6,7,2399,0,30,21,27,27
frame=7,0,283,46,33,18,18,28
frame=7,1,2588,38,16,19,-1,26
frame=7,2,900,39,17,25,-4,30
frame=7,3,2522,0,31,19,3,23
frame=7,4,684,42,32,22,8,22
frame=7,5,1143,35,19,29,9,25
frame=7,6,1420,0,16,30,14,28
frame=7,7,2428,21,26,21,22,26

[ranged]
frames=4
duration=90
type=play_once
frame=0,0,1364,0,11,32,7,29
frame=0,1,1375,0,11,32,9,32
frame=0,2,1509,0,20,28,12,31
frame=0,3,117,49,22,15,8,21
frame=0,4,1938,0,16,24,-1,31
frame=0,5,1994,0,11,24,-5,29
frame=0,6,1871,26,16,25,0,27
frame=0,7,1583,0,15,28,3,26
frame=1,0,1294,0,10,33,7,30
frame=1,1,1351,0,13,32,11,32
frame=1,2,1727,0,20,27,12,31
frame=1,3,1814,52,20,12,7,20
frame=1,4,2450,0,14,21,-2,28
frame=1,5,2204,23,10,23,-5,28
frame=1,6,1960,24,14,24,-2,25
frame=1,7,1436,0,14,30,4,27
frame=2,0,1272,0,11,33,7,30
frame=2,1,1363,32,12,32,10,32
frame=2,2,1510,28,20,28,12,31
frame=2,3,139,49,20,13,7,20
frame=2,4,2342,0,15,22,-1,29
frame=2,5,2000,24,10,24,-5,29
frame=2,6,1968,0,14,24,-2,25
frame=2,7,1420,30,15,30,4,28
frame=3,0,1283,0,11,33,7,30
frame=3,1,1259,0,13,33,10,33
frame=3,2,1529,0,20,28,12,31
frame=3,3,85,50,21,14,8,21
frame=3,4,2174,23,16,23,0,31
frame=3,5,1876,0,12,25,-4,30
frame=3,6,1855,26,16,26,0,28
frame=3,7,1435,30,15,30,4,28

[ment]
frames=4
duration=90
type=play_once
frame=0,0,1108,0,13,36,0,49
frame=0,1,1233,0,26,33,-9,43
frame=0,2,1022,37,34,27,-9,32
frame=0,3,2399,21,29,21,-3,21
frame=0,4,1954,0,14,24,5,19
frame=0,5,2279,0,24,22,26,22
frame=0,6,716,40,30,24,34,34
frame=0,7,1304,0,28,32,23,45
frame=1,0,356,0,20,46,-6,70
frame=1,1,335,0,21,46,-18,64
frame=1,2,453,0,20,45,-19,55
frame=1,3,473,0,20,45,-8,49
frame=1,4,548,0,20,44,10,49
frame=1,5,395,0,18,46,22,55
frame=1,6,261,0,19,47,23,64
frame=1,7,672,0,20,42,11,70
frame=2,0,772,0,21,40,-3,60
frame=2,1,707,0,34,40,4,60
frame=2,2,189,0,37,47,9,62
frame=2,3,0,0,28,54,10,65
frame=2,4,28,0,25,52,10,67
frame=2,5,53,0,38,50,16,68
frame=2,6,631,0,41,42,14,66
frame=2,7,741,0,31,40,4,62
frame=3,0,1179,0,24,35,-6,57
frame=3,1,1086,0,22,36,-9,53
frame=3,2,830,0,31,39,-1,50
frame=3,3,280,0,30,46,9,51
frame=3,4,1868,0,8,26,14,55
frame=3,5,91,0,26,50,20,60
frame=3,6,493,0,35,44,20,62
frame=3,7,1007,0,34,37,10,61

[die]
frames=6
duration=120
type=play_once
frame=0,0,1706,0,21,27,8,37
frame=0,1,1564,28,17,28,-6,36
frame=0,2,2020,23,32,23,-4,28
frame=0,3,2279,44,34,20,1,20
frame=0,4,1680,27,22,27,6,21
frame=0,5,1566,0,17,28,16,23
frame=0,6,2251,0,28,22,28,26
frame=0,7,2454,21,32,20,25,31
frame=1,0,2494,0,28,20,17,30
frame=1,1,2010,24,10,24,-5,32
frame=1,2,2303,0,23,22,-6,27
frame=1,3,384,46,33,16,-1,19
frame=1,4,774,40,28,24,5,19
frame=1,5,1450,29,11,29,8,21
frame=1,6,1790,0,23,26,23,24
frame=1,7,225,47,33,17,28,25
frame=2,0,28,52,28,12,33,13
frame=2,1,1659,54,27,9,22,18
frame=2,2,2110,46,10,11,-5,18
frame=2,3,1906,49,15,13,-13,15
frame=2,4,1686,54,27,9,-8,6
frame=2,5,258,47,25,17,1,4
frame=2,6,2356,22,12,22,11,6
frame=2,7,2342,22,14,22,26,11
frame=3,0,1611,54,26,10,40,11
frame=3,1,2089,46,21,11,29,23
frame=3,2,2439,42,14,21,2,29
frame=3,3,2513,40,16,20,-16,23
frame=3,4,56,50,29,14,-14,10
frame=3,5,0,54,28,10,-4,-2
frame=3,6,369,46,15,17,10,-1
frame=3,7,2031,46,15,16,28,4
frame=4,0,1788,53,26,11,43,13
frame=4,1,106,50,11,14,22,26
frame=4,2,1504,56,7,8,-7,28
frame=4,3,1839,52,26,11,-16,17
frame=4,4,1467,56,22,8,-23,2
frame=4,5,2046,46,14,16,-10,-3
frame=4,6,2060,46,14,16,14,-4
frame=4,7,1713,54,27,9,40,-1
frame=5,0,1865,52,23,11,43,12
frame=5,1,1834,52,5,12,16,23
frame=5,2,1489,56,15,8,-7,22
frame=5,3,1450,58,17,5,-27,10
frame=5,4,1637,54,22,10,-20,0
frame=5,5,2083,46,6,16,-10,-7
frame=5,6,1888,49,18,13,21,-8
frame=5,7,1403,60,27,4,44,-4

[melee]
frames=4
duration=90
type=play_once
frame=0,0,917,0,38,38,0,60
frame=0,1,982,0,25,38,-7,53
frame=0,2,955,0,27,38,2,50
frame=0,3,793,0,37,39,16,53
frame=0,4,226,0,35,47,21,60
frame=0,5,2212,0,9,23,16,67
frame=0,6,117,0,30,49,11,70
frame=0,7,413,0,40,45,7,67
frame=1,0,591,0,20,43,16,69
frame=1,1,147,0,24,48,3,71
frame=1,2,310,0,25,46,-11,67
frame=1,3,568,0,23,43,-17,58
frame=1,4,611,0,20,43,-12,51
frame=1,5,528,0,20,44,4,49
frame=1,6,376,0,19,46,19,53
frame=1,7,171,0,18,48,23,61
frame=2,0,417,45,34,19,43,29
frame=2,1,949,38,27,26,28,42
frame=2,2,1278,33,11,31,-3,47
frame=2,3,1461,0,27,28,-14,40
frame=2,4,451,45,34,19,-16,24
frame=2,5,802,39,28,25,-7,17
frame=2,6,1598,0,11,28,6,16
frame=2,7,830,39,26,25,34,20
frame=3,0,2139,0,30,23,31,27
frame=3,1,2008,48,23,16,22,29
frame=3,2,2074,46,9,16,-4,29
frame=3,3,349,46,20,17,-9,26
frame=3,4,2485,41,28,20,-8,22
frame=3,5,1611,27,24,27,-2,19
frame=3,6,1375,32,10,32,6,20
frame=3,7,1386,0,18,30,24,23

[hit]
frames=2
duration=60
type=play_once
frame=0,0,1702,27,21,27,8,37
frame=0,1,1547,28,17,28,-6,36
frame=0,2,2015,0,32,23,-4,28
frame=0,3,2245,44,34,20,1,20
frame=0,4,1663,0,22,27,6,21
frame=0,5,1549,0,17,28,16,23
frame=0,6,2244,22,28,22,28,26
frame=0,7,2453,42,32,20,25,31
frame=1,0,2486,20,28,20,17,30
frame=1,1,2005,0,10,24,-5,32
frame=1,2,2297,22,23,22,-6,27
frame=1,3,159,48,33,16,-1,19
frame=1,4,746,40,28,24,5,19
frame=1,5,1450,0,11,29,8,21
frame=1,6,1788,27,23,26,23,24
frame=1,7,192,47,33,17,28,25

[block]
frames=2
duration=30
type=play_once
frame=0,0,1974,24,14,24,-3,33
frame=0,1,1833,26,22,26,-8,32
frame=0,2,485,45,33,19,-3,22
frame=0,3,2144,23,30,23,4,19
frame=0,4,1193,35,15,29,10,22
frame=0,5,1763,0,15,27,23,25
frame=0,6,2553,0,30,19,29,27
frame=0,7,2221,0,30,22,19,34
frame=1,0,1775,27,13,27,-5,36
frame=1,1,878,39,22,25,-9,30
frame=1,2,316,46,33,18,-3,20
frame=1,3,2169,0,30,23,6,18
frame=1,4,1596,28,15,28,12,21
frame=1,5,1658,27,22,27,25,25
frame=1,6,2559,38,29,19,29,28
frame=1,7,2410,42,29,21,17,33
