
image=images/avatar/female/shortswords.png

[stance]
frames=4
duration=180
type=back_forth
frame=0,0,2031,22,11,22,-2,33
frame=0,1,1666,24,20,24,-8,32
frame=0,2,1714,47,30,17,-6,22
frame=0,3,1722,0,27,23,0,20
frame=0,4,1577,25,12,25,6,18
frame=0,5,919,38,21,26,22,23
frame=0,6,1960,44,26,19,30,27
frame=0,7,2042,21,28,21,21,33
frame=1,0,2088,0,11,21,-2,33
frame=1,1,1461,25,21,25,-8,33
frame=1,2,222,46,30,18,-7,23
frame=1,3,1856,0,28,22,0,19
frame=1,4,1578,0,12,25,6,18
frame=1,5,1315,0,21,26,22,23
frame=1,6,374,45,27,19,31,27
frame=1,7,2061,0,27,21,21,33
frame=2,0,1940,44,10,20,-3,32
frame=2,1,1661,0,21,24,-8,33
frame=2,2,252,46,30,18,-7,23
frame=2,3,1912,0,27,22,-1,19
frame=2,4,1551,25,13,25,6,18
frame=2,5,1316,26,20,26,22,23
frame=2,6,401,45,27,19,31,27
frame=2,7,1878,22,28,22,22,34
frame=3,0,1950,44,10,20,-3,32
frame=3,1,1480,0,19,25,-9,34
frame=3,2,282,45,31,19,-7,24
frame=3,3,1820,23,29,22,-1,19
frame=3,4,1564,25,13,25,5,18
frame=3,5,1376,0,19,26,21,23
frame=3,6,1834,45,27,19,31,26
frame=3,7,2032,0,29,21,23,33

[run]
frames=8
duration=60
type=looped
frame=0,0,2158,34,29,17,14,28
frame=0,1,2142,18,13,18,-4,26
frame=0,2,2099,0,15,19,-5,23
frame=0,3,2187,34,26,17,1,20
frame=0,4,1742,23,27,23,8,21
frame=0,5,1551,0,14,25,9,21
frame=0,6,1210,0,16,28,15,28
frame=0,7,1888,44,24,20,20,26
frame=1,0,167,48,24,16,19,28
frame=1,1,2122,36,14,18,-1,27
frame=1,2,1794,23,14,23,-6,30
frame=1,3,2185,0,27,17,-2,22
frame=1,4,1827,0,29,22,4,22
frame=1,5,1535,0,16,25,6,21
frame=1,6,1232,28,11,28,14,26
frame=1,7,1939,0,26,22,23,27
frame=2,0,2070,21,23,21,26,34
frame=2,1,1036,35,20,29,9,41
frame=2,2,1126,30,16,30,-6,40
frame=2,3,692,40,30,24,-6,31
frame=2,4,428,44,31,20,-2,23
frame=2,5,1686,24,18,24,2,20
frame=2,6,1288,27,15,27,14,24
frame=2,7,1884,0,28,22,28,27
frame=3,0,1007,35,29,29,30,41
frame=3,1,1702,0,11,24,15,50
frame=3,2,977,0,15,36,-6,50
frame=3,3,1069,0,27,33,-11,43
frame=3,4,863,38,31,26,-9,31
frame=3,5,1990,0,22,22,-3,22
frame=3,6,1589,25,12,25,10,23
frame=3,7,1749,0,26,23,29,29
frame=4,0,1125,0,22,30,30,44
frame=4,1,1218,28,14,28,17,54
frame=4,2,848,0,13,39,-6,55
frame=4,3,890,0,25,38,-13,49
frame=4,4,1096,0,29,32,-12,38
frame=4,5,894,38,25,26,-3,28
frame=4,6,1408,26,14,26,8,26
frame=4,7,965,37,21,27,26,33
frame=5,0,940,37,25,27,30,41
frame=5,1,1015,0,22,35,14,50
frame=5,2,963,0,14,37,-7,51
frame=5,3,1099,32,27,32,-11,42
frame=5,4,782,39,31,25,-8,30
frame=5,5,2009,22,22,22,-2,22
frame=5,6,1808,23,12,23,11,23
frame=5,7,1769,23,25,23,29,29
frame=6,0,1986,22,23,22,24,35
frame=6,1,1056,35,19,29,7,41
frame=6,2,1178,30,16,29,-7,39
frame=6,3,663,41,29,23,-6,30
frame=6,4,602,43,31,21,-1,23
frame=6,5,1501,25,18,25,3,21
frame=6,6,1258,0,16,27,15,25
frame=6,7,1849,22,29,22,28,28
frame=7,0,2155,0,30,17,18,28
frame=7,1,1912,44,14,20,-1,29
frame=7,2,1794,0,15,23,-5,29
frame=7,3,2185,17,27,17,-1,22
frame=7,4,1906,22,28,22,4,22
frame=7,5,1536,25,15,25,6,21
frame=7,6,1182,0,16,29,14,27
frame=7,7,1934,22,27,22,23,27

[ranged]
frames=4
duration=90
type=play_once
frame=0,0,1142,30,12,30,6,28
frame=0,1,1194,29,13,29,10,30
frame=0,2,1304,0,11,27,9,32
frame=0,3,1243,56,14,8,4,19
frame=0,4,2144,0,11,18,-3,27
frame=0,5,1422,0,11,26,-4,30
frame=0,6,1713,0,9,24,-4,25
frame=0,7,1207,29,11,29,1,27
frame=1,0,1147,0,12,30,7,28
frame=1,1,1303,27,13,27,11,30
frame=1,2,1422,26,11,26,9,32
frame=1,3,1474,59,13,5,3,16
frame=1,4,2113,40,9,19,-5,27
frame=1,5,1704,24,10,24,-5,28
frame=1,6,1239,0,10,28,-3,28
frame=1,7,1154,30,12,30,2,27
frame=2,0,1159,0,12,30,7,28
frame=2,1,1290,0,14,27,11,30
frame=2,2,1433,0,11,26,9,32
frame=2,3,1487,59,13,5,3,16
frame=2,4,2093,40,10,19,-4,27
frame=2,5,1601,0,10,25,-5,29
frame=2,6,1243,28,10,28,-3,28
frame=2,7,1166,30,12,30,2,27
frame=3,0,1198,0,12,29,6,29
frame=3,1,1226,0,13,28,10,30
frame=3,2,1433,26,11,26,9,32
frame=3,3,1507,57,14,7,4,18
frame=3,4,2237,0,10,17,-3,27
frame=3,5,1444,0,11,26,-4,30
frame=3,6,1809,0,10,23,-4,24
frame=3,7,1171,0,11,30,1,28

[ment]
frames=4
duration=90
type=play_once
frame=0,0,1057,0,12,34,-1,49
frame=0,1,1075,33,24,31,-11,43
frame=0,2,749,39,33,25,-12,31
frame=0,3,1714,24,28,23,-5,21
frame=0,4,1565,0,13,25,5,19
frame=0,5,1775,0,19,23,27,23
frame=0,6,633,42,30,22,35,33
frame=0,7,986,36,21,28,24,45
frame=1,0,177,0,21,47,-6,72
frame=1,1,364,0,22,45,-18,65
frame=1,2,522,0,22,44,-18,56
frame=1,3,544,0,20,44,-7,49
frame=1,4,727,0,19,40,10,49
frame=1,5,250,0,19,46,23,56
frame=1,6,198,0,18,47,23,65
frame=1,7,406,0,19,45,11,72
frame=2,0,707,0,20,40,-4,61
frame=2,1,646,0,31,41,3,60
frame=2,2,216,0,34,46,9,62
frame=2,3,23,0,27,52,10,66
frame=2,4,0,0,23,54,9,69
frame=2,5,100,0,34,48,13,69
frame=2,6,425,0,37,44,10,67
frame=2,7,677,0,30,40,2,63
frame=3,0,992,0,23,35,-7,58
frame=3,1,1037,0,20,35,-11,53
frame=3,2,861,0,29,38,-1,50
frame=3,3,493,0,29,44,9,51
frame=3,4,1819,0,8,23,15,56
frame=3,5,77,0,23,49,18,62
frame=3,6,462,0,31,44,17,64
frame=3,7,816,0,32,39,7,63

[die]
frames=6
duration=120
type=play_once
frame=0,0,1499,0,19,25,8,37
frame=0,1,1392,26,16,26,-7,35
frame=0,2,547,44,28,20,-8,26
frame=0,3,489,44,30,20,-3,20
frame=0,4,1519,25,17,25,2,18
frame=0,5,1274,0,16,27,16,22
frame=0,6,1965,0,25,22,29,26
frame=0,7,1804,46,30,18,26,30
frame=1,0,2212,17,25,17,17,29
frame=1,1,1679,48,9,16,-5,26
frame=1,2,2093,21,21,19,-8,26
frame=1,3,138,48,29,16,-5,19
frame=1,4,1642,24,24,24,2,18
frame=1,5,1609,25,8,25,7,17
frame=1,6,1356,26,20,26,24,23
frame=1,7,2114,0,30,18,29,26
frame=2,0,26,52,20,12,34,13
frame=2,1,1507,50,23,7,22,17
frame=2,2,1353,52,7,11,-6,19
frame=2,3,1340,52,13,11,-14,14
frame=2,4,1424,52,22,9,-12,6
frame=2,5,2213,34,22,17,-2,3
frame=2,6,2150,36,8,18,9,1
frame=2,7,1926,44,14,20,26,9
frame=3,0,0,54,26,10,41,11
frame=3,1,1385,52,22,10,30,22
frame=3,2,2235,34,12,17,1,28
frame=3,3,2136,36,14,18,-17,23
frame=3,4,1281,54,26,10,-18,8
frame=3,5,1307,54,25,10,-7,-2
frame=3,6,72,50,11,14,7,-4
frame=3,7,1657,48,13,16,28,3
frame=4,0,1360,52,25,10,44,12
frame=4,1,60,50,12,14,23,25
frame=4,2,1528,57,6,7,-7,27
frame=4,3,1407,52,17,10,-25,17
frame=4,4,1220,56,23,8,-23,2
frame=4,5,83,49,14,15,-11,-4
frame=4,6,97,49,12,15,13,-6
frame=4,7,1257,55,24,9,40,-1
frame=5,0,1446,52,21,9,43,11
frame=5,1,1332,52,8,12,17,23
frame=5,2,1495,50,12,8,-8,22
frame=5,3,1202,58,18,5,-27,9
frame=5,4,1474,50,21,9,-22,-1
frame=5,5,1467,50,7,13,-10,-9
frame=5,6,46,52,14,12,20,-10
frame=5,7,1178,59,24,5,45,-4

[melee]
frames=4
duration=90
type=play_once
frame=0,0,746,0,36,39,-3,61
frame=0,1,915,0,24,38,-9,54
frame=0,2,939,0,24,37,0,50
frame=0,3,782,0,34,39,16,53
frame=0,4,306,0,33,45,22,60
frame=0,5,2085,42,8,21,16,68
frame=0,6,50,0,27,50,9,71
frame=0,7,269,0,37,45,4,68
frame=1,0,564,0,19,44,16,70
frame=1,1,134,0,23,48,2,72
frame=1,2,339,0,25,45,-12,67
frame=1,3,583,0,24,43,-17,59
frame=1,4,626,0,20,42,-12,51
frame=1,5,607,0,19,43,4,49
frame=1,6,386,0,20,45,20,53
frame=1,7,157,0,20,48,24,62
frame=2,0,2114,18,28,18,44,28
frame=2,1,813,39,25,25,28,42
frame=2,2,1249,0,9,28,-4,46
frame=2,3,1617,24,25,24,-17,38
frame=2,4,313,45,31,19,-20,24
frame=2,5,838,39,25,25,-10,16
frame=2,6,1444,26,9,26,6,13
frame=2,7,1455,0,25,25,35,20
frame=3,0,2058,42,27,21,32,26
frame=3,1,1617,48,22,16,21,29
frame=3,2,1521,57,7,7,-5,21
frame=3,3,1639,48,18,16,-11,26
frame=3,4,2012,44,25,19,-11,21
frame=3,5,1336,0,20,26,-5,17
frame=3,6,1453,26,8,26,5,14
frame=3,7,1253,28,19,27,25,20

[hit]
frames=2
duration=60
type=play_once
frame=0,0,1482,25,19,25,8,37
frame=0,1,1376,26,16,26,-7,35
frame=0,2,519,44,28,20,-8,26
frame=0,3,459,44,30,20,-3,20
frame=0,4,1518,0,17,25,2,18
frame=0,5,1272,27,16,27,16,22
frame=0,6,1961,22,25,22,29,26
frame=0,7,1744,46,30,18,26,30
frame=1,0,2212,0,25,17,17,29
frame=1,1,1670,48,9,16,-5,26
frame=1,2,2037,44,21,19,-8,26
frame=1,3,109,48,29,16,-5,19
frame=1,4,1637,0,24,24,2,18
frame=1,5,1601,25,8,25,7,17
frame=1,6,1356,0,20,26,24,23
frame=1,7,1774,46,30,18,29,26

[block]
frames=2
duration=30
type=play_once
frame=0,0,2103,40,10,19,-5,30
frame=0,1,1682,0,20,24,-10,31
frame=0,2,191,47,31,17,-6,21
frame=0,3,722,40,27,24,1,19
frame=0,4,1410,0,12,26,8,18
frame=0,5,1395,0,15,26,24,24
frame=0,6,344,45,30,19,30,28
frame=0,7,575,44,27,20,19,33
frame=1,0,2237,17,9,17,-8,28
frame=1,1,2012,0,20,22,-11,29
frame=1,2,2155,17,30,17,-6,19
frame=1,3,1611,0,26,24,2,18
frame=1,4,1590,0,11,25,10,17
frame=1,5,1336,26,20,26,26,24
frame=1,6,1986,44,26,19,30,28
frame=1,7,1861,44,27,20,18,33
