
image=images/avatar/female/slingshot.png

[stance]
frames=4
duration=6
type=back_forth
frame=0,0,1565,17,18,17,14,20
frame=0,1,1201,41,16,20,16,25
frame=0,2,1540,36,12,18,10,30
frame=0,3,1443,19,18,18,5,29
frame=0,4,1364,0,16,19,-5,28
frame=0,5,1213,20,16,20,-7,24
frame=0,6,1527,36,13,18,-3,19
frame=0,7,1446,0,18,18,7,18
frame=1,0,915,47,19,17,14,20
frame=1,1,1224,0,16,20,16,25
frame=1,2,1541,18,12,18,10,30
frame=1,3,1461,18,18,18,5,29
frame=1,4,1339,19,17,19,-4,28
frame=1,5,1217,40,16,20,-7,24
frame=1,6,1515,0,14,18,-2,19
frame=1,7,1464,0,18,18,7,18
frame=2,0,1575,34,18,17,13,20
frame=2,1,1229,20,16,20,16,25
frame=2,2,1542,0,12,18,10,30
frame=2,3,934,46,19,18,6,29
frame=2,4,1356,38,16,19,-4,28
frame=2,5,1066,44,17,20,-6,24
frame=2,6,1410,0,14,19,-3,20
frame=2,7,1329,0,18,19,6,19
frame=3,0,1461,36,18,18,13,21
frame=3,1,1240,0,16,20,16,25
frame=3,2,1554,0,11,18,10,30
frame=3,3,1424,0,11,19,-2,30
frame=3,4,1233,40,16,20,-4,29
frame=3,5,1083,44,17,20,-6,25
frame=3,6,1373,19,15,19,-3,20
frame=3,7,1320,39,18,19,6,19

[run]
frames=8
duration=2
type=looped
frame=0,0,465,28,13,28,19,33
frame=0,1,445,0,15,28,20,40
frame=0,2,474,0,13,28,11,44
frame=0,3,429,0,16,28,-4,45
frame=0,4,450,28,15,28,-14,40
frame=0,5,615,26,16,26,-14,32
frame=0,6,673,0,18,25,-3,27
frame=0,7,628,0,16,26,10,27
frame=1,0,727,25,16,25,17,29
frame=1,1,631,26,16,26,20,35
frame=1,2,603,52,7,12,13,40
frame=1,3,772,25,13,25,-4,40
frame=1,4,594,0,17,26,-9,38
frame=1,5,924,23,17,23,-12,31
frame=1,6,1037,22,17,22,-6,25
frame=1,7,1060,0,16,22,7,24
frame=2,0,1019,22,18,22,13,25
frame=2,1,816,24,17,24,17,30
frame=2,2,1181,21,15,21,14,35
frame=2,3,490,55,9,9,-3,21
frame=2,4,45,40,18,24,-3,36
frame=2,5,905,24,19,23,-7,31
frame=2,6,1192,0,15,21,-7,25
frame=2,7,1245,20,16,20,4,22
frame=3,0,1338,39,18,19,7,21
frame=3,1,1129,21,18,21,13,25
frame=3,2,943,0,15,23,14,29
frame=3,3,1256,0,16,20,9,32
frame=3,4,1564,36,11,18,-4,30
frame=3,5,1100,44,17,20,-3,29
frame=3,6,1265,40,15,20,-6,25
frame=3,7,1513,18,15,18,0,21
frame=4,0,1479,18,18,18,4,20
frame=4,1,1048,44,18,20,11,22
frame=4,2,1187,42,14,21,13,25
frame=4,3,1380,0,15,19,11,29
frame=4,4,1583,17,15,17,8,27
frame=4,5,1403,38,14,19,-4,28
frame=4,6,1295,40,14,20,-6,26
frame=4,7,1388,19,15,19,-2,22
frame=5,0,1320,20,19,19,8,21
frame=5,1,1140,0,18,21,13,25
frame=5,2,957,23,15,23,14,29
frame=5,3,1372,38,16,19,8,32
frame=5,4,1431,38,11,19,-4,31
frame=5,5,1196,21,17,20,-4,29
frame=5,6,1277,20,15,20,-6,25
frame=5,7,1395,0,15,19,0,21
frame=6,0,1154,42,17,21,14,25
frame=6,1,866,0,15,24,17,31
frame=6,2,758,25,14,25,13,35
frame=6,3,714,50,9,9,-4,21
frame=6,4,26,40,19,24,-3,35
frame=6,5,987,0,19,22,-7,30
frame=6,6,1165,21,16,21,-6,24
frame=6,7,1249,40,16,20,5,22
frame=7,0,743,0,16,25,18,29
frame=7,1,515,27,16,27,20,36
frame=7,2,538,0,13,27,12,41
frame=7,3,647,26,14,26,-4,41
frame=7,4,598,26,17,26,-10,38
frame=7,5,833,24,17,24,-12,31
frame=7,6,1043,0,17,22,-5,25
frame=7,7,1071,22,16,22,8,24

[ranged]
frames=4
duration=3
type=play_once
frame=0,0,63,37,23,27,24,33
frame=0,1,575,0,19,26,19,39
frame=0,2,395,0,17,28,5,43
frame=0,3,559,26,20,26,-7,40
frame=0,4,0,40,26,24,-8,33
frame=0,5,551,0,24,26,-4,27
frame=0,6,522,0,16,27,3,27
frame=0,7,364,28,19,28,18,29
frame=1,0,221,32,24,32,25,43
frame=1,1,175,33,28,31,19,50
frame=1,2,71,0,19,36,1,54
frame=1,3,49,0,22,37,-10,51
frame=1,4,219,0,28,32,-9,42
frame=1,5,263,0,29,30,-1,34
frame=1,6,245,32,20,32,7,32
frame=1,7,200,0,19,33,21,36
frame=2,0,140,33,35,31,25,42
frame=2,1,130,0,36,33,19,50
frame=2,2,25,0,24,40,3,53
frame=2,3,0,0,25,40,-8,49
frame=2,4,166,0,34,33,-2,41
frame=2,5,105,35,35,29,6,33
frame=2,6,106,0,24,34,11,34
frame=2,7,90,0,16,35,21,38
frame=3,0,283,30,15,30,26,38
frame=3,1,460,0,14,28,20,45
frame=3,2,478,28,20,27,6,48
frame=3,3,579,26,19,26,-11,43
frame=3,4,644,0,15,26,-21,35
frame=3,5,692,25,18,25,-11,27
frame=3,6,671,26,21,25,6,25
frame=3,7,505,0,17,27,21,29

[ment]
frames=4
duration=3
type=play_once
frame=0,0,1010,44,19,20,18,22
frame=0,1,941,23,16,23,22,29
frame=0,2,786,0,12,25,15,36
frame=0,3,1147,21,18,21,4,35
frame=0,4,1006,0,19,22,-6,35
frame=0,5,1158,0,18,21,-12,27
frame=0,6,1280,40,15,20,-8,20
frame=0,7,1482,0,17,18,6,18
frame=1,0,726,0,17,25,17,27
frame=1,1,434,28,16,28,25,35
frame=1,2,315,29,16,29,22,44
frame=1,3,383,28,17,28,7,48
frame=1,4,292,0,20,29,-8,47
frame=1,5,86,36,19,28,-17,40
frame=1,6,498,27,17,27,-15,31
frame=1,7,691,0,18,25,0,25
frame=2,0,345,29,19,28,15,30
frame=2,1,329,0,16,29,25,37
frame=2,2,247,0,16,31,24,47
frame=2,3,358,0,19,28,11,52
frame=2,4,203,33,18,31,-8,52
frame=2,5,265,30,18,30,-19,45
frame=2,6,298,29,17,29,-18,36
frame=2,7,377,0,18,28,-4,29
frame=3,0,743,25,15,25,16,29
frame=3,1,661,26,10,26,15,35
frame=3,2,1029,44,19,20,11,34
frame=3,3,880,24,14,24,-4,38
frame=3,4,926,0,17,23,-8,33
frame=3,5,958,0,15,23,-9,28
frame=3,6,1117,42,19,21,0,24
frame=3,7,907,0,19,23,10,25

[die]
frames=6
duration=4
type=play_once
frame=0,0,1442,38,19,18,16,21
frame=0,1,1303,0,15,20,16,26
frame=0,2,1099,22,11,22,9,31
frame=0,3,1309,40,11,20,-4,31
frame=0,4,1356,19,17,19,-5,27
frame=0,5,1272,0,16,20,-7,23
frame=0,6,1529,0,13,18,-2,18
frame=0,7,1496,36,17,18,8,18
frame=1,0,853,48,18,16,19,19
frame=1,1,1418,19,14,19,17,25
frame=1,2,1435,0,11,19,7,29
frame=1,3,1553,18,12,18,-6,29
frame=1,4,1499,0,16,18,-9,24
frame=1,5,1403,19,15,19,-9,19
frame=1,6,902,48,13,16,0,14
frame=1,7,871,48,18,16,12,14
frame=2,0,478,55,12,9,27,8
frame=2,1,550,54,9,10,23,17
frame=2,2,49,37,2,3,7,22
frame=2,3,651,52,10,11,-11,20
frame=2,4,514,54,14,10,-16,11
frame=2,5,639,52,12,11,-14,3
frame=2,6,540,54,10,10,1,-2
frame=2,7,528,54,12,10,19,0
frame=3,0,369,56,12,8,22,8
frame=3,1,381,56,10,8,19,15
frame=3,2,681,51,7,13,6,20
frame=3,3,345,57,13,7,-5,15
frame=3,4,391,56,9,8,-16,11
frame=3,5,572,52,12,12,-10,6
frame=3,6,661,52,10,11,1,1
frame=3,7,671,51,10,13,15,5
frame=4,0,625,52,14,11,14,13
frame=4,1,610,52,15,11,13,16
frame=4,2,694,50,11,14,5,19
frame=4,3,409,56,5,8,-3,19
frame=4,4,310,58,10,5,-4,14
frame=4,5,358,57,11,7,-2,11
frame=4,6,723,50,8,9,3,10
frame=4,7,594,52,9,12,8,12
frame=5,0,559,52,13,12,11,15
frame=5,1,499,54,15,10,7,16
frame=5,2,400,56,9,8,0,17
frame=5,3,731,50,3,9,-6,15
frame=5,4,584,52,10,12,-1,11
frame=5,5,298,58,12,6,5,8
frame=5,6,705,50,9,10,9,9
frame=5,7,688,51,6,13,9,13

[melee]
frames=4
duration=3
type=play_once
frame=0,0,1087,22,12,22,20,28
frame=0,1,894,24,11,24,18,36
frame=0,2,709,0,17,25,9,40
frame=0,3,710,25,17,25,-4,40
frame=0,4,798,0,18,24,-11,34
frame=0,5,1076,0,15,22,-12,26
frame=0,6,1176,0,16,21,0,22
frame=0,7,1136,42,18,21,13,22
frame=1,0,1207,0,17,20,18,20
frame=1,1,972,23,14,23,23,28
frame=1,2,881,0,13,24,16,35
frame=1,3,798,48,19,16,6,32
frame=1,4,1102,0,19,21,-7,34
frame=1,5,1171,42,16,21,-15,26
frame=1,6,1513,36,14,18,-9,18
frame=1,7,953,46,19,18,6,16
frame=2,0,972,46,19,18,9,18
frame=2,1,1110,21,19,21,20,23
frame=2,2,973,0,14,23,21,30
frame=2,3,866,24,14,24,14,37
frame=2,4,1565,0,19,17,3,33
frame=2,5,1121,0,19,21,-9,32
frame=2,6,1307,20,13,20,-16,24
frame=2,7,1288,0,15,20,-6,20
frame=3,0,1025,0,18,22,0,23
frame=3,1,1000,22,19,22,12,24
frame=3,2,834,0,16,24,19,30
frame=3,3,546,27,13,27,16,37
frame=3,4,850,0,16,24,10,40
frame=3,5,894,0,13,24,-8,39
frame=3,6,798,24,18,24,-10,33
frame=3,7,986,23,14,23,-11,26

[hit]
frames=2
duration=2
type=play_once
frame=0,0,991,46,19,18,16,21
frame=0,1,1292,20,15,20,16,26
frame=0,2,1091,0,11,22,9,31
frame=0,3,1318,0,11,20,-4,31
frame=0,4,1347,0,17,19,-5,27
frame=0,5,1261,20,16,20,-7,23
frame=0,6,1528,18,13,18,-2,18
frame=0,7,1479,36,17,18,8,18
frame=1,0,817,48,18,16,19,19
frame=1,1,1417,38,14,19,17,25
frame=1,2,1432,19,11,19,7,29
frame=1,3,1552,36,12,18,-6,29
frame=1,4,1497,18,16,18,-9,24
frame=1,5,1388,38,15,19,-9,19
frame=1,6,889,48,13,16,0,14
frame=1,7,835,48,18,16,12,14

[block]
frames=2
duration=1
type=play_once
frame=0,0,773,0,13,25,21,35
frame=0,1,531,27,15,27,15,41
frame=0,2,659,0,14,26,-1,42
frame=0,3,611,0,17,26,-9,40
frame=0,4,816,0,18,24,-13,33
frame=0,5,1054,22,17,22,-8,26
frame=0,6,850,24,16,24,6,25
frame=0,7,785,25,13,25,16,29
frame=1,0,345,0,13,29,15,42
frame=1,1,400,28,17,28,6,46
frame=1,2,312,0,17,29,-3,45
frame=1,3,412,0,17,28,-10,41
frame=1,4,487,0,18,27,-8,35
frame=1,5,417,28,17,28,0,33
frame=1,6,759,0,14,25,9,34
frame=1,7,331,29,14,29,16,38
