
[stance]
frames=4
duration=180
type=back_forth
frame=0,0,1211,21,24,21,15,18
frame=0,1,1288,0,18,21,8,19
frame=0,2,783,72,18,24,7,20
frame=0,3,878,70,23,23,6,19
frame=0,4,1132,21,27,21,9,18
frame=0,5,1235,21,21,21,10,18
frame=0,6,1480,40,18,20,7,17
frame=0,7,1450,20,22,20,14,17
frame=1,0,1223,0,24,21,15,18
frame=1,1,1276,42,18,21,8,19
frame=1,2,784,48,18,24,7,20
frame=1,3,726,25,23,24,6,19
frame=1,4,1144,0,27,21,9,18
frame=1,5,1458,0,21,20,10,17
frame=1,6,1493,20,18,20,7,17
frame=1,7,1419,100,21,20,13,17
frame=2,0,1396,60,24,20,15,17
frame=2,1,1277,63,18,21,8,19
frame=2,2,790,24,18,24,7,20
frame=2,3,891,46,23,23,6,18
frame=2,4,1382,0,27,20,9,17
frame=2,5,1421,80,21,20,10,17
frame=2,6,1295,63,17,21,7,17
frame=2,7,1440,100,21,20,13,17
frame=3,0,1412,40,24,20,15,17
frame=3,1,1294,42,18,21,8,19
frame=3,2,805,0,18,24,7,20
frame=3,3,893,23,23,23,6,18
frame=3,4,1316,103,27,20,8,17
frame=3,5,1442,80,21,20,10,16
frame=3,6,1500,0,18,20,7,16
frame=3,7,1617,38,21,19,14,16

[hit]
frames=2
duration=60
type=back_forth
frame=0,0,30,106,28,22,15,19
frame=0,1,1143,87,26,21,11,19
frame=0,2,1097,22,18,22,7,19
frame=0,3,988,0,16,23,5,19
frame=0,4,1004,0,27,22,11,19
frame=0,5,1005,46,25,22,13,19
frame=0,6,700,50,18,25,7,19
frame=0,7,937,23,19,23,10,19
frame=1,0,1186,21,25,21,12,18
frame=1,1,1545,96,26,19,11,17
frame=1,2,1632,57,18,19,7,17
frame=1,3,1484,60,14,20,7,17
frame=1,4,1211,63,23,21,10,18
frame=1,5,883,0,24,23,13,19
frame=1,6,602,78,20,26,9,20
frame=1,7,801,72,18,24,7,19

[ranged]
frames=4
duration=90
type=play_once
frame=0,0,556,81,25,26,7,25
frame=0,1,495,84,23,27,7,24
frame=0,2,393,29,19,29,7,23
frame=0,3,518,54,20,27,9,21
frame=0,4,995,69,25,22,16,20
frame=0,5,1031,22,24,22,15,20
frame=0,6,944,69,18,23,8,21
frame=0,7,709,0,16,25,5,23
frame=1,0,346,87,23,29,8,27
frame=1,1,370,58,21,29,7,28
frame=1,2,350,29,22,29,7,26
frame=1,3,655,51,24,25,7,22
frame=1,4,1159,21,27,21,13,19
frame=1,5,1247,0,21,21,11,19
frame=1,6,1256,21,20,21,9,19
frame=1,7,600,0,20,26,11,23
frame=2,0,58,102,28,26,18,24
frame=2,1,206,93,20,31,9,29
frame=2,2,354,0,22,29,8,29
frame=2,3,637,26,29,25,5,24
frame=2,4,1143,108,30,20,7,19
frame=2,5,1623,0,20,19,7,18
frame=2,6,1648,76,20,18,8,17
frame=2,7,1571,96,25,19,18,17
frame=3,0,1514,98,31,19,25,18
frame=3,1,666,0,23,25,15,24
frame=3,2,622,78,19,26,9,26
frame=3,3,838,48,28,23,4,22
frame=3,4,524,108,31,20,3,19
frame=3,5,1056,0,23,22,4,17
frame=3,6,954,46,18,23,6,16
frame=3,7,1345,81,27,20,20,17

[ment]
frames=4
duration=120
type=play_once
frame=0,0,1498,40,13,20,9,17
frame=0,1,1420,60,23,20,15,18
frame=0,2,1426,20,24,20,12,19
frame=0,3,1118,44,16,22,4,19
frame=0,4,991,23,15,23,3,18
frame=0,5,1560,77,25,19,7,15
frame=0,6,1656,52,26,17,11,15
frame=0,7,1643,0,15,19,9,15
frame=1,0,1300,84,16,21,8,18
frame=1,1,1463,80,20,20,12,18
frame=1,2,763,73,20,24,9,22
frame=1,3,564,0,15,27,5,24
frame=1,4,481,28,16,28,4,24
frame=1,5,742,73,21,24,5,20
frame=1,6,1434,0,24,20,9,18
frame=1,7,1306,0,18,21,10,18
frame=2,0,437,28,24,28,10,25
frame=2,1,689,25,19,25,6,23
frame=2,2,943,92,18,23,7,22
frame=2,3,764,48,20,24,7,22
frame=2,4,597,26,20,26,8,23
frame=2,5,397,0,17,29,7,26
frame=2,6,303,0,18,30,7,27
frame=2,7,281,0,22,30,11,27
frame=3,0,321,29,29,29,11,26
frame=3,1,642,104,27,24,6,22
frame=3,2,1600,0,23,19,8,18
frame=3,3,1459,40,21,20,8,18
frame=3,4,1134,42,27,21,13,18
frame=3,5,714,100,25,24,15,22
frame=3,6,461,28,20,28,9,26
frame=3,7,161,94,23,31,11,28

[die]
frames=6
duration=60
type=play_once
frame=0,0,586,106,28,22,15,19
frame=0,1,1161,42,26,21,11,19
frame=0,2,1100,44,18,22,7,19
frame=0,3,979,69,16,23,5,19
frame=0,4,979,92,27,22,11,19
frame=0,5,1006,22,25,22,13,19
frame=0,6,708,25,18,25,7,19
frame=0,7,951,0,19,23,10,19
frame=1,0,1198,0,25,21,12,18
frame=1,1,1560,58,26,19,11,17
frame=1,2,1638,38,18,19,7,17
frame=1,3,1500,100,14,20,7,17
frame=1,4,1212,42,23,21,10,18
frame=1,5,853,94,24,23,13,19
frame=1,6,617,26,20,26,9,20
frame=1,7,802,48,18,24,7,19
frame=2,0,1400,20,26,20,13,19
frame=2,1,1658,0,27,17,11,18
frame=2,2,1639,19,18,19,7,17
frame=2,3,1312,42,16,21,8,18
frame=2,4,1161,63,25,21,11,19
frame=2,5,844,24,25,23,13,20
frame=2,6,620,0,20,26,9,21
frame=2,7,786,0,19,24,7,20
frame=3,0,1312,63,29,20,14,20
frame=3,1,1088,110,28,18,12,19
frame=3,2,1282,84,18,21,7,19
frame=3,3,1081,88,22,22,9,19
frame=3,4,1171,0,27,21,11,20
frame=3,5,614,104,28,24,14,22
frame=3,6,520,27,20,27,9,23
frame=3,7,666,25,23,25,10,22
frame=4,0,495,111,29,17,15,16
frame=4,1,1533,77,27,19,12,17
frame=4,2,1610,76,20,19,7,16
frame=4,3,1220,105,22,21,11,16
frame=4,4,1369,60,27,20,11,16
frame=4,5,1341,61,28,20,14,16
frame=4,6,916,23,21,23,11,17
frame=4,7,1436,40,23,20,10,16
frame=5,0,1658,17,27,17,15,13
frame=5,1,1116,110,27,18,11,12
frame=5,2,1668,69,21,17,8,12
frame=5,3,1576,0,24,19,12,12
frame=5,4,1660,104,26,17,11,12
frame=5,5,1657,34,26,18,15,11
frame=5,6,1668,86,20,18,12,11
frame=5,7,465,112,24,16,12,11

[melee]
frames=3
duration=90
type=play_once
frame=0,0,739,99,22,24,9,22
frame=0,1,679,50,21,25,9,24
frame=0,2,438,56,21,28,7,24
frame=0,3,742,49,22,24,6,20
frame=0,4,1343,103,27,20,12,18
frame=0,5,1594,38,23,19,11,17
frame=0,6,1621,95,19,19,9,16
frame=0,7,1295,21,18,21,11,18
frame=1,0,617,52,19,26,10,24
frame=1,1,391,58,19,29,9,27
frame=1,2,414,0,24,28,8,25
frame=1,3,718,50,24,24,5,21
frame=1,4,1595,19,23,19,8,17
frame=1,5,1640,95,20,18,9,16
frame=1,6,1618,19,21,19,11,16
frame=1,7,935,46,19,23,14,20
frame=2,0,1324,0,29,20,22,18
frame=2,1,556,54,17,27,11,25
frame=2,2,459,56,20,28,8,26
frame=2,3,0,106,30,22,5,20
frame=2,4,1056,110,32,18,6,16
frame=2,5,1443,60,21,20,6,14
frame=2,6,1482,100,18,20,8,14
frame=2,7,438,112,27,16,21,14
[critdie]
frames=8
duration=90
type=play_once
frame=0,0,306,30,15,30,10,26
frame=0,1,154,0,14,32,7,28
frame=0,2,289,90,18,30,7,28
frame=0,3,372,29,21,29,6,26
frame=0,4,527,0,19,27,4,23
frame=0,5,725,0,16,25,6,21
frame=0,6,841,0,17,24,7,21
frame=0,7,558,27,17,27,9,23
frame=1,0,0,36,23,35,8,32
frame=1,1,71,68,22,33,7,30
frame=1,2,120,64,19,32,7,29
frame=1,3,145,96,16,32,6,29
frame=1,4,81,33,17,33,6,30
frame=1,5,34,70,16,35,6,33
frame=1,6,0,71,17,35,7,34
frame=1,7,0,0,19,36,7,34
frame=2,0,85,0,31,32,12,29
frame=2,1,263,30,24,30,7,27
frame=2,2,459,84,18,28,7,26
frame=2,3,369,87,22,29,7,26
frame=2,4,157,32,28,31,11,28
frame=2,5,65,0,20,33,9,31
frame=2,6,64,34,17,34,7,33
frame=2,7,40,0,25,34,11,32
frame=3,0,112,98,33,30,14,26
frame=3,1,168,0,25,31,8,27
frame=3,2,246,31,17,31,7,28
frame=3,3,412,29,25,28,8,25
frame=3,4,321,0,33,29,13,25
frame=3,5,157,63,25,31,11,28
frame=3,6,141,32,16,32,7,30
frame=3,7,93,66,27,32,12,29
frame=4,0,254,0,27,30,13,26
frame=4,1,19,0,21,35,8,30
frame=4,2,17,71,17,35,7,31
frame=4,3,98,32,25,32,7,28
frame=4,4,407,87,31,28,11,24
frame=4,5,877,94,24,23,9,20
frame=4,6,819,96,17,24,7,22
frame=4,7,680,75,21,25,11,22
frame=5,0,322,87,24,29,12,26
frame=5,1,50,68,21,34,10,30
frame=5,2,23,35,17,35,7,31
frame=5,3,40,34,24,34,7,29
frame=5,4,410,58,28,28,9,24
frame=5,5,749,24,22,24,8,21
frame=5,6,837,72,16,24,7,20
frame=5,7,689,0,20,25,11,22
frame=6,0,438,0,24,28,14,25
frame=6,1,116,0,20,32,11,27
frame=6,2,123,32,18,32,7,27
frame=6,3,322,58,25,29,9,24
frame=6,4,640,0,26,25,10,21
frame=6,5,764,0,22,24,9,19
frame=6,6,701,75,16,25,7,19
frame=6,7,693,100,21,25,11,21
frame=7,0,573,54,24,26,14,21
frame=7,1,575,27,22,26,11,20
frame=7,2,782,97,19,24,7,17
frame=7,3,1472,20,21,20,10,15
frame=7,4,1585,77,25,19,10,15
frame=7,5,930,0,21,23,9,17
frame=7,6,641,78,15,26,7,19
frame=7,7,438,84,21,28,11,21

[run]
frames=8
duration=60
type=looped
frame=0,0,1518,0,30,19,24,17
frame=0,1,858,0,25,23,17,20
frame=0,2,823,0,18,24,7,22
frame=0,3,1173,105,24,21,6,20
frame=0,4,1498,60,32,19,6,17
frame=0,5,1596,96,25,19,6,14
frame=0,6,1114,66,18,22,7,13
frame=0,7,1217,84,23,21,16,15
frame=1,0,1511,39,30,19,23,18
frame=1,1,853,71,25,23,17,21
frame=1,2,836,96,17,24,7,22
frame=1,3,1055,22,24,22,6,21
frame=1,4,555,108,31,20,6,18
frame=1,5,1397,80,24,20,6,15
frame=1,6,956,23,18,23,7,14
frame=1,7,1234,63,23,21,16,15
frame=2,0,1541,39,29,19,23,18
frame=2,1,1031,90,25,22,17,21
frame=2,2,1099,0,17,22,7,22
frame=2,3,1103,88,22,22,5,21
frame=2,4,1357,40,28,20,4,18
frame=2,5,1169,84,25,21,6,15
frame=2,6,962,69,17,23,7,14
frame=2,7,1240,84,22,21,16,15
frame=3,0,1542,19,28,19,23,18
frame=3,1,1045,66,25,22,17,21
frame=3,2,801,96,18,24,7,22
frame=3,3,922,92,21,23,3,21
frame=3,4,1343,20,29,20,4,18
frame=3,5,1409,0,25,20,6,15
frame=3,6,970,0,18,23,7,14
frame=3,7,1268,0,20,21,16,15
frame=4,0,1530,58,30,19,24,17
frame=4,1,1186,63,25,21,17,20
frame=4,2,819,72,18,24,7,22
frame=4,3,923,69,21,23,3,20
frame=4,4,1501,79,32,19,6,17
frame=4,5,1570,19,25,19,6,14
frame=4,6,1125,88,18,22,7,13
frame=4,7,1256,42,20,21,16,15
frame=5,0,1313,21,30,20,23,18
frame=5,1,1056,88,25,22,17,21
frame=5,2,820,48,18,24,7,22
frame=5,3,901,69,22,23,4,21
frame=5,4,1511,20,31,19,6,18
frame=5,5,1370,101,25,20,6,15
frame=5,6,961,92,18,23,7,14
frame=5,7,1257,63,20,21,16,15
frame=6,0,1353,0,29,20,23,18
frame=6,1,1031,0,25,22,17,21
frame=6,2,1115,22,17,22,7,22
frame=6,3,1079,0,20,22,3,21
frame=6,4,1548,0,28,19,4,18
frame=6,5,1187,42,25,21,6,15
frame=6,6,972,46,17,23,7,14
frame=6,7,1262,84,20,21,16,15
frame=7,0,1372,20,28,20,23,18
frame=7,1,866,47,25,23,17,21
frame=7,2,826,24,18,24,7,22
frame=7,3,1055,44,23,22,5,21
frame=7,4,1316,83,29,20,4,18
frame=7,5,1372,80,25,20,6,15
frame=7,6,974,23,17,23,7,14
frame=7,7,1242,105,22,21,16,15

[block]
frames=2
duration=90
type=play_once
frame=0,0,1264,105,19,21,10,18
frame=0,1,1079,22,18,22,8,20
frame=0,2,771,24,19,24,7,22
frame=0,3,597,52,20,26,9,22
frame=0,4,579,0,21,26,7,20
frame=0,5,1070,66,22,22,9,18
frame=0,6,1194,84,23,21,12,19
frame=0,7,1483,80,18,20,7,18
frame=1,0,1630,76,18,19,6,17
frame=1,1,1300,105,16,21,6,18
frame=1,2,914,46,21,23,8,20
frame=1,3,869,23,24,23,10,21
frame=1,4,538,54,18,27,10,23
frame=1,5,540,27,18,27,7,23
frame=1,6,717,75,25,24,12,21
frame=1,7,1395,100,24,20,12,19
