
image=images/avatar/male/chain_boots.png

[stance]
frames=4
duration=6
type=back_forth
frame=0,0,72,128,36,20,15,15
frame=0,1,114,93,35,20,16,17
frame=0,2,113,376,22,27,10,19
frame=0,3,42,229,21,27,10,18
frame=0,4,108,128,35,22,19,17
frame=0,5,155,53,35,17,18,14
frame=0,6,280,210,21,21,10,13
frame=0,7,219,17,19,24,7,16
frame=1,0,77,89,37,20,16,15
frame=1,1,101,192,36,20,17,17
frame=1,2,229,212,22,27,10,19
frame=1,3,251,183,21,27,10,18
frame=1,4,33,105,36,23,19,17
frame=1,5,143,136,35,17,18,14
frame=1,6,301,210,21,21,10,13
frame=1,7,218,101,19,23,7,15
frame=2,0,101,212,37,19,16,14
frame=2,1,138,212,36,20,17,17
frame=2,2,159,345,22,28,10,20
frame=2,3,98,319,21,26,10,17
frame=2,4,100,231,36,22,19,17
frame=2,5,353,21,35,16,18,13
frame=2,6,345,290,21,21,10,13
frame=2,7,366,290,18,23,7,15
frame=3,0,238,22,37,20,16,15
frame=3,1,136,255,35,20,16,17
frame=3,2,229,239,22,27,10,19
frame=3,3,119,319,21,26,10,17
frame=3,4,100,253,36,22,19,17
frame=3,5,190,53,35,17,18,14
frame=3,6,385,361,21,21,10,13
frame=3,7,292,361,19,23,7,15

[shoot]
frames=4
duration=3
type=play_once
frame=0,0,185,92,33,21,13,16
frame=0,1,178,136,33,20,15,17
frame=0,2,46,378,22,25,10,18
frame=0,3,232,266,19,26,10,18
frame=0,4,174,212,33,21,18,16
frame=0,5,339,101,32,17,17,14
frame=0,6,192,323,22,22,10,15
frame=0,7,364,266,16,24,5,17
frame=1,0,211,124,31,22,12,17
frame=1,1,306,78,33,20,14,16
frame=1,2,219,294,22,26,10,18
frame=1,3,322,194,19,25,10,17
frame=1,4,242,124,31,21,18,16
frame=1,5,272,168,31,16,17,14
frame=1,6,214,323,21,22,10,16
frame=1,7,270,318,14,25,4,18
frame=2,0,37,332,31,23,12,18
frame=2,1,160,326,32,19,14,16
frame=2,2,0,378,23,25,10,18
frame=2,3,235,346,18,25,9,17
frame=2,4,339,80,32,21,18,16
frame=2,5,274,281,31,17,17,14
frame=2,6,346,244,22,22,11,16
frame=2,7,237,99,16,25,5,18
frame=3,0,273,53,33,22,13,17
frame=3,1,173,193,33,19,15,16
frame=3,2,68,378,22,25,10,18
frame=3,3,297,184,19,26,10,18
frame=3,4,273,75,33,21,18,16
frame=3,5,339,118,32,17,17,14
frame=3,6,306,339,21,22,10,15
frame=3,7,305,307,16,24,5,17

[run]
frames=8
duration=2
type=looped
frame=0,0,37,276,25,28,-1,25
frame=0,1,99,295,25,24,2,19
frame=0,2,366,313,18,22,6,17
frame=0,3,347,332,19,20,13,17
frame=0,4,316,152,25,21,21,22
frame=0,5,248,42,25,26,18,29
frame=0,6,175,373,16,30,6,32
frame=0,7,95,345,20,31,1,31
frame=1,0,241,301,31,17,3,17
frame=1,1,343,266,21,24,0,16
frame=1,2,270,343,15,25,5,15
frame=1,3,243,145,29,21,20,14
frame=1,4,273,96,33,20,25,18
frame=1,5,251,280,23,21,18,22
frame=1,6,366,335,15,17,6,21
frame=1,7,244,166,28,17,5,21
frame=2,0,141,0,50,17,15,18
frame=2,1,30,143,33,26,9,18
frame=2,2,237,70,16,29,6,18
frame=2,3,322,0,40,21,25,16
frame=2,4,94,0,47,24,31,22
frame=2,5,0,134,30,37,20,31
frame=2,6,124,24,17,29,6,22
frame=2,7,0,0,44,32,14,28
frame=3,0,281,0,41,21,9,22
frame=3,1,379,48,27,22,4,17
frame=3,2,311,361,16,23,6,16
frame=3,3,306,98,33,19,23,17
frame=3,4,0,276,37,29,28,26
frame=3,5,0,171,24,38,18,33
frame=3,6,24,208,18,35,6,31
frame=3,7,0,64,37,33,9,31
frame=4,0,316,173,25,21,-1,22
frame=4,1,331,378,21,20,2,17
frame=4,2,369,352,16,22,6,17
frame=4,3,207,270,25,24,18,19
frame=4,4,37,304,25,28,21,25
frame=4,5,160,295,19,31,13,31
frame=4,6,157,373,18,30,6,32
frame=4,7,272,184,25,26,2,29
frame=5,0,31,256,32,20,4,18
frame=5,1,341,135,29,21,5,15
frame=5,2,305,281,16,26,6,16
frame=5,3,300,231,22,24,16,16
frame=5,4,273,116,33,19,25,17
frame=5,5,274,298,31,17,21,20
frame=5,6,292,384,16,19,6,22
frame=5,7,327,356,21,22,1,23
frame=6,0,44,0,50,24,15,22
frame=6,1,238,0,43,22,14,16
frame=6,2,181,345,17,28,6,17
frame=6,3,68,319,30,26,20,18
frame=6,4,191,0,47,17,31,18
frame=6,5,0,32,39,32,25,28
frame=6,6,191,373,16,29,6,22
frame=6,7,0,97,33,37,9,31
frame=7,0,0,305,37,27,6,24
frame=7,1,137,275,34,20,7,17
frame=7,2,367,156,17,22,6,15
frame=7,3,384,319,22,20,17,15
frame=7,4,345,37,34,21,26,21
frame=7,5,0,245,31,31,22,29
frame=7,6,24,171,16,37,6,33
frame=7,7,0,209,24,36,2,32

[die]
frames=6
duration=4
type=play_once
frame=0,0,78,47,38,20,15,15
frame=0,1,69,109,38,19,15,16
frame=0,2,198,345,19,28,7,19
frame=0,3,253,97,20,27,9,17
frame=0,4,149,70,35,22,20,16
frame=0,5,175,156,36,18,21,13
frame=0,6,345,219,21,25,12,17
frame=0,7,387,178,19,25,8,17
frame=1,0,137,193,36,19,15,14
frame=1,1,362,0,39,21,16,18
frame=1,2,225,42,23,28,9,20
frame=1,3,202,294,17,29,7,18
frame=1,4,39,355,34,23,18,17
frame=1,5,63,225,37,16,21,13
frame=1,6,23,378,23,25,12,17
frame=1,7,229,371,15,26,6,18
frame=2,0,141,17,39,18,13,14
frame=2,1,0,332,37,23,12,17
frame=2,2,115,345,20,31,7,19
frame=2,3,135,345,24,28,13,16
frame=2,4,180,17,39,17,24,13
frame=2,5,180,34,36,19,23,14
frame=2,6,388,21,18,27,10,19
frame=2,7,90,376,23,27,8,19
frame=3,0,141,35,38,18,12,14
frame=3,1,114,69,35,24,10,17
frame=3,2,218,70,19,31,7,19
frame=3,3,251,231,26,23,14,11
frame=3,4,44,24,41,19,25,15
frame=3,5,63,192,38,16,24,13
frame=3,6,373,382,16,14,7,9
frame=3,7,277,231,23,24,8,19
frame=4,0,33,128,39,15,9,4
frame=4,1,371,89,34,16,14,3
frame=4,2,322,245,24,21,21,6
frame=4,3,308,384,23,18,26,9
frame=4,4,272,154,33,14,30,14
frame=4,5,370,138,33,17,19,15
frame=4,6,384,277,22,21,1,17
frame=4,7,251,210,29,21,3,13
frame=5,0,107,113,36,15,5,4
frame=5,1,371,105,34,16,13,2
frame=5,2,341,177,25,21,24,6
frame=5,3,321,290,24,21,28,12
frame=5,4,63,241,37,16,31,17
frame=5,5,371,121,34,17,19,18
frame=5,6,341,198,25,21,0,19
frame=5,7,341,156,26,21,-2,14

[cast]
frames=4
duration=3
type=play_once
frame=0,0,184,70,34,22,16,17
frame=0,1,171,274,36,20,18,17
frame=0,2,251,254,23,26,11,19
frame=0,3,217,345,18,26,8,18
frame=0,4,143,113,34,23,17,17
frame=0,5,275,37,35,16,17,13
frame=0,6,321,311,23,22,11,14
frame=0,7,276,368,16,25,7,16
frame=1,0,177,113,33,23,16,18
frame=1,1,273,135,34,19,17,16
frame=1,2,274,255,23,26,10,19
frame=1,3,368,229,18,26,8,18
frame=1,4,306,57,33,21,16,16
frame=1,5,306,117,33,18,16,14
frame=1,6,284,315,21,23,10,15
frame=1,7,253,344,17,25,7,17
frame=2,0,137,170,34,23,16,18
frame=2,1,310,37,35,20,17,17
frame=2,2,297,255,23,26,10,19
frame=2,3,235,320,17,26,8,18
frame=2,4,211,146,32,21,16,16
frame=2,5,211,167,33,17,16,14
frame=2,6,321,266,22,24,11,16
frame=2,7,244,371,16,26,7,18
frame=3,0,136,232,34,23,16,18
frame=3,1,171,174,35,19,17,16
frame=3,2,322,219,23,26,10,19
frame=3,3,252,318,18,26,8,18
frame=3,4,339,58,32,22,16,16
frame=3,5,307,135,34,17,17,14
frame=3,6,384,155,22,23,11,15
frame=3,7,260,369,16,26,7,18

[swing]
frames=4
duration=3
type=play_once
frame=0,0,63,257,37,20,15,16
frame=0,1,149,92,36,21,16,17
frame=0,2,253,68,20,29,9,21
frame=0,3,207,373,22,29,11,20
frame=0,4,63,148,37,22,19,17
frame=0,5,138,153,37,17,19,14
frame=0,6,285,338,21,23,10,16
frame=0,7,386,203,20,25,7,17
frame=1,0,170,233,37,20,16,15
frame=1,1,62,277,37,21,17,18
frame=1,2,140,315,20,30,9,22
frame=1,3,40,169,23,30,10,21
frame=1,4,0,355,39,23,19,18
frame=1,5,63,208,38,17,19,13
frame=1,6,348,352,21,22,10,14
frame=1,7,366,178,21,25,9,16
frame=2,0,100,275,37,20,16,15
frame=2,1,76,67,38,22,17,18
frame=2,2,42,199,21,30,9,21
frame=2,3,135,373,22,30,10,20
frame=2,4,85,24,39,23,20,18
frame=2,5,116,53,39,16,20,12
frame=2,6,384,298,22,21,10,13
frame=2,7,386,228,20,25,8,16
frame=3,0,100,150,38,20,15,16
frame=3,1,39,43,39,23,16,19
frame=3,2,73,345,22,31,9,21
frame=3,3,179,294,23,29,10,18
frame=3,4,37,66,39,23,21,18
frame=3,5,37,89,40,16,22,13
frame=3,6,385,339,21,22,11,14
frame=3,7,366,203,20,26,8,18

[hit]
frames=2
duration=2
type=play_once
frame=0,0,78,47,38,20,15,15
frame=0,1,69,109,38,19,15,16
frame=0,2,198,345,19,28,7,19
frame=0,3,253,97,20,27,9,17
frame=0,4,149,70,35,22,20,16
frame=0,5,175,156,36,18,21,13
frame=0,6,345,219,21,25,12,17
frame=0,7,387,178,19,25,8,17
frame=1,0,137,193,36,19,15,14
frame=1,1,362,0,39,21,16,18
frame=1,2,225,42,23,28,9,20
frame=1,3,202,294,17,29,7,18
frame=1,4,39,355,34,23,18,17
frame=1,5,63,225,37,16,21,13
frame=1,6,23,378,23,25,12,17
frame=1,7,229,371,15,26,6,18

[block]
frames=2
duration=1
type=play_once
frame=0,0,124,295,36,20,14,15
frame=0,1,62,298,37,21,16,18
frame=0,2,207,212,22,29,10,21
frame=0,3,229,184,22,28,11,19
frame=0,4,63,170,37,22,20,17
frame=0,5,281,21,36,16,19,13
frame=0,6,344,311,22,21,10,14
frame=0,7,386,253,20,24,7,16
frame=1,0,371,70,35,19,14,14
frame=1,1,171,253,36,21,16,18
frame=1,2,207,241,22,29,10,21
frame=1,3,206,184,23,28,11,19
frame=1,4,100,170,37,22,19,17
frame=1,5,317,21,36,16,19,13
frame=1,6,352,374,21,20,10,13
frame=1,7,327,333,20,23,7,15
