
image=images/avatar/male/chain_coif.png

[stance]
frames=4
duration=6
type=back_forth
frame=0,0,258,213,22,32,7,45
frame=0,1,24,144,21,33,6,46
frame=0,2,92,213,21,33,4,46
frame=0,3,280,213,21,33,3,46
frame=0,4,364,34,23,33,4,45
frame=0,5,73,72,22,34,4,45
frame=0,6,113,212,19,34,4,45
frame=0,7,399,172,21,33,7,45
frame=1,0,172,246,22,32,7,45
frame=1,1,407,205,20,33,6,46
frame=1,2,22,249,19,33,3,46
frame=1,3,22,282,21,33,3,46
frame=1,4,387,34,23,33,4,45
frame=1,5,22,315,21,33,4,44
frame=1,6,64,247,19,33,4,44
frame=1,7,43,279,21,33,7,45
frame=2,0,64,313,21,32,7,45
frame=2,1,260,245,20,33,6,46
frame=2,2,64,280,19,33,3,46
frame=2,3,126,279,21,32,3,45
frame=2,4,420,136,23,32,4,44
frame=2,5,439,37,22,33,4,44
frame=2,6,85,312,19,33,4,44
frame=2,7,125,311,21,32,7,44
frame=3,0,194,246,22,32,8,45
frame=3,1,43,312,21,33,7,46
frame=3,2,443,136,18,33,3,46
frame=3,3,216,245,22,32,3,45
frame=3,4,420,168,23,32,3,44
frame=3,5,303,246,21,32,3,43
frame=3,6,365,241,19,33,4,43
frame=3,7,344,242,21,32,8,44

[shoot]
frames=4
duration=3
type=play_once
frame=0,0,280,0,23,34,8,47
frame=0,1,132,212,22,34,7,48
frame=0,2,132,142,20,35,4,49
frame=0,3,152,178,22,34,3,48
frame=0,4,25,36,24,35,4,47
frame=0,5,303,0,23,34,4,46
frame=0,6,197,212,19,34,4,46
frame=0,7,154,212,21,34,7,46
frame=1,0,175,212,22,34,6,48
frame=1,1,95,71,22,35,6,49
frame=1,2,111,142,21,35,4,49
frame=1,3,117,71,22,35,4,49
frame=1,4,119,0,23,35,4,48
frame=1,5,118,35,22,36,4,48
frame=1,6,132,106,20,36,4,48
frame=1,7,139,71,21,35,6,48
frame=2,0,310,69,22,34,5,48
frame=2,1,193,141,21,35,5,49
frame=2,2,152,106,20,36,3,49
frame=2,3,0,249,22,36,4,49
frame=2,4,142,0,23,35,4,48
frame=2,5,23,177,22,35,4,48
frame=2,6,441,0,20,37,4,49
frame=2,7,23,212,22,35,6,48
frame=3,0,410,34,23,33,7,47
frame=3,1,301,212,21,34,6,48
frame=3,2,339,103,19,34,3,48
frame=3,3,174,177,21,35,3,48
frame=3,4,326,0,23,34,4,47
frame=3,5,45,142,22,35,4,47
frame=3,6,238,210,20,35,4,47
frame=3,7,237,175,21,35,6,47

[run]
frames=8
duration=2
type=looped
frame=0,0,49,0,23,36,9,50
frame=0,1,439,70,22,33,8,51
frame=0,2,45,177,21,36,4,52
frame=0,3,140,35,23,35,2,51
frame=0,4,0,0,25,36,2,50
frame=0,5,165,0,23,35,2,48
frame=0,6,66,177,21,36,4,48
frame=0,7,67,142,22,35,8,48
frame=1,0,349,0,23,34,9,49
frame=1,1,0,285,22,36,8,51
frame=1,2,152,142,20,36,3,51
frame=1,3,163,35,23,35,2,50
frame=1,4,0,107,24,35,2,48
frame=1,5,0,321,22,36,2,47
frame=1,6,270,70,20,35,4,47
frame=1,7,87,177,21,36,8,48
frame=2,0,89,142,22,35,9,48
frame=2,1,108,177,22,35,7,50
frame=2,2,278,35,20,35,3,50
frame=2,3,332,69,22,34,1,49
frame=2,4,49,72,24,34,2,47
frame=2,5,188,0,23,35,3,46
frame=2,6,290,70,20,35,5,46
frame=2,7,130,177,22,35,9,47
frame=3,0,160,70,22,35,9,49
frame=3,1,186,35,23,35,8,51
frame=3,2,195,176,20,36,3,51
frame=3,3,211,0,23,35,2,50
frame=3,4,25,71,24,35,2,48
frame=3,5,209,35,23,35,3,47
frame=3,6,298,177,20,35,4,47
frame=3,7,172,105,21,36,8,48
frame=4,0,182,70,22,35,9,50
frame=4,1,204,70,22,35,8,51
frame=4,2,172,141,21,36,4,52
frame=4,3,234,0,23,35,2,51
frame=4,4,0,36,25,36,2,50
frame=4,5,44,106,22,36,2,49
frame=4,6,193,105,21,36,4,48
frame=4,7,66,106,22,36,8,49
frame=5,0,49,36,23,36,9,49
frame=5,1,226,70,22,35,8,50
frame=5,2,258,105,20,36,4,51
frame=5,3,72,0,23,36,3,51
frame=5,4,0,142,24,35,2,49
frame=5,5,72,36,23,36,2,48
frame=5,6,318,172,20,35,3,47
frame=5,7,278,105,19,36,7,47
frame=6,0,372,0,23,34,9,47
frame=6,1,317,103,22,34,9,49
frame=6,2,338,137,20,35,5,50
frame=6,3,248,70,22,35,3,50
frame=6,4,95,0,24,35,2,48
frame=6,5,232,35,23,35,2,47
frame=6,6,338,172,20,35,3,46
frame=6,7,317,137,21,35,7,46
frame=7,0,0,177,23,36,9,49
frame=7,1,214,105,22,35,8,50
frame=7,2,258,141,20,36,4,51
frame=7,3,25,0,24,36,3,51
frame=7,4,0,72,25,35,2,49
frame=7,5,95,35,23,36,2,48
frame=7,6,344,207,20,35,3,47
frame=7,7,236,105,22,35,8,47

[die]
frames=6
duration=4
type=play_once
frame=0,0,214,341,21,31,10,45
frame=0,1,212,278,19,31,4,46
frame=0,2,146,311,21,32,0,45
frame=0,3,168,278,22,31,-1,42
frame=0,4,254,278,22,30,1,39
frame=0,5,276,278,18,30,4,39
frame=0,6,256,341,20,31,10,40
frame=0,7,238,245,22,32,13,43
frame=1,0,297,339,19,31,11,46
frame=1,1,287,308,20,31,3,47
frame=1,2,280,246,23,31,-3,45
frame=1,3,294,278,21,30,-6,40
frame=1,4,375,274,19,29,-3,36
frame=1,5,315,278,19,30,6,35
frame=1,6,190,278,22,31,15,38
frame=1,7,362,303,20,29,17,42
frame=2,0,445,266,11,23,11,41
frame=2,1,49,345,19,27,0,41
frame=2,2,29,348,20,24,-10,36
frame=2,3,85,345,19,26,-11,31
frame=2,4,68,345,17,27,-3,27
frame=2,5,427,200,16,26,10,26
frame=2,6,384,250,18,24,21,29
frame=2,7,408,332,17,25,21,35
frame=3,0,425,332,11,22,11,37
frame=3,1,413,272,17,25,0,38
frame=3,2,437,296,19,23,-9,33
frame=3,3,425,250,18,22,-10,26
frame=3,4,427,226,16,24,-3,23
frame=3,5,430,272,15,24,10,22
frame=3,6,437,319,17,22,21,25
frame=3,7,420,297,17,24,21,32
frame=4,0,450,341,11,16,15,24
frame=4,1,445,289,8,7,-2,26
frame=4,2,436,341,14,16,-12,21
frame=4,3,408,357,15,14,-14,12
frame=4,4,0,357,15,15,-3,7
frame=4,5,425,354,11,16,10,7
frame=4,6,15,357,14,15,23,11
frame=4,7,436,357,14,14,26,18
frame=5,0,354,363,11,9,16,18
frame=5,1,324,273,8,5,-3,20
frame=5,2,383,360,11,12,-15,14
frame=5,3,394,360,14,10,-15,5
frame=5,4,385,238,14,12,-4,0
frame=5,5,450,357,9,13,11,0
frame=5,6,371,360,12,12,24,5
frame=5,7,420,321,13,11,27,13

[cast]
frames=4
duration=3
type=play_once
frame=0,0,322,207,22,34,6,47
frame=0,1,354,69,22,34,6,48
frame=0,2,358,103,19,35,3,48
frame=0,3,376,67,21,35,3,48
frame=0,4,395,0,23,34,4,47
frame=0,5,214,140,22,35,4,47
frame=0,6,358,138,20,35,4,47
frame=0,7,397,67,21,35,6,47
frame=1,0,377,102,22,34,7,48
frame=1,1,378,136,21,35,6,49
frame=1,2,278,141,19,36,3,50
frame=1,3,236,140,22,35,3,49
frame=1,4,257,0,23,35,3,48
frame=1,5,0,213,23,36,4,48
frame=1,6,258,177,20,36,4,48
frame=1,7,215,175,22,35,7,48
frame=2,0,358,173,22,34,6,48
frame=2,1,216,210,22,35,6,49
frame=2,2,278,177,20,36,3,50
frame=2,3,399,102,21,35,3,49
frame=2,4,255,35,23,35,4,48
frame=2,5,88,106,22,36,4,48
frame=2,6,297,105,20,36,4,48
frame=2,7,298,34,22,35,6,48
frame=3,0,418,0,23,34,6,48
frame=3,1,399,137,21,35,5,49
frame=3,2,297,141,20,36,3,49
frame=3,3,320,34,22,35,4,49
frame=3,4,342,34,22,35,4,48
frame=3,5,418,67,21,35,4,48
frame=3,6,24,107,20,37,4,49
frame=3,7,110,106,22,36,6,49

[swing]
frames=4
duration=3
type=play_once
frame=0,0,45,213,23,34,12,46
frame=0,1,364,207,21,34,9,49
frame=0,2,420,102,19,34,3,49
frame=0,3,439,103,22,33,0,48
frame=0,4,68,213,24,33,0,45
frame=0,5,385,205,22,33,1,43
frame=0,6,380,171,19,34,4,43
frame=0,7,83,279,21,33,10,44
frame=1,0,104,279,22,32,16,43
frame=1,1,147,279,21,32,13,47
frame=1,2,167,311,19,32,4,48
frame=1,3,186,309,21,32,-2,47
frame=1,4,41,247,23,32,-4,43
frame=1,5,207,309,21,32,-2,39
frame=1,6,307,308,18,31,4,37
frame=1,7,228,309,19,32,13,39
frame=2,0,148,343,22,29,21,39
frame=2,1,336,339,18,30,16,45
frame=2,2,345,304,17,30,4,48
frame=2,3,334,274,20,30,-5,46
frame=2,4,231,277,23,30,-8,40
frame=2,5,354,274,21,29,-5,35
frame=2,6,382,303,18,29,3,32
frame=2,7,394,274,19,29,15,34
frame=3,0,170,343,22,29,23,38
frame=3,1,400,303,20,29,18,44
frame=3,2,354,334,17,29,5,47
frame=3,3,402,238,19,30,-6,46
frame=3,4,125,343,23,29,-10,39
frame=3,5,104,344,21,28,-7,33
frame=3,6,390,332,18,28,3,30
frame=3,7,371,332,19,28,16,32

[hit]
frames=2
duration=2
type=play_once
frame=0,0,214,341,21,31,10,45
frame=0,1,212,278,19,31,4,46
frame=0,2,146,311,21,32,0,45
frame=0,3,168,278,22,31,-1,42
frame=0,4,254,278,22,30,1,39
frame=0,5,276,278,18,30,4,39
frame=0,6,256,341,20,31,10,40
frame=0,7,238,245,22,32,13,43
frame=1,0,297,339,19,31,11,46
frame=1,1,287,308,20,31,3,47
frame=1,2,280,246,23,31,-3,45
frame=1,3,294,278,21,30,-6,40
frame=1,4,375,274,19,29,-3,36
frame=1,5,315,278,19,30,6,35
frame=1,6,190,278,22,31,15,38
frame=1,7,362,303,20,29,17,42

[block]
frames=2
duration=1
type=play_once
frame=0,0,192,341,22,31,7,44
frame=0,1,266,308,21,32,6,45
frame=0,2,247,308,19,33,3,45
frame=0,3,83,246,22,33,4,45
frame=0,4,105,246,22,33,4,44
frame=0,5,127,246,22,33,4,44
frame=0,6,443,169,18,33,4,44
frame=0,7,104,311,21,33,7,44
frame=1,0,235,341,21,31,7,43
frame=1,1,324,241,20,32,6,44
frame=1,2,443,202,18,32,3,44
frame=1,3,316,339,20,31,3,43
frame=1,4,149,246,23,32,4,43
frame=1,5,276,340,21,32,4,42
frame=1,6,443,234,18,32,4,42
frame=1,7,325,308,20,31,7,42
