
image=images/avatar/male/clothes.png

[stance]
frames=4
duration=6
type=back_forth
frame=0,0,1186,0,36,45,15,40
frame=0,1,1575,42,40,42,16,39
frame=0,2,917,189,34,47,10,39
frame=0,3,792,48,28,48,10,39
frame=0,4,1309,178,42,44,19,39
frame=0,5,1462,43,38,43,18,40
frame=0,6,741,193,34,48,17,40
frame=0,7,814,144,26,48,11,40
frame=1,0,1352,132,37,44,16,39
frame=1,1,1549,128,41,42,17,39
frame=1,2,922,142,34,47,10,39
frame=1,3,756,144,29,48,10,39
frame=1,4,1110,184,41,45,19,39
frame=1,5,1615,42,38,42,18,39
frame=1,6,729,48,34,48,17,40
frame=1,7,817,96,26,48,11,40
frame=2,0,1373,88,36,44,16,39
frame=2,1,1570,85,41,42,17,39
frame=2,2,1058,92,34,46,10,38
frame=2,3,759,96,29,48,10,39
frame=2,4,1311,133,41,44,19,39
frame=2,5,1653,42,37,42,18,39
frame=2,6,882,191,35,47,18,39
frame=2,7,987,94,27,47,12,39
frame=3,0,1342,0,37,44,16,39
frame=3,1,1611,84,39,42,16,39
frame=3,2,1079,46,34,46,10,38
frame=3,3,763,48,29,48,10,39
frame=3,4,1351,177,41,44,19,39
frame=3,5,1618,0,38,42,18,39
frame=3,6,923,94,34,47,17,39
frame=3,7,988,47,25,47,11,39

[run]
frames=8
duration=2
type=looped
frame=0,0,951,189,31,47,5,44
frame=0,1,566,101,31,50,8,45
frame=0,2,566,0,32,50,12,45
frame=0,3,740,0,31,48,13,45
frame=0,4,1491,0,38,43,21,44
frame=0,5,1694,125,36,41,18,44
frame=0,6,1635,168,31,42,12,44
frame=0,7,1392,176,30,44,11,44
frame=1,0,1342,44,37,44,9,44
frame=1,1,387,105,34,52,13,44
frame=1,2,255,168,30,54,11,44
frame=1,3,463,102,37,51,20,44
frame=1,4,1142,46,42,45,25,43
frame=1,5,1560,212,38,42,18,43
frame=1,6,1840,0,31,39,12,43
frame=1,7,1730,41,30,41,7,43
frame=2,0,1520,86,50,42,15,43
frame=2,1,443,51,39,51,15,43
frame=2,2,260,109,29,54,10,43
frame=2,3,843,96,42,47,25,42
frame=2,4,1256,180,53,44,31,42
frame=2,5,675,147,42,48,20,42
frame=2,6,630,198,28,49,10,42
frame=2,7,1014,94,44,46,14,42
frame=3,0,1379,44,44,43,12,44
frame=3,1,593,200,37,49,14,44
frame=3,2,517,51,29,51,10,44
frame=3,3,1127,137,40,45,23,43
frame=3,4,987,141,47,46,28,43
frame=3,5,717,145,39,48,18,43
frame=3,6,982,188,29,47,10,43
frame=3,7,1190,182,37,45,9,43
frame=4,0,1464,129,32,43,6,44
frame=4,1,771,0,29,48,10,45
frame=4,2,619,149,29,49,10,44
frame=4,3,531,102,35,50,18,45
frame=4,4,885,95,38,47,21,44
frame=4,5,1422,176,30,44,13,44
frame=4,6,1666,168,29,42,10,44
frame=4,7,1732,0,30,41,7,44
frame=5,0,1169,91,37,45,9,43
frame=5,1,581,50,30,50,6,44
frame=5,2,355,0,30,53,11,43
frame=5,3,366,158,35,52,16,44
frame=5,4,1070,0,41,46,25,44
frame=5,5,1802,0,38,40,21,43
frame=5,6,1840,39,30,40,10,43
frame=5,7,1633,211,34,42,12,43
frame=6,0,1242,90,50,44,15,42
frame=6,1,658,197,43,48,14,42
frame=6,2,285,163,29,54,11,43
frame=6,3,421,104,42,51,20,43
frame=6,4,1496,129,53,42,31,43
frame=6,5,846,48,42,47,25,43
frame=6,6,637,99,29,49,10,42
frame=6,7,689,97,40,48,15,42
frame=7,0,1011,187,41,46,10,43
frame=7,1,924,47,34,47,7,44
frame=7,2,500,102,31,51,12,44
frame=7,3,611,50,38,49,17,44
frame=7,4,1292,89,43,44,26,44
frame=7,5,1151,182,39,45,22,43
frame=7,6,956,141,31,47,11,43
frame=7,7,888,47,36,47,14,43

[ranged]
frames=4
duration=3
type=play_once
frame=0,0,896,0,36,47,16,42
frame=0,1,1206,90,36,45,18,42
frame=0,2,775,192,29,48,11,41
frame=0,3,648,148,27,49,10,41
frame=0,4,854,0,42,47,18,42
frame=0,5,1144,0,42,45,17,42
frame=0,6,649,49,29,49,10,42
frame=0,7,666,98,23,49,8,42
frame=1,0,401,157,45,51,22,46
frame=1,1,695,0,45,48,18,44
frame=1,2,224,55,33,55,10,47
frame=1,3,321,0,34,53,10,45
frame=1,4,832,192,50,47,18,42
frame=1,5,1258,0,46,44,17,42
frame=1,6,413,52,30,52,12,46
frame=1,7,254,0,30,55,14,48
frame=2,0,473,206,49,49,23,44
frame=2,1,678,49,51,48,20,45
frame=2,2,179,174,38,57,10,50
frame=2,3,190,116,33,57,9,49
frame=2,4,422,208,51,47,18,42
frame=2,5,370,210,52,45,21,42
frame=2,6,385,0,37,52,18,46
frame=2,7,342,53,31,53,13,46
frame=3,0,887,142,35,47,13,42
frame=3,1,1257,45,47,44,17,41
frame=3,2,701,195,40,48,11,41
frame=3,3,666,0,29,49,10,41
frame=3,4,1034,140,37,46,18,41
frame=3,5,1123,92,46,45,22,42
frame=3,6,597,100,40,49,21,42
frame=3,7,522,203,26,50,10,43

[ment]
frames=4
duration=3
type=play_once
frame=0,0,468,0,38,51,20,45
frame=0,1,1036,46,43,46,19,43
frame=0,2,446,155,42,51,11,44
frame=0,3,482,51,35,51,8,43
frame=0,4,840,144,47,47,17,41
frame=0,5,1266,134,45,44,17,41
frame=0,6,576,151,43,49,22,41
frame=0,7,488,153,33,51,18,42
frame=1,0,74,0,37,60,20,55
frame=1,1,144,117,46,57,23,54
frame=1,2,67,62,46,60,14,53
frame=1,3,34,0,40,62,8,54
frame=1,4,257,55,48,54,16,49
frame=1,5,1019,0,51,46,16,42
frame=1,6,422,0,46,51,20,43
frame=1,7,94,181,34,58,19,50
frame=2,0,58,127,35,61,16,56
frame=2,1,202,0,52,55,22,52
frame=2,2,0,194,51,61,18,54
frame=2,3,0,0,34,65,8,57
frame=2,4,51,189,43,61,16,56
frame=2,5,314,162,52,52,17,49
frame=2,6,128,181,51,57,20,49
frame=2,7,0,130,30,64,12,55
frame=3,0,113,59,41,58,16,53
frame=3,1,521,153,55,50,22,47
frame=3,2,111,0,51,59,20,52
frame=3,3,0,65,26,65,8,57
frame=3,4,26,65,41,62,16,56
frame=3,5,289,109,56,53,21,50
frame=3,6,93,122,51,59,18,51
frame=3,7,30,127,28,62,7,54

[die]
frames=6
duration=4
type=play_once
frame=0,0,1335,88,38,44,15,39
frame=0,1,1650,84,38,42,15,39
frame=0,2,804,192,28,48,8,39
frame=0,3,828,0,26,48,9,38
frame=0,4,1590,127,40,42,20,36
frame=0,5,1692,0,40,41,21,36
frame=0,6,1237,135,29,45,14,37
frame=0,7,1013,47,23,47,11,39
frame=1,0,1222,0,36,45,15,40
frame=1,1,1425,130,39,43,16,40
frame=1,2,966,0,30,47,9,39
frame=1,3,788,96,29,48,7,37
frame=1,4,1695,166,38,40,18,34
frame=1,5,1822,192,41,36,21,33
frame=1,6,1489,172,26,43,12,35
frame=1,7,1104,138,23,46,12,38
frame=2,0,1452,86,39,43,13,39
frame=2,1,1184,45,37,45,12,39
frame=2,2,729,96,30,48,7,36
frame=2,3,1452,173,37,43,13,31
frame=2,4,1764,145,42,31,24,27
frame=2,5,1426,220,36,33,23,28
frame=2,6,1806,147,23,40,15,32
frame=2,7,1379,0,30,44,16,36
frame=3,0,1739,208,38,37,12,33
frame=3,1,1728,83,35,41,10,34
frame=3,2,1491,86,29,43,7,31
frame=3,3,1836,79,36,38,14,26
frame=3,4,1126,229,42,26,25,22
frame=3,5,1733,176,37,27,24,23
frame=3,6,1807,115,24,32,15,27
frame=3,7,1807,40,30,36,15,31
frame=4,0,279,222,46,33,16,22
frame=4,1,1392,220,34,35,14,22
frame=4,2,1348,222,44,33,21,18
frame=4,3,1028,233,47,22,26,13
frame=4,4,982,235,46,20,30,14
frame=4,5,1730,145,34,21,19,15
frame=4,6,1822,228,40,26,19,17
frame=4,7,1763,118,44,27,18,19
frame=5,0,1250,225,52,29,21,18
frame=5,1,1770,176,36,32,15,18
frame=5,2,1168,227,48,28,24,13
frame=5,3,1075,232,51,21,28,12
frame=5,4,227,229,52,26,31,17
frame=5,5,1216,227,34,28,19,18
frame=5,6,1302,224,46,31,21,19
frame=5,7,179,231,48,24,20,15

[melee]
frames=4
duration=3
type=play_once
frame=0,0,223,113,37,55,15,51
frame=0,1,217,173,38,56,18,52
frame=0,2,162,0,40,57,14,49
frame=0,3,305,54,37,53,11,44
frame=0,4,1167,137,39,45,19,40
frame=0,5,1409,0,43,43,19,40
frame=0,6,506,0,34,51,13,44
frame=0,7,195,57,29,56,14,48
frame=1,0,373,53,40,52,19,47
frame=1,1,284,0,37,54,17,51
frame=1,2,154,59,41,57,17,49
frame=1,3,345,106,42,52,10,43
frame=1,4,1526,43,49,42,19,37
frame=1,5,1831,117,41,39,19,35
frame=1,6,1656,0,36,42,13,34
frame=1,7,628,0,38,49,22,40
frame=2,0,1529,0,49,42,28,37
frame=2,1,1304,0,38,44,17,40
frame=2,2,598,0,30,50,13,41
frame=2,3,548,203,45,49,14,39
frame=2,4,1505,215,55,40,20,35
frame=2,5,1763,81,44,37,20,33
frame=2,6,1807,76,29,39,10,31
frame=2,7,325,214,45,41,24,32
frame=3,0,1462,216,43,39,20,35
frame=3,1,1423,43,39,43,16,39
frame=3,2,540,0,26,51,9,41
frame=3,3,546,51,35,50,11,39
frame=3,4,1760,41,47,40,21,35
frame=3,5,1777,208,45,36,22,33
frame=3,6,1668,126,26,42,11,34
frame=3,7,1705,206,34,40,16,32

[hit]
frames=2
duration=2
type=play_once
frame=0,0,1304,44,38,44,15,39
frame=0,1,1630,126,38,42,15,39
frame=0,2,800,0,28,48,8,39
frame=0,3,820,48,26,48,9,38
frame=0,4,1557,170,40,42,20,36
frame=0,5,1690,42,40,41,21,36
frame=0,6,1227,180,29,45,14,37
frame=0,7,996,0,23,47,11,39
frame=1,0,1221,45,36,45,15,40
frame=1,1,1452,0,39,43,16,40
frame=1,2,958,47,30,47,9,39
frame=1,3,785,144,29,48,7,37
frame=1,4,1667,210,38,40,18,34
frame=1,5,1829,156,41,36,21,33
frame=1,6,1500,43,26,43,12,35
frame=1,7,1087,184,23,46,12,38

[block]
frames=2
duration=1
type=play_once
frame=0,0,1389,132,36,44,14,39
frame=0,1,1688,84,40,41,16,38
frame=0,2,1111,0,33,46,10,38
frame=0,3,932,0,34,47,11,38
frame=0,4,1409,87,43,43,20,38
frame=0,5,1578,0,40,42,19,39
frame=0,6,1071,138,33,46,16,39
frame=0,7,957,94,30,47,15,39
frame=1,0,1598,211,35,42,14,37
frame=1,1,1597,169,38,42,16,39
frame=1,2,1092,92,31,46,10,38
frame=1,3,1052,186,35,46,11,37
frame=1,4,1515,171,42,42,19,37
frame=1,5,1762,0,40,40,19,37
frame=1,6,1206,135,31,45,15,38
frame=1,7,1113,46,29,46,15,38
