
image=images/avatar/male/default_hands.png

[stance]
frames=4
duration=6
type=back_forth
frame=0,0,0,1289,34,29,15,35
frame=0,1,0,967,36,23,12,32
frame=0,2,33,1559,33,25,9,30
frame=0,3,74,700,20,32,2,33
frame=0,4,33,1444,33,31,10,32
frame=0,5,37,785,37,26,18,30
frame=0,6,33,1378,33,33,17,35
frame=0,7,73,856,21,31,11,35
frame=1,0,0,1476,33,29,15,35
frame=1,1,0,1142,35,22,11,32
frame=1,2,0,1710,32,25,8,30
frame=1,3,40,2494,19,32,1,32
frame=1,4,32,1638,32,31,10,31
frame=1,5,39,660,38,26,18,30
frame=1,6,0,1444,33,32,17,34
frame=1,7,74,764,20,31,11,35
frame=2,0,0,1505,33,28,15,34
frame=2,1,0,990,36,22,12,32
frame=2,2,32,1724,32,25,8,30
frame=2,3,74,732,20,32,1,32
frame=2,4,62,1811,31,31,9,31
frame=2,5,36,966,36,25,17,29
frame=2,6,0,1227,34,32,18,34
frame=2,7,72,918,22,30,12,34
frame=3,0,0,1655,32,28,15,34
frame=3,1,0,1164,35,21,12,31
frame=3,2,32,1749,32,24,8,29
frame=3,3,74,826,20,30,1,31
frame=3,4,31,1837,31,31,9,31
frame=3,5,35,1115,35,26,16,29
frame=3,6,33,1475,33,31,17,33
frame=3,7,20,2470,20,29,11,33

[run]
frames=8
duration=2
type=looped
frame=0,0,19,2531,19,30,5,32
frame=0,1,52,2277,26,32,8,35
frame=0,2,0,1889,31,24,12,32
frame=0,3,58,1973,29,29,11,35
frame=0,4,78,644,16,26,4,29
frame=0,5,70,1074,24,32,9,36
frame=0,6,31,1868,31,27,12,34
frame=0,7,29,1948,29,32,11,36
frame=1,0,26,2261,26,34,9,37
frame=1,1,33,1506,33,27,13,34
frame=1,2,61,1914,30,26,11,32
frame=1,3,39,2526,19,31,6,33
frame=1,4,70,1106,24,30,8,33
frame=1,5,32,1669,32,28,12,34
frame=1,6,0,1797,31,32,12,36
frame=1,7,72,887,22,31,6,33
frame=2,0,0,879,36,32,15,37
frame=2,1,56,28,38,27,15,34
frame=2,2,28,2033,28,30,9,33
frame=2,3,20,2499,19,32,5,33
frame=2,4,36,881,36,30,14,34
frame=2,5,56,0,38,28,16,35
frame=2,6,27,2114,27,35,10,38
frame=2,7,75,2385,19,38,6,40
frame=3,0,64,1747,30,32,12,37
frame=3,1,0,1116,35,26,14,34
frame=3,2,28,2063,28,29,9,33
frame=3,3,77,670,17,30,6,33
frame=3,4,62,1884,30,30,11,34
frame=3,5,36,939,36,27,15,34
frame=3,6,66,1579,28,32,10,36
frame=3,7,38,2557,19,25,4,28
frame=4,0,19,2561,19,25,6,29
frame=4,1,0,2040,28,30,10,35
frame=4,2,56,2089,28,26,10,32
frame=4,3,48,2443,23,30,8,34
frame=4,4,77,2547,17,28,5,32
frame=4,5,54,2148,27,30,10,36
frame=4,6,29,1980,29,27,10,34
frame=4,7,71,2423,23,32,6,36
frame=5,0,27,2149,27,30,9,33
frame=5,1,0,2456,20,30,5,33
frame=5,2,58,2002,29,26,11,32
frame=5,3,0,1683,32,27,13,34
frame=5,4,51,2331,25,33,9,37
frame=5,5,38,2582,18,29,6,32
frame=5,6,60,1940,29,33,10,37
frame=5,7,0,1533,33,27,12,34
frame=6,0,35,1085,35,30,14,34
frame=6,1,0,2507,19,32,6,33
frame=6,2,56,2059,28,30,11,33
frame=6,3,0,636,39,25,17,34
frame=6,4,0,846,36,33,14,38
frame=6,5,76,2346,18,39,4,41
frame=6,6,66,1507,28,36,9,39
frame=6,7,51,332,40,30,15,36
frame=7,0,0,2009,28,31,10,34
frame=7,1,74,795,20,31,4,33
frame=7,2,0,1861,31,28,12,32
frame=7,3,35,1141,35,26,15,34
frame=7,4,54,2115,27,33,10,37
frame=7,5,0,2539,19,29,7,32
frame=7,6,64,1779,30,32,11,37
frame=7,7,0,940,36,27,14,34

[shoot]
frames=4
duration=3
type=play_once
frame=0,0,70,1165,24,23,16,27
frame=0,1,0,1760,32,22,18,32
frame=0,2,28,2092,28,22,11,34
frame=0,3,81,2115,13,24,-3,34
frame=0,4,71,2455,23,27,-1,35
frame=0,5,30,1924,30,24,5,31
frame=0,6,0,2170,27,30,8,31
frame=0,7,60,2482,19,33,8,33
frame=1,0,0,510,45,35,22,45
frame=1,1,44,587,44,30,18,44
frame=1,2,0,1941,29,38,6,47
frame=1,3,54,2205,26,37,2,45
frame=1,4,0,607,44,29,12,39
frame=1,5,0,572,44,35,15,41
frame=1,6,66,1384,28,43,11,45
frame=1,7,66,1427,28,43,14,47
frame=2,0,0,415,48,33,23,44
frame=2,1,0,344,51,34,20,45
frame=2,2,37,837,36,44,8,50
frame=2,3,64,1659,30,46,6,49
frame=2,4,0,378,48,37,15,42
frame=2,5,0,148,52,33,21,41
frame=2,6,37,743,37,42,18,45
frame=2,7,64,1705,30,42,13,46
frame=3,0,0,1050,35,38,13,41
frame=3,1,0,448,47,28,17,36
frame=3,2,51,362,40,27,11,33
frame=3,3,72,976,22,27,3,28
frame=3,4,0,1829,31,32,12,33
frame=3,5,46,504,46,29,22,35
frame=3,6,55,55,39,38,21,40
frame=3,7,25,2407,23,41,10,41

[cast]
frames=4
duration=3
type=play_once
frame=0,0,35,1050,35,35,20,42
frame=0,1,51,223,42,30,19,43
frame=0,2,52,93,42,34,11,44
frame=0,3,26,2321,25,38,-2,43
frame=0,4,0,1012,35,38,5,39
frame=0,5,51,192,43,31,15,34
frame=0,6,52,127,42,34,22,36
frame=0,7,66,1470,28,37,18,41
frame=1,0,33,1331,33,47,20,55
frame=1,1,48,389,46,40,23,54
frame=1,2,48,429,46,39,14,53
frame=1,3,36,1005,35,45,3,54
frame=1,4,34,1216,34,42,2,49
frame=1,5,0,476,46,34,11,42
frame=1,6,47,468,46,36,20,43
frame=1,7,0,1366,33,45,19,50
frame=2,0,0,1318,33,48,14,56
frame=2,1,0,72,52,39,22,52
frame=2,2,0,181,51,43,18,54
frame=2,3,0,1606,32,49,6,57
frame=2,4,35,1167,34,49,7,56
frame=2,5,0,111,52,37,17,49
frame=2,6,0,306,51,38,20,49
frame=2,7,64,1611,30,48,12,55
frame=3,0,37,697,37,46,12,53
frame=3,1,0,37,55,35,22,47
frame=3,2,0,224,51,43,20,52
frame=3,3,68,1236,26,51,8,57
frame=3,4,0,687,37,48,12,56
frame=3,5,0,0,56,37,21,50
frame=3,6,0,267,51,39,18,51
frame=3,7,0,2221,26,47,6,54

[die]
frames=6
duration=4
type=play_once
frame=0,0,62,1842,31,28,15,33
frame=0,1,0,1585,33,21,12,29
frame=0,2,54,2178,27,27,7,29
frame=0,3,56,2593,17,27,1,27
frame=0,4,0,1913,30,28,10,28
frame=0,5,34,1289,34,25,16,27
frame=0,6,58,2028,28,31,14,31
frame=0,7,58,2547,19,27,11,27
frame=1,0,31,1895,30,29,14,32
frame=1,1,33,1584,33,22,13,29
frame=1,2,0,2374,25,28,7,30
frame=1,3,80,2205,14,24,1,24
frame=1,4,29,2007,29,26,10,27
frame=1,5,0,1560,33,25,14,27
frame=1,6,25,2359,25,29,12,28
frame=1,7,81,2139,13,20,9,20
frame=2,0,25,2388,25,19,11,23
frame=2,1,0,2200,27,21,7,27
frame=2,2,0,2568,19,23,-1,25
frame=2,3,78,2323,15,23,-1,21
frame=2,4,0,2302,26,19,9,18
frame=2,5,52,2309,26,22,14,21
frame=2,6,78,2275,16,24,13,23
frame=2,7,81,2159,11,21,11,22
frame=3,0,0,2402,25,18,12,19
frame=3,1,0,2321,26,18,7,22
frame=3,2,0,2486,20,21,1,20
frame=3,3,79,2482,14,19,0,15
frame=3,4,50,2389,25,18,10,15
frame=3,5,27,2205,27,20,15,16
frame=3,6,0,2591,18,23,14,19
frame=3,7,86,2028,8,20,10,18
frame=4,0,32,1773,32,19,16,15
frame=4,1,0,1782,32,15,14,13
frame=4,2,72,1003,22,21,6,14
frame=4,3,80,2229,14,20,5,12
frame=4,4,62,1870,31,14,15,8
frame=4,5,32,1792,32,13,17,7
frame=4,6,84,2059,9,12,2,3
frame=4,7,78,2299,16,24,10,16
frame=5,0,39,644,39,16,21,13
frame=5,1,36,991,36,14,15,12
frame=5,2,40,2473,20,21,3,13
frame=5,3,57,2574,19,19,6,10
frame=5,4,38,686,38,11,17,5
frame=5,5,34,1314,34,17,19,7
frame=5,6,19,2586,18,24,15,12
frame=5,7,23,2448,23,22,16,13

[swing]
frames=4
duration=3
type=play_once
frame=0,0,71,1024,23,50,13,51
frame=0,1,0,735,37,45,18,52
frame=0,2,51,294,40,38,14,49
frame=0,3,32,1606,32,32,6,44
frame=0,4,59,2515,19,32,-2,40
frame=0,5,31,1805,31,32,7,40
frame=0,6,0,1185,34,42,13,44
frame=0,7,66,1335,28,49,14,48
frame=1,0,69,1188,25,48,19,47
frame=1,1,68,1287,26,48,16,51
frame=1,2,51,253,41,41,17,49
frame=1,3,52,161,42,31,10,43
frame=1,4,70,1136,24,29,-6,36
frame=1,5,72,948,22,28,0,32
frame=1,6,0,911,36,29,13,33
frame=1,7,0,780,37,40,22,40
frame=2,0,45,533,45,28,28,31
frame=2,1,0,2420,23,36,16,38
frame=2,2,66,1543,28,36,13,40
frame=2,3,45,561,45,26,14,34
frame=2,4,44,617,44,27,9,33
frame=2,5,0,2339,25,35,1,32
frame=2,6,52,2242,26,35,7,30
frame=2,7,0,545,45,27,24,28
frame=3,0,37,811,37,26,20,31
frame=3,1,27,2179,27,26,15,31
frame=3,2,78,2249,16,26,5,31
frame=3,3,0,1735,32,25,11,32
frame=3,4,0,1088,35,28,11,33
frame=3,5,0,2268,26,34,7,33
frame=3,6,76,2575,18,38,5,34
frame=3,7,0,1411,33,33,15,32

[hit]
frames=2
duration=2
type=play_once
frame=0,0,62,1842,31,28,15,33
frame=0,1,0,1585,33,21,12,29
frame=0,2,54,2178,27,27,7,29
frame=0,3,56,2593,17,27,1,27
frame=0,4,0,1913,30,28,10,28
frame=0,5,34,1289,34,25,16,27
frame=0,6,58,2028,28,31,14,31
frame=0,7,58,2547,19,27,11,27
frame=1,0,31,1895,30,29,14,32
frame=1,1,33,1584,33,22,13,29
frame=1,2,0,2374,25,28,7,30
frame=1,3,80,2205,14,24,1,24
frame=1,4,29,2007,29,26,10,27
frame=1,5,0,1560,33,25,14,27
frame=1,6,25,2359,25,29,12,28
frame=1,7,81,2139,13,20,9,20

[block]
frames=2
duration=1
type=play_once
frame=0,0,33,1533,33,26,14,35
frame=0,1,36,911,36,28,11,37
frame=0,2,0,2136,27,34,4,37
frame=0,3,26,2225,26,36,3,36
frame=0,4,34,1258,34,31,11,32
frame=0,5,0,661,38,26,18,30
frame=0,6,0,1979,29,30,16,34
frame=0,7,26,2295,26,26,15,32
frame=1,0,32,1697,32,27,14,36
frame=1,1,0,1259,34,30,11,38
frame=1,2,48,2407,23,36,3,38
frame=1,3,0,2098,27,38,3,37
frame=1,4,33,1411,33,33,11,33
frame=1,5,0,820,37,26,18,29
frame=1,6,0,2070,28,28,15,32
frame=1,7,50,2364,25,25,15,31
