
image=images/avatar/male/greatsword.png

[stance]
frames=4
duration=6
type=back_forth
frame=0,0,0,718,48,26,29,40
frame=0,1,39,2515,25,37,0,46
frame=0,2,36,3205,28,38,-11,40
frame=0,3,0,357,50,25,0,25
frame=0,4,0,497,49,28,12,19
frame=0,5,38,2780,26,39,18,25
frame=0,6,39,2552,25,37,33,30
frame=0,7,0,382,50,24,43,33
frame=1,0,0,691,48,27,29,41
frame=1,1,39,2439,25,38,0,47
frame=1,2,36,3243,28,38,-12,41
frame=1,3,0,331,50,26,0,26
frame=1,4,0,525,49,28,12,19
frame=1,5,34,3874,26,38,18,24
frame=1,6,0,4384,26,36,34,30
frame=1,7,0,406,50,24,43,33
frame=2,0,0,634,48,29,30,43
frame=2,1,40,2211,24,40,-1,49
frame=2,2,35,3444,29,39,-12,42
frame=2,3,0,276,51,28,-1,28
frame=2,4,0,553,49,28,11,19
frame=2,5,39,2477,25,38,17,24
frame=2,6,37,2942,27,35,35,29
frame=2,7,0,430,50,23,44,33
frame=3,0,0,929,47,30,30,44
frame=3,1,42,1763,22,40,-1,49
frame=3,2,0,4284,31,40,-11,43
frame=3,3,0,304,51,27,-1,27
frame=3,4,0,663,48,28,10,19
frame=3,5,41,1967,23,37,16,23
frame=3,6,37,2977,27,34,35,28
frame=3,7,0,453,50,22,44,32

[run]
frames=8
duration=2
type=looped
frame=0,0,0,142,53,21,41,34
frame=0,1,0,3384,35,34,21,46
frame=0,2,51,298,13,40,-8,47
frame=0,3,0,1862,42,34,-3,38
frame=0,4,0,119,53,23,4,24
frame=0,5,0,2527,39,35,10,24
frame=0,6,50,492,13,39,13,27
frame=0,7,0,1950,41,33,38,31
frame=1,0,0,475,50,22,32,32
frame=1,1,0,3444,35,22,13,31
frame=1,2,37,4461,12,27,-8,31
frame=1,3,0,2774,38,21,1,23
frame=1,4,0,1017,47,28,10,23
frame=1,5,32,4276,31,41,14,28
frame=1,6,48,775,16,42,16,30
frame=1,7,0,2220,40,33,33,31
frame=2,0,0,3418,35,26,16,33
frame=2,1,0,4447,25,21,0,27
frame=2,2,49,4480,12,21,-6,23
frame=2,3,31,4355,31,24,7,22
frame=2,4,0,3765,34,35,16,26
frame=2,5,44,1334,20,44,17,33
frame=2,6,45,1254,19,42,16,34
frame=2,7,0,4027,33,37,22,38
frame=3,0,0,1685,43,28,21,33
frame=3,1,31,4379,31,21,7,28
frame=3,2,53,160,11,20,-7,23
frame=3,3,34,3677,29,21,4,22
frame=3,4,0,3254,36,31,13,25
frame=3,5,40,2170,24,41,15,30
frame=3,6,50,385,14,41,12,31
frame=3,7,0,4250,32,34,23,30
frame=4,0,0,744,48,26,32,29
frame=4,1,0,2562,39,19,19,28
frame=4,2,44,1647,13,20,-5,26
frame=4,3,34,3698,29,20,0,23
frame=4,4,0,1713,43,25,8,23
frame=4,5,0,3690,34,38,12,27
frame=4,6,54,45,10,42,9,28
frame=4,7,34,3613,29,39,26,31
frame=5,0,0,253,52,23,45,31
frame=5,1,0,1277,45,30,31,43
frame=5,2,44,1588,16,37,-1,46
frame=5,3,0,3728,34,37,-6,42
frame=5,4,0,229,52,24,0,27
frame=5,5,0,1502,44,31,6,22
frame=5,6,47,925,17,38,10,24
frame=5,7,0,3800,34,35,33,28
frame=6,0,0,897,47,32,45,43
frame=6,1,0,2176,40,44,33,57
frame=6,2,46,1092,18,53,2,64
frame=6,3,0,3639,34,51,-9,59
frame=6,4,0,163,52,40,-5,44
frame=6,5,0,959,47,29,2,29
frame=6,6,41,2004,23,32,9,24
frame=6,7,34,3784,28,30,31,28
frame=7,0,0,203,52,26,45,38
frame=7,1,32,4240,32,36,28,52
frame=7,2,50,338,14,47,-4,56
frame=7,3,0,2358,39,43,-6,49
frame=7,4,0,90,53,29,-1,33
frame=7,5,0,1564,44,30,6,23
frame=7,6,47,963,17,35,11,24
frame=7,7,0,2967,37,32,36,29

[ranged]
frames=4
duration=3
type=play_once
frame=0,0,36,3281,28,33,5,42
frame=0,1,0,2401,39,42,12,45
frame=0,2,33,3977,31,51,13,49
frame=0,3,48,608,16,56,7,53
frame=0,4,0,3125,36,44,17,53
frame=0,5,0,1086,46,41,20,50
frame=0,6,0,2682,38,32,12,45
frame=0,7,47,1030,17,31,-3,42
frame=1,0,34,3718,28,33,5,42
frame=1,1,0,2443,39,42,12,45
frame=1,2,32,4188,32,52,13,50
frame=1,3,47,817,17,56,7,53
frame=1,4,0,3073,36,52,17,54
frame=1,5,0,1127,46,41,20,50
frame=1,6,0,2649,38,33,12,46
frame=1,7,47,998,17,32,-3,43
frame=2,0,39,2589,25,34,4,43
frame=2,1,0,3213,36,41,11,45
frame=2,2,33,4079,31,50,13,50
frame=2,3,48,720,16,55,7,53
frame=2,4,0,3974,33,53,15,54
frame=2,5,0,1419,44,44,19,51
frame=2,6,0,2613,38,36,12,47
frame=2,7,46,1178,18,32,-3,43
frame=3,0,34,3751,28,33,5,42
frame=3,1,0,2485,39,42,12,45
frame=3,2,33,4028,31,51,13,49
frame=3,3,48,664,16,56,7,53
frame=3,4,0,3169,36,44,17,53
frame=3,5,0,1168,46,41,20,50
frame=3,6,0,2714,38,32,12,45
frame=3,7,47,1061,17,31,-3,42

[ment]
frames=4
duration=3
type=play_once
frame=0,0,0,2126,40,50,29,70
frame=0,1,36,3037,28,59,4,76
frame=0,2,39,2320,25,62,-17,72
frame=0,3,0,1316,44,58,-11,61
frame=0,4,0,849,47,48,2,49
frame=0,5,0,2926,37,41,16,43
frame=0,6,45,1296,19,38,26,46
frame=0,7,0,3345,35,39,39,57
frame=1,0,38,2678,26,54,8,78
frame=1,1,39,2382,25,57,2,80
frame=1,2,34,3483,30,62,-2,79
frame=1,3,35,3314,29,66,-3,76
frame=1,4,37,2819,27,68,-2,73
frame=1,5,0,3466,34,67,11,73
frame=1,6,0,2297,39,61,20,73
frame=1,7,0,2870,37,56,19,75
frame=2,0,36,3096,28,55,-2,79
frame=2,1,38,2623,26,55,-5,76
frame=2,2,0,3285,35,60,1,73
frame=2,3,0,4082,32,65,6,72
frame=2,4,40,2104,24,66,9,75
frame=2,5,0,3905,33,69,17,78
frame=2,6,0,1738,42,63,21,80
frame=2,7,0,2012,40,57,13,81
frame=3,0,36,3151,28,54,-8,77
frame=3,1,37,2887,27,55,-8,72
frame=3,2,0,4147,32,59,1,68
frame=3,3,35,3380,29,64,10,69
frame=3,4,40,2036,24,68,15,74
frame=3,5,0,3586,34,53,21,79
frame=3,6,0,2069,40,57,18,82
frame=3,7,0,3015,36,58,6,82

[die]
frames=6
duration=4
type=play_once
frame=0,0,0,2597,39,16,20,28
frame=0,1,50,475,14,17,-8,24
frame=0,2,26,4417,26,17,-8,19
frame=0,3,0,2275,40,22,2,16
frame=0,4,0,3870,34,35,12,19
frame=0,5,52,222,12,42,16,24
frame=0,6,0,4324,31,38,32,28
frame=0,7,0,1645,44,22,36,27
frame=1,0,44,1571,19,17,2,28
frame=1,1,21,4493,10,18,-10,24
frame=1,2,46,1232,18,22,-6,20
frame=1,3,44,1448,20,27,2,18
frame=1,4,25,4461,12,32,10,20
frame=1,5,52,4400,12,34,17,25
frame=1,6,25,4434,25,27,24,26
frame=1,7,34,3836,27,22,18,29
frame=2,0,49,531,15,19,0,26
frame=2,1,41,4502,8,17,-11,21
frame=2,2,0,4468,11,20,-8,17
frame=2,3,49,586,13,22,0,15
frame=2,4,53,113,11,25,9,16
frame=2,5,54,87,10,26,15,20
frame=2,6,44,1625,13,22,18,22
frame=2,7,44,1682,13,15,13,21
frame=3,0,37,4488,12,14,-2,21
frame=3,1,18,4511,8,15,-11,17
frame=3,2,0,4506,9,16,-9,12
frame=3,3,11,4468,11,18,0,10
frame=3,4,11,4486,10,20,10,11
frame=3,5,57,1625,7,20,15,15
frame=3,6,31,4502,10,16,17,17
frame=3,7,49,550,15,10,11,16
frame=4,0,0,4522,8,8,-8,11
frame=4,1,9,4517,8,10,-11,7
frame=4,2,57,1645,7,11,-6,3
frame=4,3,9,4506,9,11,7,1
frame=4,4,49,4501,12,10,17,3
frame=4,5,26,4518,8,4,19,4
frame=4,7,57,1656,7,5,0,13
frame=5,0,0,1229,46,8,-8,11
frame=5,1,0,2795,38,19,-12,4
frame=5,2,49,560,13,26,-6,-1
frame=5,3,0,4362,31,22,30,-2
frame=5,4,0,1307,45,9,53,0
frame=5,5,0,2999,37,16,49,17
frame=5,6,53,138,11,22,17,29
frame=5,7,34,3594,30,19,-1,27

[melee]
frames=4
duration=3
type=play_once
frame=0,0,0,0,58,45,11,66
frame=0,1,0,1237,45,40,0,54
frame=0,2,44,1378,20,43,-8,49
frame=0,3,0,1463,44,39,16,47
frame=0,4,0,45,54,45,31,55
frame=0,5,0,2814,37,56,28,66
frame=0,6,42,1827,21,63,13,74
frame=0,7,0,796,47,53,16,74
frame=1,0,0,1801,42,61,19,79
frame=1,1,0,1896,41,54,7,77
frame=1,2,34,3545,30,49,-9,70
frame=1,3,38,2732,26,48,-9,63
frame=1,4,0,3533,34,53,4,60
frame=1,5,32,4129,32,59,15,62
frame=1,6,43,1697,21,66,19,69
frame=1,7,33,3912,31,65,22,75
frame=2,0,0,599,48,35,61,45
frame=2,1,0,4206,32,44,38,64
frame=2,2,47,873,17,52,-4,70
frame=2,3,0,1374,44,45,-17,58
frame=2,4,0,1533,44,31,-20,36
frame=2,5,0,2746,38,28,-10,17
frame=2,6,50,426,14,32,10,15
frame=2,7,0,1983,41,29,50,23
frame=3,0,34,3652,29,25,40,21
frame=3,1,0,4064,33,18,34,26
frame=3,2,44,1667,13,15,8,27
frame=3,3,50,4434,13,14,-10,24
frame=3,4,34,3858,27,16,-13,19
frame=3,5,37,3011,27,26,-7,14
frame=3,6,49,4511,9,30,1,10
frame=3,7,46,1145,18,33,23,16

[hit]
frames=2
duration=2
type=play_once
frame=0,0,0,2581,39,16,20,28
frame=0,1,50,458,14,17,-8,24
frame=0,2,26,4400,26,17,-8,19
frame=0,3,0,2253,40,22,2,16
frame=0,4,0,3835,34,35,12,19
frame=0,5,52,180,12,42,16,24
frame=0,6,31,4317,31,38,32,28
frame=0,7,0,1623,44,22,36,27
frame=1,0,44,1554,19,17,2,28
frame=1,1,0,4488,10,18,-10,24
frame=1,2,46,1210,18,22,-6,20
frame=1,3,44,1421,20,27,2,18
frame=1,4,50,4448,12,32,10,20
frame=1,5,52,264,12,34,17,25
frame=1,6,0,4420,25,27,24,26
frame=1,7,34,3814,27,22,18,29

[block]
frames=2
duration=1
type=play_once
frame=0,0,0,581,49,18,28,31
frame=0,1,44,1511,19,23,-6,30
frame=0,2,40,2290,24,30,-10,31
frame=0,3,0,1209,46,20,2,18
frame=0,4,0,988,47,29,14,18
frame=0,5,40,2251,24,39,18,24
frame=0,6,42,1890,21,37,29,28
frame=0,7,0,770,48,26,39,31
frame=1,0,0,1070,47,16,26,28
frame=1,1,44,1534,19,20,-6,26
frame=1,2,42,1803,22,24,-9,25
frame=1,3,0,1667,44,18,3,16
frame=1,4,0,1594,44,29,14,17
frame=1,5,41,1927,23,40,18,24
frame=1,6,44,1475,19,36,28,26
frame=1,7,0,1045,47,25,37,28
