
image=images/avatar/male/hand_axe.png

[stance]
frames=4
duration=800ms
type=back_forth
frame=0,0,186,64,28,21,8,35
frame=0,1,240,441,13,19,-13,28
frame=0,2,73,461,17,27,-12,29
frame=0,3,214,82,28,21,0,21
frame=0,4,29,85,28,23,12,18
frame=0,5,40,433,19,28,19,24
frame=0,6,64,363,16,28,23,31
frame=0,7,218,0,29,20,22,32
frame=1,0,64,58,29,21,9,35
frame=1,1,179,375,13,18,-13,27
frame=1,2,90,461,17,27,-12,29
frame=1,3,154,65,28,21,0,21
frame=1,4,0,101,28,23,12,18
frame=1,5,124,460,19,28,19,24
frame=1,6,133,343,16,27,23,30
frame=1,7,218,20,29,20,22,32
frame=2,0,0,124,28,22,9,36
frame=2,1,19,461,18,27,-8,36
frame=2,2,37,461,18,27,-12,30
frame=2,3,56,127,28,22,-1,22
frame=2,4,57,104,28,23,11,18
frame=2,5,55,461,18,27,18,23
frame=2,6,180,421,16,26,24,29
frame=2,7,218,40,29,20,23,32
frame=3,0,28,131,28,22,10,36
frame=3,1,107,461,17,27,-7,36
frame=3,2,0,461,19,27,-11,30
frame=3,3,0,146,28,22,-1,22
frame=3,4,28,108,28,23,11,18
frame=3,5,172,393,18,28,17,23
frame=3,6,190,393,16,26,24,28
frame=3,7,157,46,29,19,23,31

[hit]
frames=2
duration=133ms
type=play_once
frame=0,0,141,297,24,16,5,28
frame=0,1,226,453,14,17,-9,23
frame=0,2,210,437,16,17,-8,18
frame=0,3,0,235,23,20,2,16
frame=0,4,22,277,22,25,13,18
frame=0,5,169,422,11,29,16,24
frame=0,6,196,419,11,26,19,28
frame=0,7,118,178,25,18,17,26
frame=1,0,226,433,14,20,-4,28
frame=1,1,164,348,10,19,-11,24
frame=1,2,149,348,15,22,-6,20
frame=1,3,76,437,17,24,3,18
frame=1,4,168,195,14,26,11,20
frame=1,5,173,123,9,28,15,25
frame=1,6,162,370,17,23,17,26
frame=1,7,21,344,21,22,11,31

[die]
frames=6
duration=800ms
type=play_once
frame=0,0,141,297,24,16,5,28
frame=0,1,226,453,14,17,-9,23
frame=0,2,210,437,16,17,-8,18
frame=0,3,0,235,23,20,2,16
frame=0,4,22,277,22,25,13,18
frame=0,5,169,422,11,29,16,24
frame=0,6,196,419,11,26,19,28
frame=0,7,118,178,25,18,17,26
frame=1,0,226,433,14,20,-4,28
frame=1,1,164,348,10,19,-11,24
frame=1,2,149,348,15,22,-6,20
frame=1,3,76,437,17,24,3,18
frame=1,4,168,195,14,26,11,20
frame=1,5,173,123,9,28,15,25
frame=1,6,162,370,17,23,17,26
frame=1,7,21,344,21,22,11,31
frame=2,0,207,416,16,21,0,26
frame=2,1,72,215,9,16,-11,21
frame=2,2,83,160,10,21,-8,17
frame=2,3,80,353,13,21,1,14
frame=2,4,133,370,11,24,10,16
frame=2,5,85,104,8,25,14,20
frame=2,6,241,384,11,21,16,22
frame=2,7,241,370,12,14,11,20
frame=3,0,192,375,13,16,-2,21
frame=3,1,72,240,8,14,-12,17
frame=3,2,245,79,8,16,-9,12
frame=3,3,241,425,11,16,1,9
frame=3,4,245,60,8,19,10,11
frame=3,5,247,0,6,20,15,15
frame=3,6,226,470,10,17,17,18
frame=3,7,40,422,15,10,10,16
frame=4,0,174,330,7,7,-8,11
frame=4,1,156,313,8,9,-10,7
frame=4,2,55,422,7,11,-5,3
frame=4,3,247,20,6,10,5,1
frame=4,4,72,231,9,9,15,4
frame=4,5,156,322,7,8,18,9
frame=4,6,31,37,3,2,9,13
frame=4,7,31,39,3,2,0,14
frame=5,0,93,260,23,6,-8,9
frame=5,1,181,335,20,12,-11,4
frame=5,2,104,379,10,15,-5,0
frame=5,3,189,473,18,14,17,-2
frame=5,4,49,234,23,7,31,0
frame=5,5,137,335,19,8,30,9
frame=5,6,240,460,10,10,14,17
frame=5,7,173,479,16,9,-1,17

[cast]
frames=4
duration=400ms
type=play_once
frame=0,0,93,74,28,33,16,53
frame=0,1,0,305,21,38,-4,55
frame=0,2,236,126,17,39,-18,49
frame=0,3,126,62,28,38,-12,41
frame=0,4,67,0,31,34,3,34
frame=0,5,207,142,25,32,16,33
frame=0,6,140,428,17,31,24,38
frame=0,7,182,241,24,28,28,46
frame=1,0,182,295,23,40,11,64
frame=1,1,44,295,21,43,-2,66
frame=1,2,182,196,24,45,-9,62
frame=1,3,143,207,24,47,-10,56
frame=1,4,118,212,24,46,-3,51
frame=1,5,93,130,26,45,12,51
frame=1,6,22,302,21,42,21,54
frame=1,7,93,175,25,39,19,58
frame=2,0,42,380,20,42,-2,67
frame=2,1,93,336,21,43,-9,64
frame=2,2,182,127,25,45,-9,58
frame=2,3,93,214,24,46,-3,53
frame=2,4,43,338,21,42,6,52
frame=2,5,232,165,21,46,18,55
frame=2,6,189,0,29,44,22,61
frame=2,7,27,175,26,40,13,65
frame=3,0,98,394,19,42,-9,65
frame=3,1,230,254,23,42,-12,59
frame=3,2,142,254,24,43,-8,52
frame=3,3,93,266,22,45,2,49
frame=3,4,62,391,18,46,12,51
frame=3,5,169,151,13,44,21,57
frame=3,6,55,171,26,44,19,63
frame=3,7,117,258,24,43,7,67

[swing]
frames=4
duration=400ms
type=play_once
frame=0,0,0,0,34,37,11,58
frame=0,1,154,86,27,37,0,55
frame=0,2,117,394,18,37,-8,50
frame=0,3,129,0,30,37,1,48
frame=0,4,34,0,33,40,10,49
frame=0,5,230,211,23,43,14,53
frame=0,6,114,348,19,46,13,57
frame=0,7,0,37,31,43,16,59
frame=1,0,182,85,27,42,20,60
frame=1,1,119,139,25,39,7,62
frame=1,2,21,381,20,38,-9,60
frame=1,3,23,239,22,38,-13,53
frame=1,4,206,197,24,40,-7,47
frame=1,5,115,301,22,42,4,44
frame=1,6,167,221,15,44,14,47
frame=1,7,80,394,18,43,22,53
frame=2,0,159,20,29,26,42,35
frame=2,1,0,413,20,27,27,47
frame=2,2,80,243,13,33,-3,51
frame=2,3,206,237,24,31,-17,44
frame=2,4,34,40,30,24,-20,29
frame=2,5,182,172,25,24,-10,17
frame=2,6,93,437,11,24,6,13
frame=2,7,26,215,23,24,33,20
frame=3,0,144,370,18,23,29,21
frame=3,1,49,215,23,19,24,26
frame=3,2,210,454,11,12,6,24
frame=3,3,93,379,11,15,-10,24
frame=3,4,21,366,21,15,-12,18
frame=3,5,0,365,21,21,-6,14
frame=3,6,80,328,13,25,4,13
frame=3,7,67,281,13,26,18,16

[run]
frames=8
duration=533ms
type=looped
frame=0,0,159,0,30,20,18,32
frame=0,1,0,343,21,22,7,34
frame=0,2,162,451,11,29,-8,36
frame=0,3,182,269,24,26,-3,30
frame=0,4,31,64,29,21,4,23
frame=0,5,206,268,24,27,10,24
frame=0,6,81,213,12,30,12,28
frame=0,7,205,295,23,27,20,31
frame=1,0,217,60,28,22,10,32
frame=1,1,205,374,18,19,-5,28
frame=1,2,206,393,11,23,-8,27
frame=1,3,0,285,22,20,1,22
frame=1,4,56,149,27,22,10,22
frame=1,5,45,241,22,28,15,27
frame=1,6,84,129,9,31,11,32
frame=1,7,93,311,22,25,15,31
frame=2,0,184,447,15,26,-2,34
frame=2,1,20,441,20,20,-6,27
frame=2,2,217,393,11,21,-6,22
frame=2,3,20,419,20,22,7,22
frame=2,4,228,296,23,26,17,26
frame=2,5,165,299,17,31,18,33
frame=2,6,67,254,13,27,11,33
frame=2,7,121,431,19,29,8,38
frame=3,0,0,188,26,25,4,33
frame=3,1,0,440,20,21,-5,27
frame=3,2,241,405,11,20,-7,23
frame=3,3,207,468,19,20,5,21
frame=3,4,228,322,23,24,14,25
frame=3,5,143,459,19,29,16,30
frame=3,6,199,445,11,23,10,35
frame=3,7,156,330,18,18,9,25
frame=4,0,60,79,28,25,12,32
frame=4,1,144,171,25,20,5,28
frame=4,2,80,374,13,20,-5,25
frame=4,3,223,374,18,19,0,22
frame=4,4,0,213,26,22,8,23
frame=4,5,205,322,23,26,12,26
frame=4,6,242,95,11,31,10,31
frame=4,7,65,307,15,28,13,31
frame=5,0,188,44,29,20,22,29
frame=5,1,28,153,27,22,13,35
frame=5,2,80,303,13,25,-4,33
frame=5,3,0,386,20,27,-6,32
frame=5,4,0,80,29,21,0,24
frame=5,5,209,103,27,23,7,21
frame=5,6,65,335,15,28,10,24
frame=5,7,205,348,19,26,18,27
frame=6,0,97,50,29,24,27,35
frame=6,1,144,142,25,29,18,42
frame=6,2,166,265,16,34,-1,45
frame=6,3,135,394,19,34,-9,41
frame=6,4,98,22,30,28,-5,32
frame=6,5,128,37,29,25,2,25
frame=6,6,104,436,17,25,9,22
frame=6,7,59,437,17,24,20,26
frame=7,0,98,0,31,22,24,33
frame=7,1,228,346,23,24,13,39
frame=7,2,81,181,12,32,-6,41
frame=7,3,0,255,22,30,-7,35
frame=7,4,67,34,30,24,-1,27
frame=7,5,121,100,27,23,7,21
frame=7,6,80,276,13,27,11,24
frame=7,7,45,269,22,26,21,28

[block]
frames=2
duration=66ms
type=play_once
frame=0,0,209,126,27,16,6,30
frame=0,1,137,313,19,22,-7,29
frame=0,2,174,347,14,23,-11,24
frame=0,3,147,123,26,19,2,17
frame=0,4,93,107,27,23,14,18
frame=0,5,154,393,18,29,19,25
frame=0,6,157,422,12,29,20,31
frame=0,7,0,168,27,20,18,30
frame=1,0,120,123,27,16,6,28
frame=1,1,223,414,18,19,-7,25
frame=1,2,228,393,13,20,-10,20
frame=1,3,143,191,25,16,3,14
frame=1,4,207,174,25,23,14,17
frame=1,5,188,347,17,28,19,24
frame=1,6,173,451,11,28,19,30
frame=1,7,118,196,25,16,16,25
