
image=images/avatar/male/iron_buckler.png

[stance]
frames=4
duration=6
type=back_forth
frame=0,0,256,108,24,32,18,35
frame=0,1,280,106,15,34,14,40
frame=0,2,171,199,26,32,13,42
frame=0,3,343,96,30,29,7,41
frame=0,4,404,65,23,32,-3,39
frame=0,5,227,231,12,34,-9,35
frame=0,6,264,37,26,33,5,32
frame=0,7,168,104,31,31,16,32
frame=1,0,341,33,24,32,18,35
frame=1,1,273,386,15,34,14,40
frame=1,2,402,159,25,31,13,42
frame=1,3,342,154,30,29,7,41
frame=1,4,404,97,23,31,-3,38
frame=1,5,223,198,12,33,-9,35
frame=1,6,146,249,25,31,4,31
frame=1,7,396,35,31,30,16,31
frame=2,0,100,280,24,33,19,35
frame=2,1,387,264,15,34,14,40
frame=2,2,201,231,26,31,13,41
frame=2,3,344,125,31,29,7,41
frame=2,4,404,128,23,31,-3,38
frame=2,5,367,354,13,33,-9,34
frame=2,6,147,346,25,31,4,31
frame=2,7,373,65,31,30,16,31
frame=3,0,225,386,24,32,19,34
frame=3,1,427,174,14,33,14,39
frame=3,2,263,261,25,31,13,41
frame=3,3,197,76,30,28,7,40
frame=3,4,288,140,23,31,-3,38
frame=3,5,354,403,13,33,-9,34
frame=3,6,263,292,25,31,4,30
frame=3,7,372,156,30,29,16,30

[shoot]
frames=4
duration=3
type=play_once
frame=0,0,141,166,30,30,21,32
frame=0,1,124,280,24,33,22,38
frame=0,2,383,298,15,34,13,44
frame=0,3,199,418,25,30,8,44
frame=0,4,77,145,28,29,-2,41
frame=0,5,263,323,24,32,-6,37
frame=0,6,226,265,13,35,-8,33
frame=0,7,148,280,24,33,9,31
frame=1,0,267,0,33,34,27,42
frame=1,1,58,333,23,37,21,49
frame=1,2,59,212,18,38,9,54
frame=1,3,31,212,28,38,0,53
frame=1,4,167,0,33,37,-4,48
frame=1,5,59,407,24,38,-8,42
frame=1,6,57,114,20,38,-1,38
frame=1,7,365,0,31,34,18,37
frame=2,0,134,0,33,38,27,45
frame=2,1,32,291,26,39,23,51
frame=2,2,58,293,20,40,10,56
frame=2,3,54,370,27,37,0,55
frame=2,4,200,0,34,36,-4,50
frame=2,5,32,330,26,38,-8,44
frame=2,6,32,42,17,40,-4,41
frame=2,7,30,410,29,38,16,40
frame=3,0,311,182,30,28,19,30
frame=3,1,224,418,25,30,21,35
frame=3,2,383,332,15,34,13,41
frame=3,3,325,354,21,29,8,41
frame=3,4,335,324,24,30,-2,40
frame=3,5,200,295,26,32,-3,37
frame=3,6,288,385,15,34,-6,33
frame=3,7,313,292,22,31,6,30

[run]
frames=8
duration=2
type=looped
frame=0,0,136,38,31,33,9,34
frame=0,1,229,104,27,34,15,35
frame=0,2,295,106,16,34,13,38
frame=0,3,287,323,24,31,16,40
frame=0,4,311,96,32,29,14,42
frame=0,5,346,354,21,29,-2,40
frame=0,6,427,106,14,34,-7,40
frame=0,7,77,208,23,35,-1,37
frame=1,0,199,104,30,31,14,33
frame=1,1,171,166,26,33,18,36
frame=1,2,226,300,15,35,13,40
frame=1,3,359,324,24,30,12,40
frame=1,4,105,138,31,29,8,41
frame=1,5,311,323,24,31,-2,39
frame=1,6,358,261,13,35,-8,37
frame=1,7,83,403,23,34,3,34
frame=2,0,141,196,30,30,18,33
frame=2,1,148,377,24,33,18,38
frame=2,2,315,406,13,34,11,43
frame=2,3,239,224,25,32,9,43
frame=2,4,200,327,26,30,0,41
frame=2,5,104,313,22,34,-4,39
frame=2,6,427,140,14,34,-6,35
frame=2,7,197,198,26,33,8,33
frame=3,0,136,135,30,31,16,34
frame=3,1,175,403,24,33,17,38
frame=3,2,427,36,14,35,12,42
frame=3,3,105,368,26,33,11,43
frame=3,4,166,135,30,31,6,42
frame=3,5,239,256,24,33,-2,40
frame=3,6,427,71,14,35,-7,37
frame=3,7,106,401,25,33,6,34
frame=4,0,365,34,31,31,12,34
frame=4,1,147,313,25,33,15,36
frame=4,2,427,0,14,36,12,40
frame=4,3,172,370,25,33,14,41
frame=4,4,373,95,31,30,10,42
frame=4,5,241,322,22,32,-2,41
frame=4,6,280,70,13,36,-8,40
frame=4,7,117,167,24,34,2,36
frame=5,0,167,37,30,34,5,35
frame=5,1,197,165,27,33,12,34
frame=5,2,226,335,15,35,13,37
frame=5,3,288,259,23,33,18,40
frame=5,4,196,135,31,30,17,43
frame=5,5,399,190,28,31,7,44
frame=5,6,131,347,16,35,-6,43
frame=5,7,78,243,22,35,-4,39
frame=6,0,396,0,31,35,1,37
frame=6,1,49,40,30,36,10,35
frame=6,2,290,34,20,36,14,36
frame=6,3,215,36,19,34,20,40
frame=6,4,224,165,30,30,21,43
frame=6,5,375,125,29,31,11,46
frame=6,6,100,210,17,35,-5,45
frame=6,7,100,245,21,35,-7,41
frame=7,0,105,38,31,34,5,35
frame=7,1,77,77,28,34,12,34
frame=7,2,131,382,17,35,14,36
frame=7,3,311,259,23,33,19,40
frame=7,4,311,153,31,29,18,42
frame=7,5,284,171,27,31,7,44
frame=7,6,425,237,16,35,-6,43
frame=7,7,78,278,22,35,-5,39

[die]
frames=6
duration=4
type=play_once
frame=0,0,398,305,24,29,20,30
frame=0,1,260,416,13,31,14,35
frame=0,2,303,354,22,29,12,38
frame=0,3,227,138,29,27,6,37
frame=0,4,402,250,23,29,-3,34
frame=0,5,249,416,11,32,-10,31
frame=0,6,281,355,22,30,3,27
frame=0,7,172,342,28,28,16,26
frame=1,0,200,357,26,29,22,29
frame=1,1,427,207,14,30,15,34
frame=1,2,273,420,21,27,12,36
frame=1,3,283,202,28,25,6,35
frame=1,4,402,279,23,26,-4,32
frame=1,5,380,414,12,30,-9,29
frame=1,6,264,195,19,31,2,26
frame=1,7,341,212,28,28,16,25
frame=2,0,425,272,16,25,16,26
frame=2,1,367,417,13,26,10,30
frame=2,2,398,334,24,25,7,30
frame=2,3,121,257,25,23,0,26
frame=2,4,380,388,17,26,-4,24
frame=2,5,425,297,16,25,0,20
frame=2,6,328,383,25,22,13,19
frame=2,7,104,347,26,21,20,21
frame=3,0,397,403,21,22,19,21
frame=3,1,331,236,10,23,10,25
frame=3,2,380,366,18,22,7,26
frame=3,3,78,313,26,20,3,23
frame=3,4,121,235,20,22,-2,21
frame=3,5,388,241,9,23,-5,17
frame=3,6,422,322,19,23,8,16
frame=3,7,341,240,26,21,19,17
frame=4,0,422,345,19,23,22,15
frame=4,1,421,381,18,19,18,18
frame=4,2,422,368,19,13,11,18
frame=4,3,175,436,21,12,3,16
frame=4,4,57,152,17,16,-5,13
frame=4,5,353,383,14,20,-4,10
frame=4,6,392,425,21,22,8,9
frame=4,7,306,236,25,23,20,11
frame=5,0,367,241,21,19,25,13
frame=5,1,418,403,21,15,19,17
frame=5,2,328,439,22,9,9,15
frame=5,3,83,437,23,9,-1,12
frame=5,4,106,434,18,14,-7,9
frame=5,5,413,425,18,18,-1,6
frame=5,6,398,381,23,22,13,6
frame=5,7,398,359,24,22,24,9

[cast]
frames=4
duration=3
type=play_once
frame=0,0,0,290,32,39,25,42
frame=0,1,79,40,26,37,23,47
frame=0,2,77,111,28,34,16,50
frame=0,3,311,125,33,28,7,48
frame=0,4,341,183,29,29,-5,44
frame=0,5,81,333,23,35,-8,41
frame=0,6,256,70,24,38,0,38
frame=0,7,0,329,32,39,16,38
frame=1,0,0,42,32,42,23,46
frame=1,1,0,0,33,42,28,52
frame=1,2,0,126,30,42,20,58
frame=1,3,0,410,30,38,8,58
frame=1,4,300,0,33,33,-3,53
frame=1,5,136,71,32,32,-7,46
frame=1,6,51,76,26,38,-4,43
frame=1,7,28,368,26,42,8,43
frame=2,0,0,84,31,42,17,46
frame=2,1,67,0,33,40,27,50
frame=2,2,31,168,24,44,22,58
frame=2,3,58,250,20,43,8,62
frame=2,4,0,168,31,41,1,60
frame=2,5,100,0,34,38,-5,54
frame=2,6,30,126,27,42,-8,49
frame=2,7,55,168,18,44,-2,46
frame=3,0,0,250,32,40,16,43
frame=3,1,234,0,33,37,27,47
frame=3,2,32,250,26,41,23,55
frame=3,3,197,37,18,39,11,61
frame=3,4,0,209,31,41,3,60
frame=3,5,33,0,34,40,-5,55
frame=3,6,0,368,28,42,-9,49
frame=3,7,31,84,20,42,-4,44

[swing]
frames=4
duration=3
type=play_once
frame=0,0,370,185,29,31,18,30
frame=0,1,288,292,25,31,23,34
frame=0,2,371,260,16,34,16,40
frame=0,3,334,261,24,31,11,42
frame=0,4,171,253,29,27,3,40
frame=0,5,249,386,24,30,-6,37
frame=0,6,328,405,13,34,-10,33
frame=0,7,241,289,22,33,4,30
frame=1,0,199,386,26,32,13,28
frame=1,1,172,280,28,31,22,31
frame=1,2,335,292,23,32,21,36
frame=1,3,367,387,13,30,13,39
frame=1,4,369,216,28,25,7,38
frame=1,5,303,383,25,23,-5,34
frame=1,6,294,419,21,29,-6,32
frame=1,7,241,354,16,32,-2,29
frame=2,0,257,355,24,31,5,31
frame=2,1,168,71,29,33,14,33
frame=2,2,234,37,30,33,19,35
frame=2,3,172,311,28,31,18,37
frame=2,4,397,221,28,29,13,38
frame=2,5,141,226,30,23,8,35
frame=2,6,171,231,30,22,3,32
frame=2,7,358,296,25,28,1,32
frame=3,0,235,195,29,29,6,34
frame=3,1,131,417,29,31,9,35
frame=3,2,105,72,31,33,14,36
frame=3,3,310,33,31,32,16,37
frame=3,4,311,65,31,31,15,38
frame=3,5,254,166,30,29,12,38
frame=3,6,256,140,32,26,9,36
frame=3,7,311,210,30,26,6,34

[hit]
frames=2
duration=2
type=play_once
frame=0,0,398,305,24,29,20,30
frame=0,1,260,416,13,31,14,35
frame=0,2,303,354,22,29,12,38
frame=0,3,227,138,29,27,6,37
frame=0,4,402,250,23,29,-3,34
frame=0,5,249,416,11,32,-10,31
frame=0,6,281,355,22,30,3,27
frame=0,7,172,342,28,28,16,26
frame=1,0,200,357,26,29,22,29
frame=1,1,427,207,14,30,15,34
frame=1,2,273,420,21,27,12,36
frame=1,3,283,202,28,25,6,35
frame=1,4,402,279,23,26,-4,32
frame=1,5,380,414,12,30,-9,29
frame=1,6,264,195,19,31,2,26
frame=1,7,341,212,28,28,16,25

[block]
frames=2
duration=1
type=play_once
frame=0,0,293,70,18,36,16,41
frame=0,1,341,405,13,34,14,44
frame=0,2,342,65,31,31,11,45
frame=0,3,281,227,25,32,-2,43
frame=0,4,264,226,17,35,-8,40
frame=0,5,126,313,21,34,-2,36
frame=0,6,105,105,31,33,12,34
frame=0,7,227,70,29,34,19,36
frame=1,0,100,174,17,36,16,42
frame=1,1,81,368,24,35,15,46
frame=1,2,136,103,32,32,10,46
frame=1,3,200,262,26,33,-2,44
frame=1,4,160,410,15,36,-10,41
frame=1,5,117,201,24,34,0,36
frame=1,6,333,0,32,33,13,35
frame=1,7,73,174,27,34,19,37
