
image=images/avatar/male/leather_boots.png

[stance]
frames=4
duration=6
type=back_forth
frame=0,0,0,493,36,20,15,15
frame=0,1,35,636,35,20,16,17
frame=0,2,45,1421,22,27,10,19
frame=0,3,70,651,21,28,10,19
frame=0,4,35,614,35,22,19,17
frame=0,5,0,827,34,17,18,14
frame=0,6,44,1540,21,22,10,14
frame=0,7,20,1654,19,24,7,16
frame=1,0,36,493,36,20,16,15
frame=1,1,0,513,36,20,17,17
frame=1,2,0,1411,22,27,10,19
frame=1,3,70,679,21,28,10,19
frame=1,4,0,604,35,23,19,17
frame=1,5,35,695,35,17,18,14
frame=1,6,0,1489,22,22,10,14
frame=1,7,0,1670,19,23,7,15
frame=2,0,36,513,36,20,16,15
frame=2,1,0,533,36,20,17,17
frame=2,2,22,1436,22,27,10,19
frame=2,3,70,707,21,28,10,19
frame=2,4,0,427,36,22,19,17
frame=2,5,35,712,35,16,18,13
frame=2,6,22,1511,22,21,10,13
frame=2,7,18,1733,18,23,7,15
frame=3,0,0,336,37,20,16,15
frame=3,1,0,648,35,20,16,17
frame=3,2,0,1438,22,27,10,19
frame=3,3,41,1582,20,26,10,17
frame=3,4,36,428,36,22,19,17
frame=3,5,0,706,35,17,18,14
frame=3,6,66,1493,22,22,10,14
frame=3,7,59,1658,19,23,7,15

[run]
frames=8
duration=2
type=looped
frame=0,0,66,902,25,28,-1,25
frame=0,1,65,1055,26,24,3,19
frame=0,2,0,1747,18,22,6,17
frame=0,3,40,1632,20,20,13,17
frame=0,4,66,1034,25,21,21,22
frame=0,5,66,958,25,26,18,29
frame=0,6,75,1681,16,30,6,32
frame=0,7,39,1677,18,31,-1,31
frame=1,0,60,1226,30,18,2,18
frame=1,1,40,1608,20,24,-1,16
frame=1,2,52,1756,16,25,5,15
frame=1,3,60,1204,30,22,20,15
frame=1,4,0,958,33,20,25,18
frame=1,5,23,1387,23,21,18,22
frame=1,6,76,249,15,17,6,21
frame=1,7,64,1101,27,17,4,21
frame=2,0,0,24,50,17,15,18
frame=2,1,33,877,33,28,9,20
frame=2,2,71,1725,16,28,6,17
frame=2,3,50,21,40,22,25,17
frame=2,4,0,41,47,24,31,22
frame=2,5,0,1203,30,37,20,31
frame=2,6,74,303,17,33,6,26
frame=2,7,47,43,44,32,14,28
frame=3,0,50,0,41,21,9,22
frame=3,1,64,1079,27,22,4,17
frame=3,2,32,1782,16,23,6,16
frame=3,3,33,991,33,19,23,17
frame=3,4,0,263,37,29,28,26
frame=3,5,25,1252,24,38,18,33
frame=3,6,73,1265,18,35,6,31
frame=3,7,38,254,37,33,9,31
frame=4,0,30,1231,25,21,-1,22
frame=4,1,42,1562,21,20,2,17
frame=4,2,34,1760,16,22,6,17
frame=4,3,66,1010,25,24,18,19
frame=4,4,66,930,25,28,21,25
frame=4,5,72,449,19,31,13,31
frame=4,6,74,336,17,30,6,32
frame=4,7,66,984,25,26,2,29
frame=5,0,31,1148,31,21,3,19
frame=5,1,62,1141,29,21,5,15
frame=5,2,54,1730,16,26,6,16
frame=5,3,0,1465,22,24,16,16
frame=5,4,33,971,33,20,25,18
frame=5,5,0,1186,31,17,21,20
frame=5,6,48,1782,16,19,6,22
frame=5,7,0,1648,20,22,0,23
frame=6,0,0,0,50,24,15,22
frame=6,1,47,75,43,24,14,18
frame=6,2,74,395,17,28,6,17
frame=6,3,30,1204,30,27,20,19
frame=6,4,0,65,47,17,31,18
frame=6,5,0,98,39,32,25,28
frame=6,6,78,99,12,29,2,22
frame=6,7,0,877,33,37,9,31
frame=7,0,37,287,37,27,6,24
frame=7,1,0,807,34,20,7,17
frame=7,2,54,1708,17,22,6,15
frame=7,3,0,1533,22,20,17,15
frame=7,4,34,790,34,21,26,21
frame=7,5,0,1112,31,31,22,29
frame=7,6,75,266,16,37,6,33
frame=7,7,0,1261,24,36,2,32

[shoot]
frames=4
duration=3
type=play_once
frame=0,0,0,914,33,22,13,17
frame=0,1,0,998,33,19,15,16
frame=0,2,23,1337,23,25,10,18
frame=0,3,72,538,19,26,10,18
frame=0,4,33,928,33,22,18,17
frame=0,5,0,1095,32,17,17,14
frame=0,6,66,1515,22,22,10,15
frame=0,7,0,1782,16,24,5,17
frame=1,0,0,1143,31,22,12,17
frame=1,1,0,978,33,20,14,16
frame=1,2,44,1448,22,26,10,18
frame=1,3,72,564,19,26,10,18
frame=1,4,0,1165,31,21,18,16
frame=1,5,31,1187,31,17,17,15
frame=1,6,0,1553,21,22,10,16
frame=1,7,76,224,15,25,4,18
frame=2,0,31,1125,31,23,12,18
frame=2,1,32,1089,32,19,14,16
frame=2,2,0,1344,23,25,10,18
frame=2,3,36,1708,18,26,9,18
frame=2,4,0,1074,32,21,18,16
frame=2,5,31,1169,31,18,17,15
frame=2,6,0,1511,22,22,11,16
frame=2,7,68,1756,16,25,5,18
frame=3,0,0,936,33,22,13,17
frame=3,1,33,1010,33,19,15,16
frame=3,2,46,1345,23,25,10,18
frame=3,3,60,1632,19,26,10,18
frame=3,4,0,1052,32,22,18,17
frame=3,5,32,1108,32,17,17,14
frame=3,6,21,1553,21,22,10,15
frame=3,7,16,1782,16,24,5,17

[cast]
frames=4
duration=3
type=play_once
frame=0,0,0,785,34,22,16,17
frame=0,1,36,533,36,20,18,17
frame=0,2,48,1293,23,26,11,19
frame=0,3,19,1678,18,28,8,20
frame=0,4,0,739,34,23,17,17
frame=0,5,0,723,35,16,17,13
frame=0,6,46,1370,23,22,11,14
frame=0,7,64,1781,16,25,7,16
frame=1,0,33,905,33,23,16,18
frame=1,1,34,811,34,19,17,16
frame=1,2,24,1311,23,26,10,19
frame=1,3,0,1693,18,27,8,19
frame=1,4,33,950,33,21,16,16
frame=1,5,0,1017,33,18,16,14
frame=1,6,70,1330,21,23,10,15
frame=1,7,74,423,17,26,7,18
frame=2,0,34,744,34,23,16,18
frame=2,1,35,656,35,20,17,17
frame=2,2,47,1319,23,26,10,19
frame=2,3,18,1706,18,27,8,19
frame=2,4,32,1068,32,21,16,16
frame=2,5,33,1029,33,17,16,14
frame=2,6,66,1469,22,24,11,16
frame=2,7,36,1734,16,26,7,18
frame=3,0,0,762,34,23,16,18
frame=3,1,0,668,35,19,17,16
frame=3,2,0,1318,23,26,10,19
frame=3,3,0,1720,18,27,8,19
frame=3,4,33,1046,32,22,16,16
frame=3,5,34,830,34,17,17,14
frame=3,6,22,1488,22,23,11,15
frame=3,7,18,1756,16,26,7,18

[die]
frames=6
duration=4
type=play_once
frame=0,0,0,210,38,20,15,15
frame=0,1,38,219,38,19,15,16
frame=0,2,72,511,19,27,7,18
frame=0,3,0,1595,20,28,9,18
frame=0,4,0,627,35,21,20,15
frame=0,5,36,572,36,18,21,13
frame=0,6,22,1463,22,25,12,17
frame=0,7,40,1652,19,25,8,17
frame=1,0,36,553,36,19,15,14
frame=1,1,0,152,39,20,16,17
frame=1,2,68,874,23,28,9,20
frame=1,3,74,366,17,29,7,18
frame=1,4,34,767,34,23,18,17
frame=1,5,0,395,37,16,21,13
frame=1,6,23,1362,23,25,12,17
frame=1,7,76,198,15,26,6,18
frame=2,0,39,165,39,18,13,14
frame=2,1,0,292,37,23,12,17
frame=2,2,71,590,20,31,7,19
frame=2,3,49,1265,24,28,13,16
frame=2,4,0,230,38,17,24,13
frame=2,5,0,687,35,19,23,14
frame=2,6,57,1681,18,27,10,19
frame=2,7,67,1442,22,27,8,19
frame=3,0,37,394,37,18,11,14
frame=3,1,36,590,35,24,10,17
frame=3,2,72,480,19,31,7,19
frame=3,3,64,1118,26,23,14,11
frame=3,4,0,82,40,16,25,12
frame=3,5,0,411,37,16,24,13
frame=3,6,71,1711,17,14,8,9
frame=3,7,0,1369,23,24,8,19
frame=4,0,39,183,39,15,9,4
frame=4,1,34,847,34,16,14,3
frame=4,2,24,1290,24,21,21,6
frame=4,3,0,1393,23,18,26,9
frame=4,4,34,863,34,14,30,14
frame=4,5,0,1035,33,17,19,15
frame=4,6,22,1532,22,21,1,17
frame=4,7,62,1162,29,21,3,13
frame=5,0,0,589,36,15,5,4
frame=5,1,0,861,34,16,13,2
frame=5,2,0,1240,25,21,24,6
frame=5,3,0,1297,24,21,28,12
frame=5,4,37,412,37,16,31,17
frame=5,5,0,844,34,17,19,18
frame=5,6,55,1244,25,21,0,19
frame=5,7,62,1183,26,21,-2,14

[swing]
frames=4
duration=3
type=play_once
frame=0,0,37,336,37,20,15,16
frame=0,1,0,449,36,22,16,18
frame=0,2,21,1575,20,29,9,21
frame=0,3,68,788,23,29,11,20
frame=0,4,37,314,37,22,19,17
frame=0,5,37,376,37,18,19,15
frame=0,6,70,735,21,23,10,16
frame=0,7,0,1623,20,25,7,17
frame=1,0,0,356,37,20,16,15
frame=1,1,0,376,37,19,17,16
frame=1,2,71,1300,20,30,9,22
frame=1,3,68,758,23,30,10,21
frame=1,4,39,99,39,23,19,18
frame=1,5,38,238,38,16,19,12
frame=1,6,44,1474,22,23,10,15
frame=1,7,61,1582,20,25,8,16
frame=2,0,37,356,37,20,16,15
frame=2,1,0,188,38,22,17,18
frame=2,2,70,621,21,30,9,21
frame=2,3,69,1384,22,29,10,19
frame=2,4,39,122,39,22,20,17
frame=2,5,0,247,38,16,20,12
frame=2,6,44,1497,22,22,10,14
frame=2,7,61,1607,20,25,8,16
frame=3,0,38,198,38,21,15,17
frame=3,1,0,130,39,22,16,18
frame=3,2,69,1353,22,31,9,21
frame=3,3,68,817,23,29,10,18
frame=3,4,39,144,39,21,21,16
frame=3,5,0,172,39,16,22,13
frame=3,6,65,1560,21,22,11,14
frame=3,7,20,1604,20,26,8,18

[hit]
frames=2
duration=2
type=play_once
frame=0,0,0,210,38,20,15,15
frame=0,1,38,219,38,19,15,16
frame=0,2,72,511,19,27,7,18
frame=0,3,0,1595,20,28,9,18
frame=0,4,0,627,35,21,20,15
frame=0,5,36,572,36,18,21,13
frame=0,6,22,1463,22,25,12,17
frame=0,7,40,1652,19,25,8,17
frame=1,0,36,553,36,19,15,14
frame=1,1,0,152,39,20,16,17
frame=1,2,68,874,23,28,9,20
frame=1,3,74,366,17,29,7,18
frame=1,4,34,767,34,23,18,17
frame=1,5,0,395,37,16,21,13
frame=1,6,23,1362,23,25,12,17
frame=1,7,76,198,15,26,6,18

[block]
frames=2
duration=1
type=play_once
frame=0,0,0,553,36,20,14,15
frame=0,1,0,315,37,21,16,18
frame=0,2,46,1392,22,29,10,21
frame=0,3,23,1408,22,28,11,19
frame=0,4,36,450,36,22,20,17
frame=0,5,35,728,35,16,19,13
frame=0,6,44,1519,22,21,10,14
frame=0,7,20,1630,20,24,7,16
frame=1,0,35,676,35,19,14,14
frame=1,1,36,472,36,21,16,18
frame=1,2,68,1413,22,29,10,21
frame=1,3,68,846,23,28,11,19
frame=1,4,0,471,36,22,19,17
frame=1,5,0,573,36,16,19,13
frame=1,6,0,1575,21,20,10,13
frame=1,7,66,1537,21,23,8,15
