
image=images/avatar/male/leather_armor.png

[stance]
frames=4
duration=6
type=back_forth
frame=0,0,1298,0,36,45,15,40
frame=0,1,1582,127,40,42,16,39
frame=0,2,1005,188,34,47,10,39
frame=0,3,860,96,28,48,10,39
frame=0,4,1358,179,42,44,19,39
frame=0,5,1468,131,38,43,18,40
frame=0,6,800,48,34,48,17,40
frame=0,7,712,0,26,49,11,41
frame=1,0,1248,182,36,45,16,40
frame=1,1,1541,127,41,42,17,39
frame=1,2,958,0,34,47,10,39
frame=1,3,800,192,29,48,10,39
frame=1,4,1230,45,41,45,19,39
frame=1,5,1631,42,38,42,18,39
frame=1,6,820,0,34,48,17,40
frame=1,7,703,197,26,49,11,41
frame=2,0,1270,135,36,45,16,40
frame=2,1,1542,169,41,42,17,39
frame=2,2,1138,46,34,46,10,38
frame=2,3,829,192,29,48,10,39
frame=2,4,1359,134,41,44,19,39
frame=2,5,1659,0,38,42,18,39
frame=2,6,970,188,35,47,18,39
frame=2,7,860,144,27,48,12,40
frame=3,0,1244,90,37,45,16,40
frame=3,1,1622,126,39,42,16,39
frame=3,2,1144,0,34,46,10,38
frame=3,3,831,96,29,48,10,39
frame=3,4,1364,89,41,44,19,39
frame=3,5,1623,168,38,42,18,39
frame=3,6,958,47,34,47,17,39
frame=3,7,891,48,25,48,11,40

[run]
frames=8
duration=2
type=looped
frame=0,0,769,144,31,48,5,45
frame=0,1,601,0,31,50,8,45
frame=0,2,569,0,32,50,12,45
frame=0,3,769,192,31,48,13,45
frame=0,4,1415,0,38,44,21,45
frame=0,5,1737,42,36,41,18,44
frame=0,6,1699,126,32,42,12,44
frame=0,7,1438,132,30,44,11,44
frame=1,0,1405,88,37,44,9,44
frame=1,1,396,105,34,52,13,44
frame=1,2,269,55,31,54,11,44
frame=1,3,460,0,38,51,20,44
frame=1,4,1057,92,42,46,25,44
frame=1,5,1661,126,38,42,18,43
frame=1,6,1771,123,31,39,12,43
frame=1,7,1703,84,30,42,7,44
frame=2,0,1567,0,50,42,15,43
frame=2,1,439,51,39,51,15,43
frame=2,2,290,165,29,54,10,43
frame=2,3,738,0,42,48,25,43
frame=2,4,1306,135,53,44,31,42
frame=2,5,758,48,42,48,20,42
frame=2,6,684,98,28,49,10,42
frame=2,7,913,144,44,47,14,43
frame=3,0,450,208,44,43,12,44
frame=3,1,675,0,37,49,14,44
frame=3,2,507,102,30,51,10,44
frame=3,3,1075,138,41,46,23,44
frame=3,4,911,0,47,47,28,44
frame=3,5,730,146,39,48,18,43
frame=3,6,1028,94,29,47,10,43
frame=3,7,1107,0,37,46,9,44
frame=4,0,1453,0,32,44,6,45
frame=4,1,834,48,29,48,10,45
frame=4,2,644,197,30,49,10,44
frame=4,3,537,101,36,50,18,45
frame=4,4,763,96,38,48,21,45
frame=4,5,1400,177,31,44,13,44
frame=4,6,1707,42,30,42,10,44
frame=4,7,1731,167,30,41,7,44
frame=5,0,1099,92,37,46,9,44
frame=5,1,552,151,30,50,6,44
frame=5,2,347,0,30,53,11,43
frame=5,3,371,158,35,52,16,44
frame=5,4,1086,184,41,46,25,44
frame=5,5,1733,84,38,41,21,44
frame=5,6,1773,41,30,40,10,43
frame=5,7,1697,168,34,42,12,43
frame=6,0,1160,184,50,45,15,43
frame=6,1,632,0,43,49,14,43
frame=6,2,283,0,30,54,11,43
frame=6,3,430,104,42,51,20,43
frame=6,4,1530,43,52,42,31,43
frame=6,5,914,96,42,47,25,43
frame=6,6,648,148,29,49,10,42
frame=6,7,780,0,40,48,15,42
frame=7,0,956,94,41,47,10,44
frame=7,1,992,0,34,47,7,44
frame=7,2,493,153,32,51,12,44
frame=7,3,646,99,38,49,17,44
frame=7,4,1315,179,43,44,26,44
frame=7,5,1099,46,39,46,22,44
frame=7,6,997,94,31,47,11,43
frame=7,7,934,191,36,47,14,43

[ranged]
frames=4
duration=3
type=play_once
frame=0,0,957,141,36,47,16,42
frame=0,1,1281,90,36,45,18,42
frame=0,2,854,0,29,48,11,41
frame=0,3,686,49,27,49,10,41
frame=0,4,916,47,42,47,18,42
frame=0,5,1202,92,42,45,17,42
frame=0,6,674,197,29,49,10,42
frame=0,7,706,147,24,49,8,42
frame=1,0,406,157,45,51,22,46
frame=1,1,713,49,45,48,18,44
frame=1,2,250,0,33,55,10,47
frame=1,3,313,0,34,53,10,45
frame=1,4,545,204,50,47,18,42
frame=1,5,1344,45,46,44,17,42
frame=1,6,408,52,31,52,12,46
frame=1,7,212,169,30,55,14,48
frame=2,0,595,200,49,49,23,44
frame=2,1,712,98,51,48,20,45
frame=2,2,171,116,38,57,10,50
frame=2,3,199,57,33,57,9,49
frame=2,4,494,204,51,47,18,42
frame=2,5,1207,0,52,45,21,42
frame=2,6,377,0,37,52,18,46
frame=2,7,337,53,31,53,13,46
frame=3,0,993,141,35,47,13,42
frame=3,1,1317,90,47,44,17,41
frame=3,2,729,196,40,48,11,41
frame=3,3,677,148,29,49,10,41
frame=3,4,1116,138,37,46,18,41
frame=3,5,1186,138,46,45,22,42
frame=3,6,608,148,40,49,21,42
frame=3,7,582,150,26,50,10,43

[ment]
frames=4
duration=3
type=play_once
frame=0,0,531,0,38,50,20,45
frame=0,1,1056,46,43,46,19,43
frame=0,2,451,155,42,51,11,44
frame=0,3,472,102,35,51,8,43
frame=0,4,887,192,47,47,17,41
frame=0,5,1370,0,45,44,17,41
frame=0,6,603,99,43,49,22,41
frame=0,7,498,0,33,51,18,42
frame=1,0,100,123,37,60,20,55
frame=1,1,153,59,46,57,23,54
frame=1,2,74,0,46,60,14,53
frame=1,3,34,0,40,62,8,54
frame=1,4,242,169,48,54,16,49
frame=1,5,1056,0,51,46,16,42
frame=1,6,414,0,46,51,20,43
frame=1,7,137,119,34,58,19,50
frame=2,0,67,62,35,61,16,56
frame=2,1,209,114,52,55,22,52
frame=2,2,51,189,51,61,18,54
frame=2,3,0,0,34,65,8,57
frame=2,4,57,127,43,61,16,56
frame=2,5,319,162,52,52,17,49
frame=2,6,0,194,51,57,20,49
frame=2,7,0,130,30,64,12,55
frame=3,0,102,183,41,58,16,53
frame=3,1,512,51,55,50,22,47
frame=3,2,102,60,51,59,20,52
frame=3,3,0,65,26,65,8,57
frame=3,4,26,65,41,62,16,56
frame=3,5,298,109,56,53,21,50
frame=3,6,120,0,51,59,18,51
frame=3,7,30,127,27,62,7,54

[die]
frames=6
duration=4
type=play_once
frame=0,0,1232,137,38,45,15,40
frame=0,1,1697,0,38,42,15,39
frame=0,2,883,0,28,48,8,39
frame=0,3,888,96,26,48,9,38
frame=0,4,1586,84,40,42,20,36
frame=0,5,1731,126,40,41,21,36
frame=0,6,1201,46,29,46,14,38
frame=0,7,1039,188,24,47,11,39
frame=1,0,1334,0,36,45,15,40
frame=1,1,1491,43,39,43,16,40
frame=1,2,1026,47,30,47,9,39
frame=1,3,858,192,29,48,7,37
frame=1,4,1761,207,38,40,18,34
frame=1,5,1805,115,41,36,21,33
frame=1,6,1465,44,26,44,12,36
frame=1,7,1063,188,23,47,12,39
frame=2,0,1528,0,39,43,13,39
frame=2,1,1271,45,37,45,12,39
frame=2,2,800,144,31,48,7,36
frame=2,3,1505,174,37,43,13,31
frame=2,4,1846,102,43,31,24,27
frame=2,5,1863,198,35,33,23,28
frame=2,6,1798,0,24,40,15,32
frame=2,7,1431,177,31,44,16,36
frame=3,0,1843,159,38,38,12,34
frame=3,1,1763,0,35,41,10,34
frame=3,2,1507,86,30,43,7,31
frame=3,3,1799,177,36,38,14,26
frame=3,4,1846,133,43,26,25,22
frame=3,5,230,224,37,27,24,23
frame=3,6,1478,219,24,32,15,27
frame=3,7,1799,215,30,36,15,31
frame=4,0,1862,0,46,33,16,22
frame=4,1,1829,215,34,35,14,22
frame=4,2,1846,69,44,33,21,18
frame=4,3,183,229,47,22,26,13
frame=4,4,1171,229,46,20,30,14
frame=4,5,1137,230,34,21,19,15
frame=4,6,1802,151,41,26,20,17
frame=4,7,1348,223,44,28,18,20
frame=5,0,1426,221,52,29,21,18
frame=5,1,315,219,36,32,15,18
frame=5,2,267,223,48,28,24,13
frame=5,3,1086,230,51,21,28,12
frame=5,4,1296,225,52,26,31,17
frame=5,5,1392,223,34,28,19,18
frame=5,6,1502,219,47,31,22,19
frame=5,7,1248,227,48,24,20,15

[melee]
frames=4
duration=3
type=play_once
frame=0,0,232,56,37,55,15,51
frame=0,1,212,0,38,56,18,52
frame=0,2,143,177,40,57,14,49
frame=0,3,300,54,37,53,11,44
frame=0,4,1259,0,39,45,19,40
frame=0,5,1485,0,43,43,19,40
frame=0,6,478,51,34,51,13,44
frame=0,7,183,173,29,56,14,48
frame=1,0,368,53,40,52,19,47
frame=1,1,261,111,37,54,17,51
frame=1,2,171,0,41,57,17,49
frame=1,3,354,106,42,52,10,43
frame=1,4,1537,85,49,42,19,37
frame=1,5,1822,0,40,39,19,35
frame=1,6,1661,168,36,42,13,34
frame=1,7,648,49,38,49,22,40
frame=2,0,1582,42,49,42,28,37
frame=2,1,1400,133,38,44,17,40
frame=2,2,573,100,30,50,13,41
frame=2,3,603,50,45,49,14,39
frame=2,4,395,210,55,41,20,36
frame=2,5,351,214,44,37,20,33
frame=2,6,1881,159,29,39,10,31
frame=2,7,1636,210,45,41,24,32
frame=3,0,1803,40,43,39,20,35
frame=3,1,1390,44,39,44,16,40
frame=3,2,525,153,27,51,9,41
frame=3,3,567,50,36,50,11,39
frame=3,4,1549,211,47,40,21,35
frame=3,5,1862,33,45,36,22,33
frame=3,6,1735,0,28,42,12,34
frame=3,7,1771,83,34,40,16,32

[hit]
frames=2
duration=2
type=play_once
frame=0,0,1210,183,38,45,15,40
frame=0,1,1669,42,38,42,15,39
frame=0,2,863,48,28,48,8,39
frame=0,3,887,144,26,48,9,38
frame=0,4,1583,169,40,42,20,36
frame=0,5,1721,210,40,41,21,36
frame=0,6,1178,0,29,46,14,38
frame=0,7,1028,141,24,47,11,39
frame=1,0,1308,45,36,45,15,40
frame=1,1,1468,88,39,43,16,40
frame=1,2,1026,0,30,47,9,39
frame=1,3,831,144,29,48,7,37
frame=1,4,1761,167,38,40,18,34
frame=1,5,1805,79,41,36,21,33
frame=1,6,1442,88,26,44,12,36
frame=1,7,1052,141,23,47,12,39

[block]
frames=2
duration=1
type=play_once
frame=0,0,1429,44,36,44,14,39
frame=0,1,1681,210,40,41,16,38
frame=0,2,1127,184,33,46,10,38
frame=0,3,992,47,34,47,11,38
frame=0,4,1462,176,43,43,20,38
frame=0,5,1626,84,39,42,19,39
frame=0,6,1153,138,33,46,16,39
frame=0,7,801,96,30,48,15,40
frame=1,0,1506,131,35,43,14,38
frame=1,1,1665,84,38,42,16,39
frame=1,2,1171,92,31,46,10,38
frame=1,3,1136,92,35,46,11,37
frame=1,4,1617,0,42,42,19,37
frame=1,5,1596,211,40,40,19,37
frame=1,6,1284,180,31,45,15,38
frame=1,7,1172,46,29,46,15,38
