
image=images/avatar/male/leather_hood.png

[stance]
frames=4
duration=6
type=back_forth
frame=0,0,23,3584,23,33,8,46
frame=0,1,0,3608,23,33,7,46
frame=0,2,25,1509,21,34,4,47
frame=0,3,23,3448,23,34,4,46
frame=0,4,0,2679,24,33,4,45
frame=0,5,0,2339,24,34,5,45
frame=0,6,26,240,20,33,5,45
frame=0,7,24,1860,22,33,7,45
frame=1,0,23,3617,23,33,8,45
frame=1,1,24,1893,22,33,7,46
frame=1,2,26,138,20,34,4,47
frame=1,3,0,3472,23,34,4,46
frame=1,4,0,1302,25,33,4,45
frame=1,5,0,2373,24,34,5,45
frame=1,6,26,273,20,33,5,45
frame=1,7,24,1926,22,33,7,45
frame=2,0,0,2811,24,32,9,45
frame=2,1,24,1959,22,33,7,46
frame=2,2,26,306,20,33,4,46
frame=2,3,0,3641,23,33,4,45
frame=2,4,0,1335,25,33,4,45
frame=2,5,0,2712,24,33,5,44
frame=2,6,26,339,20,33,5,44
frame=2,7,23,3683,23,32,8,44
frame=3,0,0,2843,24,32,10,45
frame=3,1,24,2345,21,33,7,46
frame=3,2,27,0,19,34,4,47
frame=3,3,0,2875,24,32,4,45
frame=3,4,0,1368,25,32,3,44
frame=3,5,0,3707,23,32,4,43
frame=3,6,26,438,20,32,5,43
frame=3,7,24,2025,22,32,8,44

[run]
frames=8
duration=2
type=looped
frame=0,0,0,530,25,36,11,50
frame=0,1,0,2407,24,34,9,52
frame=0,2,25,798,21,36,4,52
frame=0,3,0,493,25,37,3,52
frame=0,4,0,36,26,36,2,50
frame=0,5,0,1595,24,36,3,49
frame=0,6,25,1194,21,35,4,48
frame=0,7,0,1631,24,36,9,49
frame=1,0,0,391,26,34,11,49
frame=1,1,0,3190,23,36,8,51
frame=1,2,25,502,21,37,4,52
frame=1,3,0,782,25,35,3,50
frame=1,4,0,72,26,36,2,49
frame=1,5,0,817,25,35,4,48
frame=1,6,25,1229,21,35,5,47
frame=1,7,0,3262,23,35,9,48
frame=2,0,0,566,25,36,11,49
frame=2,1,23,3273,23,35,8,50
frame=2,2,25,834,21,36,3,51
frame=2,3,0,216,26,35,3,49
frame=2,4,0,251,26,35,2,48
frame=2,5,0,1132,25,34,4,46
frame=2,6,26,172,20,34,5,46
frame=2,7,23,3482,23,34,9,47
frame=3,0,0,852,25,35,11,50
frame=3,1,23,3201,23,36,8,51
frame=3,2,25,539,21,37,4,52
frame=3,3,0,887,25,35,3,50
frame=3,4,0,108,26,36,2,49
frame=3,5,0,602,25,36,4,48
frame=3,6,25,1264,21,35,5,47
frame=3,7,0,1919,24,35,9,48
frame=4,0,0,638,25,36,10,50
frame=4,1,0,674,25,36,9,51
frame=4,2,25,870,21,36,4,52
frame=4,3,0,1558,24,37,3,52
frame=4,4,0,0,27,36,3,50
frame=4,5,0,1667,24,36,3,49
frame=4,6,25,1299,21,35,4,48
frame=4,7,0,3226,23,36,8,49
frame=5,0,0,1703,24,36,10,49
frame=5,1,0,1954,24,35,9,50
frame=5,2,25,576,21,37,5,52
frame=5,3,0,710,25,36,4,51
frame=5,4,0,144,26,36,2,50
frame=5,5,0,922,25,35,3,48
frame=5,6,25,1334,21,35,4,47
frame=5,7,0,1989,24,35,8,48
frame=6,0,0,2024,24,35,10,48
frame=6,1,0,3506,23,34,9,49
frame=6,2,26,67,20,36,5,51
frame=6,3,0,957,25,35,4,50
frame=6,4,0,286,26,35,2,49
frame=6,5,0,1166,25,34,3,47
frame=6,6,26,103,20,35,3,47
frame=6,7,0,2059,24,35,8,47
frame=7,0,0,180,26,36,11,49
frame=7,1,0,1739,24,36,9,51
frame=7,2,25,613,21,37,5,52
frame=7,3,0,746,25,36,4,51
frame=7,4,0,321,26,35,2,49
frame=7,5,0,992,25,35,3,48
frame=7,6,25,1369,21,35,4,47
frame=7,7,0,1775,24,36,8,48

[shoot]
frames=4
duration=3
type=play_once
frame=0,0,0,1027,25,35,9,48
frame=0,1,23,3516,23,34,7,48
frame=0,2,25,1404,21,35,4,49
frame=0,3,0,2094,24,35,4,48
frame=0,4,0,425,26,34,4,47
frame=0,5,0,2441,24,34,5,46
frame=0,6,25,1543,21,34,5,46
frame=0,7,0,2745,24,33,8,46
frame=1,0,0,2475,24,34,7,48
frame=1,1,0,3297,23,35,6,49
frame=1,2,25,906,21,36,4,50
frame=1,3,0,1811,24,36,5,49
frame=1,4,0,356,26,35,5,48
frame=1,5,0,2129,24,35,5,48
frame=1,6,25,1439,21,35,5,48
frame=1,7,23,3308,23,35,7,48
frame=2,0,0,3332,23,35,6,49
frame=2,1,23,3237,23,36,6,49
frame=2,2,25,650,21,37,4,50
frame=2,3,0,1847,24,36,5,49
frame=2,4,0,1062,25,35,5,48
frame=2,5,0,2164,24,35,5,48
frame=2,6,25,942,21,36,5,49
frame=2,7,24,1577,22,36,6,49
frame=3,0,0,1200,25,34,8,48
frame=3,1,0,2509,24,34,7,48
frame=3,2,25,978,21,36,4,49
frame=3,3,23,3343,23,35,4,48
frame=3,4,0,459,26,34,5,47
frame=3,5,0,2543,24,34,5,47
frame=3,6,24,2243,21,34,5,47
frame=3,7,0,3540,23,34,7,47

[cast]
frames=4
duration=3
type=play_once
frame=0,0,0,3367,23,35,7,48
frame=0,1,24,1685,22,35,6,48
frame=0,2,25,1014,21,36,4,49
frame=0,3,23,3378,23,35,4,48
frame=0,4,0,1234,25,34,5,47
frame=0,5,0,2577,24,34,5,47
frame=0,6,24,2277,21,34,5,47
frame=0,7,24,2311,21,34,6,47
frame=1,0,0,2199,24,35,8,49
frame=1,1,24,1720,22,35,6,49
frame=1,2,25,687,21,37,4,51
frame=1,3,0,1883,24,36,4,49
frame=1,4,0,1097,25,35,4,48
frame=1,5,0,2234,24,35,5,48
frame=1,6,25,1050,21,36,5,48
frame=1,7,24,1755,22,35,7,48
frame=2,0,24,1790,22,35,6,49
frame=2,1,24,1613,22,36,6,50
frame=2,2,25,724,21,37,4,51
frame=2,3,0,3153,23,37,4,50
frame=2,4,0,2269,24,35,4,48
frame=2,5,0,3402,23,35,5,48
frame=2,6,25,1086,21,36,5,49
frame=2,7,25,1122,21,36,6,49
frame=3,0,23,3413,23,35,5,49
frame=3,1,24,1649,22,36,5,50
frame=3,2,25,761,21,37,4,50
frame=3,3,23,3164,23,37,4,50
frame=3,4,0,2304,24,35,5,48
frame=3,5,0,3437,23,35,5,48
frame=3,6,25,1158,21,36,5,49
frame=3,7,24,1825,22,35,6,49

[die]
frames=6
duration=4
type=play_once
frame=0,0,24,2057,22,32,11,46
frame=0,1,26,470,20,32,4,47
frame=0,2,23,3715,23,32,1,45
frame=0,3,0,1400,25,32,0,43
frame=0,4,0,2939,24,31,2,40
frame=0,5,24,2808,19,30,5,39
frame=0,6,24,2153,22,31,11,40
frame=0,7,0,2970,24,31,14,43
frame=1,0,24,2838,19,30,11,46
frame=1,1,24,2443,21,31,4,47
frame=1,2,0,3001,24,31,-3,45
frame=1,3,0,3803,23,30,-5,40
frame=1,4,24,2652,20,30,-2,36
frame=1,5,24,2474,21,30,7,35
frame=1,6,0,3032,24,31,16,38
frame=1,7,24,2534,21,29,18,42
frame=2,0,0,4011,11,23,11,41
frame=2,1,18,3868,18,25,0,41
frame=2,2,0,3888,18,25,-11,37
frame=2,3,24,2956,19,27,-11,32
frame=2,4,0,3913,17,28,-3,27
frame=2,5,17,3917,17,28,11,27
frame=2,6,24,3137,18,27,21,31
frame=2,7,0,3862,18,26,22,36
frame=3,0,34,3917,12,23,12,38
frame=3,1,18,3893,18,24,1,38
frame=3,2,24,3032,19,23,-9,33
frame=3,3,24,3055,19,23,-10,27
frame=3,4,0,3941,16,25,-3,23
frame=3,5,24,2983,19,25,10,23
frame=3,6,16,3945,16,23,21,26
frame=3,7,24,3008,19,24,22,32
frame=4,0,11,4011,11,16,15,25
frame=4,1,36,3868,9,7,-1,26
frame=4,2,31,3970,15,16,-12,21
frame=4,3,0,3982,15,15,-14,13
frame=4,4,16,3968,15,17,-4,8
frame=4,5,32,3952,14,18,11,7
frame=4,6,0,3966,16,16,24,12
frame=4,7,15,3985,14,15,26,19
frame=5,0,33,4011,11,10,16,19
frame=5,1,36,3875,9,5,-2,20
frame=5,2,26,4000,12,11,-15,14
frame=5,3,13,4000,13,11,-16,6
frame=5,4,0,3997,13,14,-5,1
frame=5,5,22,4011,11,14,12,0
frame=5,6,29,3986,13,14,25,5
frame=5,7,34,3940,12,12,27,13

[swing]
frames=4
duration=3
type=play_once
frame=0,0,0,2611,24,34,13,47
frame=0,1,23,3550,23,34,10,49
frame=0,2,25,1474,21,35,4,50
frame=0,3,0,3574,23,34,1,48
frame=0,4,0,1268,25,34,0,46
frame=0,5,0,2645,24,34,2,44
frame=0,6,26,372,20,33,5,43
frame=0,7,23,3650,23,33,11,44
frame=1,0,0,1432,25,32,18,43
frame=1,1,0,3739,23,32,14,47
frame=1,2,27,34,19,33,4,49
frame=1,3,23,3747,23,32,-1,47
frame=1,4,0,1464,25,32,-4,43
frame=1,5,0,3063,24,31,-1,39
frame=1,6,24,2620,20,32,5,38
frame=1,7,24,2777,19,31,13,39
frame=2,0,23,3810,23,30,22,40
frame=2,1,24,2868,19,30,17,45
frame=2,2,24,3078,18,30,5,48
frame=2,3,24,2504,21,30,-4,46
frame=2,4,0,1528,25,30,-8,41
frame=2,5,0,3833,23,29,-4,35
frame=2,6,24,2898,19,29,4,32
frame=2,7,24,2563,21,29,15,34
frame=3,0,0,3124,24,29,24,38
frame=3,1,24,2214,22,29,19,44
frame=3,2,24,3108,18,29,5,48
frame=3,3,24,2682,20,30,-5,46
frame=3,4,0,3094,24,30,-10,40
frame=3,5,23,3840,23,28,-6,33
frame=3,6,24,2927,19,29,3,30
frame=3,7,24,2592,21,28,16,32

[hit]
frames=2
duration=2
type=play_once
frame=0,0,24,2057,22,32,11,46
frame=0,1,26,470,20,32,4,47
frame=0,2,23,3715,23,32,1,45
frame=0,3,0,1400,25,32,0,43
frame=0,4,0,2939,24,31,2,40
frame=0,5,24,2808,19,30,5,39
frame=0,6,24,2153,22,31,11,40
frame=0,7,0,2970,24,31,14,43
frame=1,0,24,2838,19,30,11,46
frame=1,1,24,2443,21,31,4,47
frame=1,2,0,3001,24,31,-3,45
frame=1,3,0,3803,23,30,-5,40
frame=1,4,24,2652,20,30,-2,36
frame=1,5,24,2474,21,30,7,35
frame=1,6,0,3032,24,31,16,38
frame=1,7,24,2534,21,29,18,42

[block]
frames=2
duration=1
type=play_once
frame=0,0,0,3674,23,33,8,45
frame=0,1,24,2378,21,33,6,45
frame=0,2,26,206,20,34,4,46
frame=0,3,0,2778,24,33,5,45
frame=0,4,0,1496,25,32,5,44
frame=0,5,0,3771,23,32,5,44
frame=0,6,26,405,20,33,5,44
frame=0,7,24,1992,22,33,7,44
frame=1,0,23,3779,23,31,8,43
frame=1,1,24,2089,22,32,7,44
frame=1,2,24,2712,19,33,4,45
frame=1,3,24,2121,22,32,4,44
frame=1,4,0,2907,24,32,4,43
frame=1,5,24,2184,22,30,5,42
frame=1,6,24,2745,19,32,5,43
frame=1,7,24,2411,21,32,7,43
