
image=images/avatar/male/mage_skirt_alt2.png

[stance]
frames=4
duration=800ms
type=back_forth
frame=0,0,336,28,29,28,14,25
frame=0,1,468,53,34,25,15,24
frame=0,2,480,26,24,27,11,24
frame=0,3,241,361,23,29,9,24
frame=0,4,387,169,32,27,14,24
frame=0,5,319,173,33,28,16,25
frame=0,6,312,0,24,29,11,25
frame=0,7,163,122,25,30,11,26
frame=1,0,349,56,29,28,14,25
frame=1,1,468,78,34,25,15,24
frame=1,2,419,192,24,27,11,24
frame=1,3,312,29,24,29,9,24
frame=1,4,414,83,31,27,13,24
frame=1,5,380,84,34,27,16,24
frame=1,6,188,122,24,30,11,25
frame=1,7,191,90,24,30,11,26
frame=2,0,348,114,30,28,15,25
frame=2,1,466,128,34,24,15,23
frame=2,2,480,344,24,26,11,23
frame=2,3,198,152,23,30,9,24
frame=2,4,382,252,31,27,13,24
frame=2,5,404,141,32,27,15,24
frame=2,6,210,60,24,30,11,25
frame=2,7,125,345,24,30,11,25
frame=3,0,365,28,29,28,14,25
frame=3,1,466,152,34,24,15,23
frame=3,2,333,349,24,26,11,23
frame=3,3,243,390,23,29,9,24
frame=3,4,407,225,31,27,13,24
frame=3,5,315,87,33,28,16,25
frame=3,6,149,345,24,30,11,25
frame=3,7,203,0,25,30,11,26

[shoot]
frames=4
duration=400ms
type=play_once
frame=0,0,174,0,29,30,12,27
frame=0,1,374,225,33,27,14,26
frame=0,2,378,56,25,28,11,25
frame=0,3,89,158,24,31,10,26
frame=0,4,336,0,30,28,14,26
frame=0,5,178,369,32,29,16,27
frame=0,6,168,247,24,30,11,27
frame=0,7,0,197,24,32,9,28
frame=1,0,99,0,29,31,11,28
frame=1,1,348,86,32,28,13,26
frame=1,2,267,87,25,29,11,25
frame=1,3,22,325,22,32,10,27
frame=1,4,93,219,30,30,15,28
frame=1,5,227,241,31,29,16,27
frame=1,6,106,63,25,31,11,28
frame=1,7,22,357,22,32,8,28
frame=2,0,23,261,29,31,11,28
frame=2,1,315,115,33,28,13,27
frame=2,2,286,29,26,29,11,26
frame=2,3,0,261,23,32,10,27
frame=2,4,113,249,30,30,15,27
frame=2,5,210,368,31,29,16,27
frame=2,6,177,215,24,30,11,27
frame=2,7,151,31,23,31,9,28
frame=3,0,174,30,29,30,12,27
frame=3,1,386,198,33,27,14,26
frame=3,2,394,28,25,28,11,25
frame=3,3,108,126,24,31,10,26
frame=3,4,237,87,30,29,14,27
frame=3,5,194,339,32,29,16,27
frame=3,6,178,182,24,30,11,27
frame=3,7,0,293,23,32,9,28

[run]
frames=8
duration=533ms
type=looped
frame=0,0,23,229,20,32,2,31
frame=0,1,51,0,24,32,4,29
frame=0,2,212,120,22,30,8,28
frame=0,3,272,328,21,29,10,29
frame=0,4,266,266,22,29,13,31
frame=0,5,393,0,26,28,14,31
frame=0,6,282,236,22,29,8,32
frame=0,7,273,295,21,29,4,31
frame=1,0,228,0,30,29,5,30
frame=1,1,24,33,25,32,4,28
frame=1,2,24,197,20,32,6,27
frame=1,3,123,219,29,30,18,28
frame=1,4,124,187,29,30,20,30
frame=1,5,264,58,27,29,16,31
frame=1,6,288,265,21,29,8,32
frame=1,7,258,0,28,29,6,31
frame=2,0,318,322,39,27,12,29
frame=2,1,21,132,31,32,10,27
frame=2,2,70,385,21,31,8,26
frame=2,3,93,285,33,30,20,27
frame=2,4,0,389,37,31,21,29
frame=2,5,23,66,28,32,14,30
frame=2,6,0,325,22,32,8,30
frame=2,7,88,322,37,30,11,30
frame=3,0,337,143,32,28,9,30
frame=3,1,203,30,25,30,7,28
frame=3,2,152,0,22,31,8,27
frame=3,3,144,155,29,30,17,28
frame=3,4,228,29,30,29,18,29
frame=3,5,26,0,25,32,14,31
frame=3,6,44,323,22,31,8,31
frame=3,7,32,164,32,31,8,31
frame=4,0,266,386,20,29,2,31
frame=4,1,173,339,21,30,4,29
frame=4,2,49,292,22,31,8,28
frame=4,3,49,32,25,32,14,29
frame=4,4,0,66,23,33,14,31
frame=4,5,226,303,24,29,13,31
frame=4,6,250,328,22,29,8,32
frame=4,7,242,270,24,29,4,31
frame=5,0,195,306,31,29,6,29
frame=5,1,133,93,30,30,7,28
frame=5,2,52,260,22,31,8,27
frame=5,3,0,0,26,33,15,28
frame=5,4,154,62,30,30,20,30
frame=5,5,234,58,30,29,19,31
frame=5,6,215,90,22,30,8,32
frame=5,7,125,315,25,30,5,31
frame=6,0,74,255,39,30,12,29
frame=6,1,88,352,37,30,11,27
frame=6,2,44,354,22,31,8,26
frame=6,3,43,229,28,31,15,27
frame=6,4,338,230,36,27,21,29
frame=6,5,91,382,33,30,20,30
frame=6,6,0,132,21,33,7,31
frame=6,7,0,165,32,32,10,30
frame=7,0,98,32,29,31,7,30
frame=7,1,163,92,28,30,6,28
frame=7,2,71,224,22,31,8,27
frame=7,3,150,309,24,30,13,28
frame=7,4,366,0,27,28,17,30
frame=7,5,258,29,28,29,17,30
frame=7,6,66,323,22,31,8,31
frame=7,7,131,62,23,31,6,31

[die]
frames=6
duration=800ms
type=play_once
frame=0,0,421,302,31,26,14,24
frame=0,1,437,278,32,24,13,23
frame=0,2,482,317,24,27,9,23
frame=0,3,292,116,23,29,9,23
frame=0,4,450,26,30,27,14,23
frame=0,5,466,176,33,26,17,23
frame=0,6,310,385,23,28,12,24
frame=0,7,226,332,24,29,11,25
frame=1,0,419,27,31,27,15,25
frame=1,1,390,305,31,25,14,24
frame=1,2,419,0,25,27,10,24
frame=1,3,311,352,22,28,8,23
frame=1,4,436,138,30,27,13,23
frame=1,5,437,254,33,24,16,24
frame=1,6,109,94,24,31,12,26
frame=1,7,66,354,22,31,10,26
frame=2,0,443,202,33,26,12,24
frame=2,1,437,54,31,27,12,22
frame=2,2,250,299,23,29,8,22
frame=2,3,293,324,25,28,10,21
frame=2,4,438,228,33,26,17,23
frame=2,5,178,398,32,22,18,19
frame=2,6,174,309,21,30,11,26
frame=2,7,294,294,25,28,11,25
frame=3,0,421,328,30,21,12,19
frame=3,1,436,165,30,27,11,20
frame=3,2,264,357,22,29,8,20
frame=3,3,480,0,25,26,10,18
frame=3,4,469,295,32,22,16,18
frame=3,5,470,277,33,18,18,15
frame=3,6,445,105,21,25,11,21
frame=3,7,384,376,24,23,12,20
frame=4,0,452,317,30,23,9,12
frame=4,1,416,397,27,22,12,11
frame=4,2,432,371,24,22,15,10
frame=4,3,333,401,28,19,23,11
frame=4,4,456,370,27,16,20,13
frame=4,5,443,393,27,18,14,14
frame=4,6,445,81,22,24,5,17
frame=4,7,451,340,29,24,5,14
frame=5,0,386,348,28,23,6,12
frame=5,1,414,349,28,22,12,11
frame=5,2,389,399,27,20,17,9
frame=5,3,361,399,28,21,24,13
frame=5,4,387,330,29,18,22,16
frame=5,5,357,336,29,17,15,16
frame=5,6,357,376,27,23,8,18
frame=5,7,357,353,28,23,4,15

[cast]
frames=4
duration=400ms
type=play_once
frame=0,0,211,274,31,29,15,26
frame=0,1,403,56,34,27,16,27
frame=0,2,286,0,26,29,12,26
frame=0,3,71,291,22,31,8,26
frame=0,4,93,189,31,30,13,27
frame=0,5,202,182,33,29,15,26
frame=0,6,23,292,26,31,11,26
frame=0,7,156,375,22,30,10,25
frame=1,0,113,157,31,30,14,27
frame=1,1,221,150,33,29,15,28
frame=1,2,152,217,25,30,11,27
frame=1,3,74,32,24,32,9,28
frame=1,4,52,131,31,31,14,29
frame=1,5,124,382,32,30,15,27
frame=1,6,153,185,25,30,11,26
frame=1,7,0,33,24,33,11,28
frame=2,0,132,125,31,30,14,27
frame=2,1,201,212,34,29,15,28
frame=2,2,173,152,25,30,11,27
frame=2,3,75,0,24,32,9,28
frame=2,4,22,99,31,32,14,29
frame=2,5,234,120,33,29,16,27
frame=2,6,83,127,25,31,11,27
frame=2,7,0,357,22,32,10,28
frame=3,0,53,96,31,31,14,28
frame=3,1,318,202,34,28,15,28
frame=3,2,184,60,26,30,11,27
frame=3,3,0,229,23,32,9,27
frame=3,4,75,64,31,31,14,28
frame=3,5,37,389,33,31,16,28
frame=3,6,84,95,25,31,11,27
frame=3,7,0,99,22,33,10,28

[swing]
frames=4
duration=400ms
type=play_once
frame=0,0,316,58,33,28,16,26
frame=0,1,355,284,35,27,15,26
frame=0,2,260,178,23,29,10,26
frame=0,3,126,279,25,30,10,26
frame=0,4,302,145,35,28,15,26
frame=0,5,352,171,35,27,16,26
frame=0,6,127,31,24,31,10,26
frame=0,7,44,195,25,31,11,26
frame=1,0,304,230,34,28,19,25
frame=1,1,467,103,34,25,16,24
frame=1,2,260,207,23,29,10,26
frame=1,3,64,162,25,31,9,25
frame=1,4,369,142,35,27,13,24
frame=1,5,445,0,35,26,15,24
frame=1,6,128,0,24,31,11,24
frame=1,7,258,237,24,29,12,24
frame=2,0,192,245,35,29,18,27
frame=2,1,378,114,35,27,16,26
frame=2,2,235,179,25,29,10,26
frame=2,3,143,249,25,30,9,24
frame=2,4,319,285,36,27,14,24
frame=2,5,309,258,37,27,17,24
frame=2,6,69,193,24,31,11,24
frame=2,7,279,145,23,29,11,24
frame=3,0,175,277,36,29,18,27
frame=3,1,283,174,36,28,15,28
frame=3,2,254,149,25,29,9,26
frame=3,3,235,208,25,29,8,24
frame=3,4,283,202,35,28,14,24
frame=3,5,346,257,36,27,18,25
frame=3,6,51,64,24,32,12,25
frame=3,7,151,279,24,30,12,25

[hit]
frames=2
duration=133ms
type=play_once
frame=0,0,421,302,31,26,14,24
frame=0,1,437,278,32,24,13,23
frame=0,2,482,317,24,27,9,23
frame=0,3,292,116,23,29,9,23
frame=0,4,450,26,30,27,14,23
frame=0,5,466,176,33,26,17,23
frame=0,6,310,385,23,28,12,24
frame=0,7,226,332,24,29,11,25
frame=1,0,419,27,31,27,15,25
frame=1,1,390,305,31,25,14,24
frame=1,2,419,0,25,27,10,24
frame=1,3,311,352,22,28,8,23
frame=1,4,436,138,30,27,13,23
frame=1,5,437,254,33,24,16,24
frame=1,6,109,94,24,31,12,26
frame=1,7,66,354,22,31,10,26

[block]
frames=2
duration=66ms
type=play_once
frame=0,0,476,202,30,26,14,24
frame=0,1,471,253,33,24,15,23
frame=0,2,333,375,24,26,11,23
frame=0,3,292,87,23,29,9,24
frame=0,4,413,111,32,27,13,24
frame=0,5,352,198,34,27,16,24
frame=0,6,286,357,25,28,11,24
frame=0,7,291,58,25,29,11,25
frame=1,0,357,311,30,25,15,23
frame=1,1,210,397,33,23,15,22
frame=1,2,408,371,24,26,11,23
frame=1,3,267,116,25,29,9,23
frame=1,4,390,279,31,26,13,23
frame=1,5,471,228,33,25,15,22
frame=1,6,286,385,24,28,11,23
frame=1,7,413,252,24,27,11,23
