
image=images/avatar/male/mage_skirt.png

[stance]
frames=4
duration=6
type=back_forth
frame=0,0,1940,28,29,28,14,25
frame=0,1,348,62,34,25,15,24
frame=0,2,2129,27,24,27,11,24
frame=0,3,1726,58,23,29,9,24
frame=0,4,1277,60,32,27,14,24
frame=0,5,1875,28,33,28,16,25
frame=0,6,1686,0,24,29,11,25
frame=0,7,1182,30,24,30,11,26
frame=1,0,1956,56,28,28,14,25
frame=1,1,382,62,34,25,15,24
frame=1,2,2134,0,24,27,11,24
frame=1,3,1206,0,24,30,9,24
frame=1,4,1341,60,31,27,13,24
frame=1,5,1109,60,34,27,16,24
frame=1,6,1206,30,24,30,11,25
frame=1,7,1081,0,25,30,11,26
frame=2,0,1926,56,30,28,15,25
frame=2,1,535,62,34,24,15,23
frame=2,2,2232,52,24,26,11,23
frame=2,3,1326,30,23,30,9,24
frame=2,4,1372,60,31,27,13,24
frame=2,5,1309,60,32,27,15,24
frame=2,6,1230,0,24,30,11,25
frame=2,7,1230,30,24,30,11,25
frame=3,0,1947,0,29,28,14,25
frame=3,1,569,62,34,24,15,23
frame=3,2,2239,26,24,26,11,23
frame=3,3,1749,29,23,29,9,24
frame=3,4,2069,28,30,27,13,24
frame=3,5,1882,0,33,28,16,25
frame=3,6,1254,0,24,30,11,25
frame=3,7,1082,30,25,30,11,26

[run]
frames=8
duration=2
type=looped
frame=0,0,299,0,20,32,2,31
frame=0,1,198,32,23,32,4,29
frame=0,2,1349,30,22,30,8,28
frame=0,3,1393,30,21,30,10,29
frame=0,4,1795,29,22,29,13,31
frame=0,5,1996,28,25,28,14,31
frame=0,6,1804,0,22,29,8,32
frame=0,7,1826,0,21,29,4,31
frame=1,0,1566,29,30,29,5,30
frame=1,1,134,0,25,32,4,28
frame=1,2,311,32,20,32,6,27
frame=1,3,968,30,29,30,18,28
frame=1,4,969,0,29,30,20,30
frame=1,5,1609,0,27,29,16,31
frame=1,6,1795,58,22,29,8,32
frame=1,7,1625,58,28,29,6,31
frame=2,0,751,60,39,27,12,29
frame=2,1,331,31,32,31,10,27
frame=2,2,627,0,22,31,8,26
frame=2,3,776,30,34,30,20,27
frame=2,4,319,0,37,31,21,29
frame=2,5,121,32,28,32,14,30
frame=2,6,267,32,22,32,8,30
frame=2,7,739,30,37,30,11,30
frame=3,0,1908,28,32,28,9,30
frame=3,1,1106,0,25,30,7,28
frame=3,2,629,31,22,31,8,27
frame=3,3,1026,30,28,30,17,28
frame=3,4,1595,58,30,29,18,29
frame=3,5,149,32,25,32,14,31
frame=3,6,649,0,22,31,8,31
frame=3,7,356,0,32,31,8,31
frame=4,0,1817,58,21,29,2,31
frame=4,1,1394,0,21,30,4,29
frame=4,2,1350,0,22,30,8,28
frame=4,3,0,33,25,33,14,29
frame=4,4,25,33,23,33,14,31
frame=4,5,1678,58,24,29,13,31
frame=4,6,1817,29,22,29,8,32
frame=4,7,1701,29,24,29,4,31
frame=5,0,1517,0,31,29,6,29
frame=5,1,419,0,29,31,7,28
frame=5,2,651,31,22,31,8,27
frame=5,3,0,0,26,33,15,28
frame=5,4,909,0,30,30,20,30
frame=5,5,1579,0,30,29,19,31
frame=5,6,1371,30,22,30,8,32
frame=5,7,1107,30,25,30,5,31
frame=6,0,737,0,39,30,12,29
frame=6,1,776,0,37,30,11,27
frame=6,2,671,0,22,31,8,26
frame=6,3,477,0,28,31,15,27
frame=6,4,790,60,36,27,21,29
frame=6,5,810,30,33,30,20,30
frame=6,6,70,33,20,33,7,31
frame=6,7,71,0,32,32,10,30
frame=7,0,424,31,29,31,7,30
frame=7,1,1027,0,28,30,6,28
frame=7,2,673,31,22,31,8,27
frame=7,3,1254,30,24,30,13,28
frame=7,4,1969,28,27,28,17,30
frame=7,5,1054,30,28,30,17,30
frame=7,6,693,0,22,31,8,31
frame=7,7,533,31,24,31,6,31

[shoot]
frames=4
duration=3
type=play_once
frame=0,0,997,30,29,30,12,27
frame=0,1,1211,60,33,27,14,26
frame=0,2,2002,0,25,28,11,25
frame=0,3,581,31,24,31,10,26
frame=0,4,1596,29,30,29,14,26
frame=0,5,1485,0,32,29,16,27
frame=0,6,1302,30,24,30,11,27
frame=0,7,231,0,23,32,9,28
frame=1,0,448,0,29,31,11,28
frame=1,1,1915,0,32,28,13,26
frame=1,2,1661,0,25,29,11,25
frame=1,3,289,32,22,32,10,27
frame=1,4,394,31,30,31,15,28
frame=1,5,1564,58,31,29,16,27
frame=1,6,530,0,25,31,11,28
frame=1,7,244,32,23,32,8,28
frame=2,0,453,31,29,31,11,28
frame=2,1,1503,29,32,29,13,27
frame=2,2,1653,58,25,29,11,26
frame=2,3,254,0,23,32,10,27
frame=2,4,938,30,30,30,15,27
frame=2,5,1548,0,31,29,16,27
frame=2,6,1181,0,25,30,11,27
frame=2,7,715,0,22,31,9,28
frame=3,0,998,0,29,30,12,27
frame=3,1,1244,60,33,27,14,26
frame=3,2,2010,56,25,28,11,25
frame=3,3,603,0,24,31,10,26
frame=3,4,939,0,30,30,14,27
frame=3,5,1532,58,32,29,16,27
frame=3,6,1326,0,24,30,11,27
frame=3,7,184,0,24,32,9,28

[cast]
frames=4
duration=3
type=play_once
frame=0,0,1535,29,31,29,15,26
frame=0,1,1143,60,34,27,16,27
frame=0,2,1976,0,26,28,12,26
frame=0,3,1372,0,22,30,8,26
frame=0,4,876,30,31,30,13,27
frame=0,5,1470,29,33,29,15,26
frame=0,6,508,31,25,31,11,26
frame=0,7,695,31,22,31,10,25
frame=1,0,878,0,31,30,14,27
frame=1,1,1499,58,33,29,15,28
frame=1,2,1132,30,25,30,11,27
frame=1,3,208,0,23,32,9,28
frame=1,4,90,32,31,32,14,29
frame=1,5,846,0,32,30,15,27
frame=1,6,1156,0,25,30,11,26
frame=1,7,48,33,22,33,10,28
frame=2,0,907,30,31,30,14,27
frame=2,1,1465,58,34,29,15,28
frame=2,2,1157,30,25,30,11,27
frame=2,3,26,0,23,33,9,28
frame=2,4,103,0,31,32,14,29
frame=2,5,813,0,33,30,16,27
frame=2,6,159,0,25,32,11,27
frame=2,7,277,0,22,32,10,28
frame=3,0,363,31,31,31,14,28
frame=3,1,1451,0,34,29,15,28
frame=3,2,1055,0,26,30,11,27
frame=3,3,221,32,23,32,9,27
frame=3,4,388,0,31,31,14,28
frame=3,5,843,30,33,30,16,28
frame=3,6,579,0,24,31,11,27
frame=3,7,49,0,22,33,10,28

[die]
frames=6
duration=4
type=play_once
frame=0,0,2201,52,31,26,14,24
frame=0,1,636,62,32,24,13,23
frame=0,2,2153,27,24,27,9,23
frame=0,3,1781,0,23,29,9,23
frame=0,4,2090,55,30,27,14,23
frame=0,5,668,62,32,24,17,23
frame=0,6,2046,28,23,28,12,24
frame=0,7,1734,0,24,29,11,25
frame=1,0,1434,60,31,27,15,25
frame=1,1,483,62,31,25,14,24
frame=1,2,2120,54,25,27,10,24
frame=1,3,2052,0,22,28,8,23
frame=1,4,2099,27,30,27,13,23
frame=1,5,603,62,33,24,16,24
frame=1,6,605,31,24,31,12,26
frame=1,7,717,31,22,31,10,26
frame=2,0,2177,26,32,26,12,24
frame=2,1,2059,56,31,27,12,22
frame=2,2,1772,58,23,29,8,22
frame=2,3,2027,0,25,28,10,21
frame=2,4,2193,0,32,26,17,23
frame=2,5,316,64,32,22,18,19
frame=2,6,1414,30,21,30,11,26
frame=2,7,1984,56,26,28,11,25
frame=3,0,0,66,30,21,12,19
frame=3,1,2104,0,30,27,11,20
frame=3,2,1838,58,21,29,8,20
frame=3,3,2225,0,25,26,10,18
frame=3,4,2263,26,32,22,16,18
frame=3,5,2302,0,33,18,18,15
frame=3,6,514,62,21,25,11,21
frame=3,7,292,64,24,23,12,20
frame=4,0,179,64,30,23,9,12
frame=4,1,2280,48,27,22,12,11
frame=4,2,2295,22,24,22,15,10
frame=4,3,85,66,28,19,23,11
frame=4,4,2307,54,27,16,20,13
frame=4,5,2319,36,27,18,14,14
frame=4,6,729,62,22,24,5,17
frame=4,7,700,62,29,24,5,14
frame=5,0,209,64,28,23,6,12
frame=5,1,2274,0,28,22,12,11
frame=5,2,58,66,27,20,17,9
frame=5,3,30,66,28,21,24,13
frame=5,4,2319,18,29,18,22,16
frame=5,5,2280,70,29,17,15,16
frame=5,6,265,64,27,23,8,18
frame=5,7,237,64,28,23,4,15

[swing]
frames=4
duration=3
type=play_once
frame=0,0,1893,56,33,28,16,26
frame=0,1,934,60,35,27,15,26
frame=0,2,1758,0,23,29,10,26
frame=0,3,482,31,26,31,10,26
frame=0,4,1847,0,35,28,15,26
frame=0,5,969,60,35,27,16,26
frame=0,6,555,0,24,31,10,26
frame=0,7,505,0,25,31,11,26
frame=1,0,1859,57,34,28,19,25
frame=1,1,416,62,34,25,16,24
frame=1,2,1749,58,23,29,10,26
frame=1,3,1131,0,25,30,9,25
frame=1,4,1004,60,35,27,13,24
frame=1,5,2158,0,35,26,15,24
frame=1,6,1278,0,24,30,11,24
frame=1,7,1710,0,24,29,12,24
frame=2,0,1435,29,35,29,18,27
frame=2,1,826,60,36,27,16,26
frame=2,2,1626,29,25,29,10,26
frame=2,3,1278,30,24,30,9,24
frame=2,4,1039,60,35,27,14,24
frame=2,5,862,60,36,27,17,24
frame=2,6,557,31,24,31,11,24
frame=2,7,1772,29,23,29,11,24
frame=3,0,1415,0,36,29,18,27
frame=3,1,1839,29,36,28,15,28
frame=3,2,1636,0,25,29,9,26
frame=3,3,1651,29,25,29,8,24
frame=3,4,1074,60,35,27,14,24
frame=3,5,898,60,36,27,18,25
frame=3,6,174,32,24,32,12,25
frame=3,7,1302,0,24,30,12,25

[hit]
frames=2
duration=2
type=play_once
frame=0,0,2201,52,31,26,14,24
frame=0,1,636,62,32,24,13,23
frame=0,2,2153,27,24,27,9,23
frame=0,3,1781,0,23,29,9,23
frame=0,4,2090,55,30,27,14,23
frame=0,5,668,62,32,24,17,23
frame=0,6,2046,28,23,28,12,24
frame=0,7,1734,0,24,29,11,25
frame=1,0,1434,60,31,27,15,25
frame=1,1,483,62,31,25,14,24
frame=1,2,2120,54,25,27,10,24
frame=1,3,2052,0,22,28,8,23
frame=1,4,2099,27,30,27,13,23
frame=1,5,603,62,33,24,16,24
frame=1,6,605,31,24,31,12,26
frame=1,7,717,31,22,31,10,26

[block]
frames=2
duration=1
type=play_once
frame=0,0,2074,0,30,27,14,24
frame=0,1,113,64,33,23,15,23
frame=0,2,2250,0,24,26,11,23
frame=0,3,1702,58,24,29,9,24
frame=0,4,1403,60,31,27,13,24
frame=0,5,1177,60,34,27,16,24
frame=0,6,2021,28,25,28,11,24
frame=0,7,1725,29,24,29,11,25
frame=1,0,2209,26,30,26,15,23
frame=1,1,146,64,33,23,15,22
frame=1,2,2256,52,24,26,11,23
frame=1,3,1676,29,25,29,9,23
frame=1,4,2169,54,32,26,13,23
frame=1,5,450,62,33,25,15,22
frame=1,6,2035,56,24,28,11,23
frame=1,7,2145,54,24,27,11,23
