
image=images/avatar/male/plate_greaves.png

[stance]
frames=4
duration=6
type=back_forth
frame=0,0,781,28,27,25,12,27
frame=0,1,2548,21,28,20,13,24
frame=0,2,2403,27,20,22,7,24
frame=0,3,2213,27,18,26,7,25
frame=0,4,1680,0,24,27,7,26
frame=0,5,808,28,27,25,10,26
frame=0,6,1872,0,23,27,10,27
frame=0,7,2429,0,19,27,6,27
frame=1,0,1078,28,26,25,12,27
frame=1,1,2556,0,28,20,13,24
frame=1,2,2382,27,21,22,7,24
frame=1,3,1455,28,18,25,7,24
frame=1,4,1874,27,23,26,7,25
frame=1,5,835,28,27,25,10,26
frame=1,6,1897,27,23,26,10,26
frame=1,7,2137,27,19,26,6,26
frame=2,0,862,28,27,25,12,26
frame=2,1,2576,20,28,20,13,24
frame=2,2,2528,27,20,21,7,23
frame=2,3,1473,28,18,25,7,24
frame=2,4,1528,0,26,27,9,25
frame=2,5,889,28,27,25,10,26
frame=2,6,1895,0,23,27,10,26
frame=2,7,2117,27,20,26,7,26
frame=3,0,916,28,27,25,12,27
frame=3,1,2584,0,28,20,13,24
frame=3,2,2536,0,20,21,7,23
frame=3,3,1491,28,18,25,7,24
frame=3,4,1645,27,26,26,9,25
frame=3,5,1537,27,27,26,10,26
frame=3,6,1918,0,23,27,10,26
frame=3,7,2156,27,19,26,6,26

[run]
frames=8
duration=2
type=looped
frame=0,0,81,0,17,30,1,33
frame=0,1,307,0,21,29,4,31
frame=0,2,1704,0,24,27,8,29
frame=0,3,1132,0,21,28,10,30
frame=0,4,63,0,18,30,9,33
frame=0,5,2304,0,21,27,10,31
frame=0,6,1941,0,23,27,8,33
frame=0,7,1966,27,22,26,5,31
frame=1,0,475,0,20,29,3,32
frame=1,1,328,0,21,29,4,30
frame=1,2,836,0,23,28,8,28
frame=1,3,1964,0,23,27,12,30
frame=1,4,1153,0,21,28,12,30
frame=1,5,0,0,21,30,10,32
frame=1,6,859,0,23,28,8,32
frame=1,7,1920,27,23,26,6,31
frame=2,0,668,0,24,28,6,31
frame=2,1,1216,0,20,28,4,28
frame=2,2,2194,0,22,27,8,27
frame=2,3,1671,27,26,26,13,29
frame=2,4,692,0,24,28,13,30
frame=2,5,1236,0,20,28,9,30
frame=2,6,1987,0,23,27,8,30
frame=2,7,1104,28,26,25,8,30
frame=3,0,1256,0,20,28,4,31
frame=3,1,349,0,21,29,4,29
frame=3,2,882,0,23,28,8,28
frame=3,3,2216,0,22,27,11,30
frame=3,4,2409,0,20,27,11,29
frame=3,5,495,0,20,29,9,32
frame=3,6,905,0,23,28,8,32
frame=3,7,1257,28,24,25,7,31
frame=4,0,553,0,18,29,1,32
frame=4,1,241,0,22,29,5,31
frame=4,2,1728,0,24,27,8,29
frame=4,3,370,0,21,29,10,31
frame=4,4,571,0,18,29,9,32
frame=4,5,2325,0,21,27,10,31
frame=4,6,2010,0,23,27,8,33
frame=4,7,2346,0,21,27,4,31
frame=5,0,2054,27,21,26,4,29
frame=5,1,2033,0,23,27,6,30
frame=5,2,2056,0,23,27,8,28
frame=5,3,391,0,21,29,10,29
frame=5,4,412,0,21,29,12,31
frame=5,5,2079,0,23,27,12,32
frame=5,6,1066,0,22,28,7,32
frame=5,7,1174,0,21,28,4,32
frame=6,0,98,0,25,29,6,31
frame=6,1,1501,0,27,27,8,29
frame=6,2,928,0,23,28,8,27
frame=6,3,433,0,21,29,10,28
frame=6,4,123,0,24,29,14,31
frame=6,5,1564,27,27,26,14,31
frame=6,6,1088,0,22,28,7,31
frame=6,7,454,0,21,29,4,31
frame=7,0,2175,27,19,26,3,28
frame=7,1,951,0,23,28,6,30
frame=7,2,974,0,23,28,8,28
frame=7,3,21,0,21,30,10,30
frame=7,4,515,0,19,29,10,31
frame=7,5,1305,28,22,25,11,31
frame=7,6,997,0,23,28,8,32
frame=7,7,42,0,21,30,4,32

[shoot]
frames=4
duration=3
type=play_once
frame=0,0,1630,0,25,27,10,29
frame=0,1,2355,27,27,22,11,27
frame=0,2,343,29,21,24,7,26
frame=0,3,2502,0,17,27,7,27
frame=0,4,2260,0,22,27,8,27
frame=0,5,1697,27,26,26,11,28
frame=0,6,1800,0,24,27,10,28
frame=0,7,589,0,18,29,5,29
frame=1,0,1824,0,24,27,9,29
frame=1,1,81,30,26,23,10,27
frame=1,2,1988,27,22,26,7,27
frame=1,3,1368,0,18,28,7,28
frame=1,4,285,0,22,29,9,28
frame=1,5,1723,27,26,26,11,29
frame=1,6,788,0,24,28,10,29
frame=1,7,1403,0,17,28,4,29
frame=2,0,2148,0,23,27,9,29
frame=2,1,165,29,27,24,11,28
frame=2,2,2075,27,21,26,7,27
frame=2,3,1420,0,17,28,6,28
frame=2,4,1110,0,22,28,8,28
frame=2,5,1130,28,26,25,11,28
frame=2,6,812,0,24,28,10,29
frame=2,7,607,0,18,29,5,29
frame=3,0,1655,0,25,27,10,29
frame=3,1,27,30,27,23,11,27
frame=3,2,364,29,21,24,7,26
frame=3,3,2519,0,17,27,7,27
frame=3,4,2282,0,22,27,8,27
frame=3,5,1749,27,26,26,11,28
frame=3,6,1848,0,24,27,10,28
frame=3,7,625,0,18,29,5,29

[cast]
frames=4
duration=3
type=play_once
frame=0,0,1605,0,25,27,12,28
frame=0,1,0,30,27,23,13,27
frame=0,2,1349,28,22,25,8,27
frame=0,3,2485,0,17,27,5,27
frame=0,4,263,0,22,29,6,28
frame=0,5,753,28,28,25,10,27
frame=0,6,716,0,24,28,10,27
frame=0,7,2467,0,18,27,6,26
frame=1,0,2125,0,23,27,11,29
frame=1,1,943,28,27,25,12,29
frame=1,2,2367,0,21,27,7,29
frame=1,3,1314,0,18,28,5,28
frame=1,4,147,0,24,29,8,29
frame=1,5,1591,27,27,26,11,28
frame=1,6,171,0,24,29,10,28
frame=1,7,1332,0,18,28,6,28
frame=2,0,1043,0,23,28,11,29
frame=2,1,970,28,27,25,12,29
frame=2,2,2388,0,21,27,7,29
frame=2,3,1453,0,16,28,4,28
frame=2,4,195,0,23,29,8,29
frame=2,5,1618,27,27,26,11,28
frame=2,6,740,0,24,28,10,28
frame=2,7,1386,0,17,28,6,28
frame=3,0,1776,0,24,27,11,29
frame=3,1,997,28,27,25,12,29
frame=3,2,1195,0,21,28,7,29
frame=3,3,1469,0,16,28,4,28
frame=3,4,218,0,23,29,8,29
frame=3,5,1024,28,27,25,11,28
frame=3,6,764,0,24,28,10,28
frame=3,7,1350,0,18,28,6,28

[die]
frames=6
duration=4
type=play_once
frame=0,0,1207,28,25,25,11,27
frame=0,1,2604,20,27,20,11,24
frame=0,2,547,29,21,23,6,24
frame=0,3,2338,27,17,25,7,24
frame=0,4,1371,28,22,25,7,23
frame=0,5,1232,28,25,25,10,26
frame=0,6,2032,27,22,26,10,25
frame=0,7,1276,0,19,28,6,28
frame=1,0,1281,28,24,25,11,27
frame=1,1,2501,27,27,21,12,25
frame=1,2,504,29,22,23,7,25
frame=1,3,2320,27,18,25,6,25
frame=1,4,568,29,21,23,6,22
frame=1,5,246,29,26,24,9,24
frame=1,6,1393,28,22,25,10,25
frame=1,7,1485,0,16,28,4,28
frame=2,0,272,29,24,24,11,27
frame=2,1,478,29,26,23,9,24
frame=2,2,589,29,21,23,5,22
frame=2,3,444,29,17,24,6,22
frame=2,4,296,29,24,24,9,22
frame=2,5,2735,36,26,17,12,19
frame=2,6,2096,27,21,26,11,26
frame=2,7,1295,0,19,28,7,28
frame=3,0,2631,20,24,20,12,21
frame=3,1,2612,0,27,20,11,19
frame=3,2,405,29,20,24,5,21
frame=3,3,2483,27,18,22,6,17
frame=3,4,2668,0,24,19,9,16
frame=3,5,2709,37,26,14,12,14
frame=3,6,2463,27,20,22,11,21
frame=3,7,461,29,17,24,7,23
frame=4,0,2707,19,21,18,9,12
frame=4,1,2683,19,24,19,11,11
frame=4,2,2728,18,19,18,9,10
frame=4,3,2674,38,18,15,13,11
frame=4,4,2692,38,17,15,13,12
frame=4,5,2594,40,22,13,9,12
frame=4,6,2766,14,16,17,7,13
frame=4,7,2736,0,17,18,4,13
frame=5,0,2747,18,19,17,6,12
frame=5,1,2692,0,23,19,11,11
frame=5,2,2715,0,21,18,10,10
frame=5,3,2655,38,19,15,14,10
frame=5,4,2548,41,22,12,14,10
frame=5,5,2570,41,24,11,12,11
frame=5,6,2766,0,20,14,9,12
frame=5,7,2761,35,19,17,5,12

[swing]
frames=4
duration=3
type=play_once
frame=0,0,1775,27,25,26,13,28
frame=0,1,639,29,28,22,14,27
frame=0,2,1415,28,21,25,8,27
frame=0,3,1437,0,16,28,5,28
frame=0,4,643,0,25,28,7,28
frame=0,5,1509,27,28,26,10,28
frame=0,6,1020,0,23,28,9,27
frame=0,7,534,0,19,29,7,28
frame=1,0,1800,27,25,26,15,27
frame=1,1,610,29,29,22,16,26
frame=1,2,526,29,21,23,8,25
frame=1,3,2285,27,17,26,4,26
frame=1,4,1554,0,26,27,6,25
frame=1,5,107,29,29,24,9,25
frame=1,6,2238,0,22,27,9,25
frame=1,7,2231,27,18,26,8,23
frame=2,0,2102,0,23,27,14,29
frame=2,1,136,29,29,24,15,28
frame=2,2,320,29,23,24,8,26
frame=2,3,2249,27,18,26,3,25
frame=2,4,1580,0,25,27,6,25
frame=2,5,667,28,29,25,10,25
frame=2,6,1327,28,22,25,10,24
frame=2,7,2267,27,18,26,8,24
frame=3,0,1850,27,24,26,14,28
frame=3,1,725,28,28,25,14,30
frame=3,2,1182,28,25,25,7,27
frame=3,3,2194,27,19,26,2,25
frame=3,4,1752,0,24,27,6,25
frame=3,5,696,28,29,25,11,25
frame=3,6,1943,27,23,26,12,25
frame=3,7,2448,0,19,27,10,25

[hit]
frames=2
duration=2
type=play_once
frame=0,0,1207,28,25,25,11,27
frame=0,1,2604,20,27,20,11,24
frame=0,2,547,29,21,23,6,24
frame=0,3,2338,27,17,25,7,24
frame=0,4,1371,28,22,25,7,23
frame=0,5,1232,28,25,25,10,26
frame=0,6,2032,27,22,26,10,25
frame=0,7,1276,0,19,28,6,28
frame=1,0,1281,28,24,25,11,27
frame=1,1,2501,27,27,21,12,25
frame=1,2,504,29,22,23,7,25
frame=1,3,2320,27,18,25,6,25
frame=1,4,568,29,21,23,6,22
frame=1,5,246,29,26,24,9,24
frame=1,6,1393,28,22,25,10,25
frame=1,7,1485,0,16,28,4,28

[block]
frames=2
duration=1
type=play_once
frame=0,0,192,29,27,24,13,26
frame=0,1,2655,19,28,19,13,23
frame=0,2,2423,27,20,22,7,23
frame=0,3,2302,27,18,25,7,24
frame=0,4,1825,27,25,26,8,24
frame=0,5,219,29,27,24,10,25
frame=0,6,2171,0,23,27,10,26
frame=0,7,1436,28,19,25,6,25
frame=1,0,54,30,27,23,14,24
frame=1,1,2639,0,29,19,14,22
frame=1,2,2443,27,20,22,7,23
frame=1,3,425,29,19,24,7,23
frame=1,4,1156,28,26,25,8,23
frame=1,5,1051,28,27,25,10,24
frame=1,6,2010,27,22,26,10,24
frame=1,7,385,29,20,24,8,24
