
image=images/avatar/male/plate_gauntlets.png

[stance]
frames=4
duration=6
type=back_forth
frame=0,0,0,2777,35,31,16,37
frame=0,1,0,1967,37,22,12,32
frame=0,2,0,2899,35,28,10,33
frame=0,3,43,1096,21,34,2,34
frame=0,4,0,3260,34,33,11,33
frame=0,5,0,1577,38,27,18,31
frame=0,6,0,2643,35,34,18,36
frame=0,7,42,3977,21,31,11,35
frame=1,0,0,2839,35,30,16,36
frame=1,1,0,1989,37,22,12,32
frame=1,2,0,3355,34,28,9,33
frame=1,3,45,777,19,33,1,33
frame=1,4,0,3293,34,33,11,33
frame=1,5,0,1604,38,27,18,31
frame=1,6,0,2128,36,33,19,35
frame=1,7,44,997,20,33,11,36
frame=2,0,0,2869,35,30,16,36
frame=2,1,0,2011,37,22,12,32
frame=2,2,0,3383,34,28,9,33
frame=2,3,44,1030,20,33,1,33
frame=2,4,0,3583,33,32,10,32
frame=2,5,0,1685,38,26,18,30
frame=2,6,0,2711,35,33,19,35
frame=2,7,42,4008,21,31,12,35
frame=3,0,0,3326,34,29,16,35
frame=3,1,0,2413,36,21,13,31
frame=3,2,0,3411,34,27,9,32
frame=3,3,42,4060,20,31,1,32
frame=3,4,0,3869,32,32,9,32
frame=3,5,0,1941,37,26,17,30
frame=3,6,0,2744,35,33,18,34
frame=3,7,20,4077,20,31,11,34

[run]
frames=8
duration=2
type=looped
frame=0,0,45,875,19,30,5,32
frame=0,1,37,1979,27,33,8,37
frame=0,2,0,3727,33,26,13,33
frame=0,3,33,3653,31,30,12,36
frame=0,4,47,558,17,26,4,29
frame=0,5,38,1702,26,33,10,37
frame=0,6,0,3644,33,28,13,35
frame=0,7,34,3266,30,33,11,37
frame=1,0,38,1632,26,35,9,38
frame=1,1,0,2252,36,29,14,35
frame=1,2,32,3922,32,27,12,33
frame=1,3,21,3977,21,33,8,36
frame=1,4,35,2894,23,31,8,34
frame=1,5,0,3615,33,29,13,35
frame=1,6,32,3827,32,33,13,37
frame=1,7,35,2925,23,31,6,33
frame=2,0,0,2094,36,34,15,39
frame=2,1,0,1300,40,27,16,34
frame=2,2,35,2611,29,31,10,34
frame=2,3,45,810,19,33,5,34
frame=2,4,0,2161,36,31,14,35
frame=2,5,0,1244,40,28,17,35
frame=2,6,35,2539,29,36,11,39
frame=2,7,45,739,19,38,6,40
frame=3,0,34,3232,30,34,12,39
frame=3,1,0,2310,36,27,14,35
frame=3,2,34,3396,30,30,10,34
frame=3,3,44,1063,20,33,7,36
frame=3,4,34,3332,30,32,11,35
frame=3,5,0,2337,36,27,15,35
frame=3,6,34,3299,30,33,11,37
frame=3,7,45,932,19,25,4,28
frame=4,0,40,4091,19,25,6,29
frame=4,1,36,2254,28,30,10,36
frame=4,2,34,3485,30,27,11,33
frame=4,3,39,1435,25,32,9,36
frame=4,4,47,473,17,29,5,32
frame=4,5,37,2044,27,31,10,37
frame=4,6,0,3945,30,27,11,34
frame=4,7,35,2757,26,33,7,37
frame=5,0,37,2012,27,32,9,35
frame=5,1,0,4006,21,32,5,35
frame=5,2,33,3713,31,28,12,33
frame=5,3,0,3672,33,28,14,35
frame=5,4,40,1215,24,35,9,39
frame=5,5,0,4093,20,30,7,33
frame=5,6,33,3554,31,34,11,38
frame=5,7,0,2927,35,28,13,35
frame=6,0,0,2808,35,31,14,35
frame=6,1,0,4060,20,33,6,34
frame=6,2,33,3622,31,31,12,34
frame=6,3,0,1327,40,26,18,35
frame=6,4,0,2608,35,35,14,40
frame=6,5,44,957,20,40,6,42
frame=6,6,34,3156,30,38,10,41
frame=6,7,0,1149,41,29,15,36
frame=7,0,36,2192,28,31,10,34
frame=7,1,42,1130,22,34,5,36
frame=7,2,32,3893,32,29,13,33
frame=7,3,0,1631,38,27,16,35
frame=7,4,37,1944,27,35,10,39
frame=7,5,35,3007,22,29,8,32
frame=7,6,0,3836,32,33,12,38
frame=7,7,0,2281,36,29,14,36

[shoot]
frames=4
duration=3
type=play_once
frame=0,0,40,1250,24,31,16,34
frame=0,1,0,3753,33,22,19,32
frame=0,2,35,2671,29,24,12,36
frame=0,3,50,383,14,24,-3,34
frame=0,4,35,3036,22,28,-1,36
frame=0,5,33,3768,31,25,5,32
frame=0,6,36,2223,28,31,9,32
frame=0,7,0,3972,21,34,9,34
frame=1,0,0,728,45,36,22,46
frame=1,1,0,634,46,30,19,44
frame=1,2,34,3194,30,38,7,47
frame=1,3,37,1833,27,38,3,45
frame=1,4,0,1010,44,31,12,40
frame=1,5,0,799,45,35,16,41
frame=1,6,34,3112,30,44,12,46
frame=1,7,36,2075,28,44,14,48
frame=2,0,0,383,50,34,23,44
frame=2,1,0,185,53,34,21,45
frame=2,2,0,1723,37,44,9,50
frame=2,3,0,3789,32,47,8,49
frame=2,4,0,417,49,38,16,42
frame=2,5,0,73,54,34,22,42
frame=2,6,0,1767,37,43,18,46
frame=2,7,33,3512,31,42,13,46
frame=3,0,0,2568,35,40,13,42
frame=3,1,0,570,47,28,17,36
frame=3,2,0,1178,41,27,12,33
frame=3,3,30,3949,22,28,3,29
frame=3,4,32,3793,32,34,13,35
frame=3,5,0,834,45,30,22,36
frame=3,6,0,1205,40,39,21,41
frame=3,7,40,1281,23,43,10,43

[cast]
frames=4
duration=3
type=play_once
frame=0,0,0,1849,37,35,21,42
frame=0,1,0,1041,44,30,20,43
frame=0,2,0,764,45,35,12,45
frame=0,3,39,1360,25,39,-2,44
frame=0,4,0,1810,37,39,6,41
frame=0,5,0,947,44,32,15,36
frame=0,6,0,692,45,36,23,38
frame=0,7,35,2501,29,38,18,41
frame=1,0,0,3099,34,47,20,55
frame=1,1,0,455,47,41,23,54
frame=1,2,0,496,47,39,14,53
frame=1,3,0,2048,36,46,4,55
frame=1,4,0,2482,35,44,3,51
frame=1,5,0,535,47,35,12,43
frame=1,6,0,598,46,36,20,43
frame=1,7,0,3146,34,46,19,51
frame=2,0,0,3050,34,49,14,56
frame=2,1,0,107,53,40,22,52
frame=2,2,0,263,52,43,19,54
frame=2,3,0,3499,33,51,7,58
frame=2,4,0,2434,35,48,8,56
frame=2,5,0,147,53,38,18,50
frame=2,6,0,345,52,38,20,49
frame=2,7,34,3064,30,48,12,55
frame=3,0,0,1531,38,46,12,53
frame=3,1,0,37,55,36,22,47
frame=3,2,0,219,52,44,21,52
frame=3,3,37,1735,27,51,9,57
frame=3,4,0,1483,38,48,13,56
frame=3,5,0,0,56,37,21,50
frame=3,6,0,306,52,39,18,51
frame=3,7,37,1786,27,47,6,54

[die]
frames=6
duration=4
type=play_once
frame=0,0,0,3901,32,29,15,34
frame=0,1,0,2390,36,23,13,30
frame=0,2,36,2284,28,29,8,31
frame=0,3,47,530,17,28,1,27
frame=0,4,34,3456,30,29,10,29
frame=0,5,0,2364,36,26,17,28
frame=0,6,33,3588,31,34,15,33
frame=0,7,45,905,19,27,11,27
frame=1,0,33,3683,31,30,14,33
frame=1,1,0,3008,35,24,14,30
frame=1,2,35,2790,26,30,7,32
frame=1,3,49,427,15,24,1,24
frame=1,4,33,3741,31,27,11,28
frame=1,5,0,3438,34,25,15,27
frame=1,6,39,1467,25,30,12,29
frame=1,7,46,680,16,20,9,20
frame=2,0,36,2379,27,26,13,30
frame=2,1,36,2431,27,21,7,27
frame=2,2,21,4010,21,24,0,25
frame=2,3,46,656,16,24,-1,22
frame=2,4,36,2313,28,20,10,19
frame=2,5,35,2695,29,23,16,22
frame=2,6,47,584,17,24,14,23
frame=2,7,52,219,12,21,12,22
frame=3,0,36,2405,27,26,13,26
frame=3,1,36,2333,28,19,8,23
frame=3,2,0,4038,21,22,1,21
frame=3,3,50,407,14,20,0,16
frame=3,4,35,2739,27,18,10,15
frame=3,5,35,2718,29,21,16,17
frame=3,6,46,633,18,23,14,19
frame=3,7,56,0,8,20,10,18
frame=4,0,0,3463,34,20,17,16
frame=4,1,0,3483,34,16,16,14
frame=4,2,35,2872,25,22,7,15
frame=4,3,49,451,15,22,5,14
frame=4,4,0,3930,32,15,15,9
frame=4,5,0,3775,33,14,17,8
frame=4,6,21,4034,21,23,14,14
frame=4,7,46,608,18,25,11,17
frame=5,0,0,1466,39,17,21,14
frame=5,1,0,2033,37,15,16,13
frame=5,2,42,4039,21,21,3,13
frame=5,3,21,4057,21,20,6,11
frame=5,4,0,1711,38,12,17,6
frame=5,5,0,3032,35,18,19,8
frame=5,6,20,4108,19,25,16,13
frame=5,7,35,2984,23,23,16,14

[swing]
frames=4
duration=3
type=play_once
frame=0,0,41,1164,23,51,13,52
frame=0,1,0,1353,39,47,19,52
frame=0,2,0,1112,42,37,15,49
frame=0,3,0,3550,33,33,7,44
frame=0,4,45,843,19,32,-2,40
frame=0,5,32,3860,32,33,7,40
frame=0,6,0,2526,35,42,14,44
frame=0,7,35,2452,29,49,14,48
frame=1,0,38,1546,26,48,19,47
frame=1,1,38,1497,26,49,16,51
frame=1,2,0,1071,43,41,18,49
frame=1,3,0,979,44,31,11,43
frame=1,4,34,3426,30,30,0,36
frame=1,5,35,2956,23,28,1,32
frame=1,6,0,1884,37,29,14,33
frame=1,7,0,1400,39,40,22,40
frame=2,0,0,893,45,28,28,31
frame=2,1,40,1324,23,36,16,38
frame=2,2,35,2575,29,36,13,40
frame=2,3,0,921,45,26,14,34
frame=2,4,0,864,45,29,10,34
frame=2,5,39,1399,25,36,1,33
frame=2,6,37,1908,27,36,8,31
frame=2,7,0,664,46,28,25,29
frame=3,0,0,1658,38,27,20,32
frame=3,1,36,2352,27,27,15,32
frame=3,2,47,502,17,28,5,33
frame=3,3,0,3700,33,27,11,34
frame=3,4,0,2192,36,30,11,34
frame=3,5,38,1667,26,35,7,34
frame=3,6,45,700,19,39,6,35
frame=3,7,0,3192,34,34,16,33

[hit]
frames=2
duration=2
type=play_once
frame=0,0,0,3901,32,29,15,34
frame=0,1,0,2390,36,23,13,30
frame=0,2,36,2284,28,29,8,31
frame=0,3,47,530,17,28,1,27
frame=0,4,34,3456,30,29,10,29
frame=0,5,0,2364,36,26,17,28
frame=0,6,33,3588,31,34,15,33
frame=0,7,45,905,19,27,11,27
frame=1,0,33,3683,31,30,14,33
frame=1,1,0,3008,35,24,14,30
frame=1,2,35,2790,26,30,7,32
frame=1,3,49,427,15,24,1,24
frame=1,4,33,3741,31,27,11,28
frame=1,5,0,3438,34,25,15,27
frame=1,6,39,1467,25,30,12,29
frame=1,7,46,680,16,20,9,20

[block]
frames=2
duration=1
type=play_once
frame=0,0,0,2955,35,27,15,36
frame=0,1,0,1913,37,28,12,37
frame=0,2,36,2158,28,34,5,37
frame=0,3,38,1594,26,38,3,37
frame=0,4,0,2677,35,34,12,34
frame=0,5,0,1272,40,28,19,31
frame=0,6,34,3364,30,32,17,35
frame=0,7,35,2820,26,27,15,32
frame=1,0,0,2982,35,26,15,36
frame=1,1,0,2222,36,30,12,38
frame=1,2,37,1871,27,37,5,39
frame=1,3,36,2119,28,39,3,38
frame=1,4,0,3226,34,34,11,34
frame=1,5,0,1440,39,26,18,29
frame=1,6,35,2642,29,29,16,33
frame=1,7,35,2847,26,25,16,31
