
image=images/avatar/male/plate_boots.png

[stance]
frames=4
duration=6
type=back_forth
frame=0,0,77,95,37,21,16,16
frame=0,1,242,70,36,20,17,17
frame=0,2,52,389,22,27,10,19
frame=0,3,221,73,21,27,10,18
frame=0,4,69,136,36,22,19,17
frame=0,5,99,259,35,18,18,14
frame=0,6,134,259,22,23,11,15
frame=0,7,91,202,19,26,7,17
frame=1,0,34,114,37,21,16,16
frame=1,1,279,90,36,20,17,17
frame=1,2,110,202,22,27,10,19
frame=1,3,159,180,21,27,10,18
frame=1,4,69,158,36,22,19,17
frame=1,5,181,248,35,18,18,14
frame=1,6,385,313,22,23,11,15
frame=1,7,298,387,19,25,7,16
frame=2,0,317,45,37,20,17,15
frame=2,1,316,110,36,20,17,17
frame=2,2,74,389,22,27,10,19
frame=2,3,103,341,21,26,10,17
frame=2,4,277,46,36,23,19,17
frame=2,5,19,372,35,17,18,13
frame=2,6,349,67,23,23,11,15
frame=2,7,328,361,19,25,8,16
frame=3,0,372,73,37,20,16,15
frame=3,1,109,116,36,20,17,17
frame=3,2,96,389,22,27,10,19
frame=3,3,160,326,21,26,10,17
frame=3,4,58,180,36,22,19,17
frame=3,5,181,266,35,18,18,14
frame=3,6,269,338,22,23,11,15
frame=3,7,347,361,19,25,7,16

[shoot]
frames=4
duration=3
type=play_once
frame=0,0,315,88,34,22,14,17
frame=0,1,319,190,33,19,15,16
frame=0,2,219,100,23,25,10,18
frame=0,3,250,362,19,26,10,18
frame=0,4,94,180,33,22,18,17
frame=0,5,62,275,32,18,17,15
frame=0,6,291,338,22,23,11,16
frame=0,7,371,337,17,25,6,17
frame=1,0,127,180,32,22,13,17
frame=1,1,313,227,34,20,15,16
frame=1,2,157,207,23,26,10,18
frame=1,3,146,362,19,27,10,18
frame=1,4,216,234,31,22,18,16
frame=1,5,94,277,32,18,17,15
frame=1,6,158,282,23,23,11,17
frame=1,7,317,387,16,25,5,18
frame=2,0,180,179,32,23,13,18
frame=2,1,247,251,33,19,15,16
frame=2,2,248,313,23,25,10,18
frame=2,3,224,18,18,25,9,17
frame=2,4,215,212,32,22,18,16
frame=2,5,126,282,32,18,17,15
frame=2,6,317,313,23,24,11,17
frame=2,7,197,389,16,27,5,19
frame=3,0,283,168,34,22,14,17
frame=3,1,315,269,33,19,15,16
frame=3,2,280,288,23,25,10,18
frame=3,3,160,389,19,27,10,18
frame=3,4,317,168,33,22,18,17
frame=3,5,181,284,32,18,17,15
frame=3,6,276,387,22,23,11,16
frame=3,7,366,362,17,25,6,17

[run]
frames=8
duration=2
type=looped
frame=0,0,132,202,25,28,-1,25
frame=0,1,32,179,26,25,3,20
frame=0,2,123,25,20,23,7,18
frame=0,3,54,368,21,21,14,18
frame=0,4,119,48,24,22,21,22
frame=0,5,0,389,26,27,19,29
frame=0,6,105,136,17,30,7,32
frame=0,7,25,240,17,32,-2,31
frame=1,0,181,302,31,18,2,18
frame=1,1,352,110,20,24,-1,16
frame=1,2,383,362,16,25,5,15
frame=1,3,216,256,30,23,20,15
frame=1,4,214,190,33,22,25,19
frame=1,5,75,367,22,22,18,23
frame=1,6,103,322,16,19,7,22
frame=1,7,62,321,27,18,4,22
frame=2,0,143,0,51,18,16,19
frame=2,1,242,44,35,26,10,18
frame=2,2,86,339,17,28,7,17
frame=2,3,330,0,42,23,26,17
frame=2,4,95,0,48,25,31,22
frame=2,5,0,135,32,38,21,31
frame=2,6,0,279,18,37,6,29
frame=2,7,0,0,44,32,14,28
frame=3,0,287,0,43,22,10,22
frame=3,1,114,70,29,22,5,17
frame=3,2,313,338,17,23,7,16
frame=3,3,280,249,34,20,24,18
frame=3,4,39,66,38,29,28,26
frame=3,5,0,204,24,38,18,33
frame=3,6,0,353,19,36,7,31
frame=3,7,0,64,39,33,10,31
frame=4,0,156,261,25,21,-1,22
frame=4,1,207,341,21,21,2,18
frame=4,2,383,387,17,23,7,18
frame=4,3,387,185,26,25,19,20
frame=4,4,156,233,25,28,21,25
frame=4,5,42,236,20,31,14,31
frame=4,6,122,136,19,30,7,32
frame=4,7,26,389,26,27,2,29
frame=5,0,314,247,31,22,3,19
frame=5,1,114,92,29,21,5,15
frame=5,2,259,388,17,26,6,16
frame=5,3,248,338,21,24,16,16
frame=5,4,347,239,33,20,25,18
frame=5,5,126,300,31,18,21,21
frame=5,6,228,341,17,21,7,23
frame=5,7,42,267,20,23,0,23
frame=6,0,44,0,51,25,16,22
frame=6,1,242,0,45,22,14,16
frame=6,2,217,362,17,28,6,17
frame=6,3,60,202,31,26,21,18
frame=6,4,194,0,48,18,32,19
frame=6,5,0,32,41,32,26,28
frame=6,6,24,204,17,36,7,29
frame=6,7,0,97,34,38,9,31
frame=7,0,77,67,37,28,6,24
frame=7,1,278,69,36,21,8,18
frame=7,2,354,23,18,23,6,15
frame=7,3,349,90,23,20,18,15
frame=7,4,141,159,35,21,27,21
frame=7,5,0,173,32,31,23,29
frame=7,6,0,316,18,37,7,33
frame=7,7,0,242,25,37,3,32

[die]
frames=6
duration=4
type=play_once
frame=0,0,84,25,39,20,16,15
frame=0,1,39,95,38,19,15,16
frame=0,2,393,286,20,27,8,18
frame=0,3,140,389,20,27,9,17
frame=0,4,176,158,36,21,20,15
frame=0,5,247,189,36,18,21,13
frame=0,6,124,341,22,26,12,17
frame=0,7,309,361,19,26,8,17
frame=1,0,242,90,37,20,16,15
frame=1,1,184,18,40,20,17,17
frame=1,2,132,230,24,29,10,20
frame=1,3,366,387,17,25,7,15
frame=1,4,180,202,34,23,18,17
frame=1,5,143,97,38,17,21,13
frame=1,6,271,313,23,25,12,17
frame=1,7,201,362,16,27,7,18
frame=2,0,143,33,39,19,14,14
frame=2,1,182,77,38,23,13,17
frame=2,2,18,279,19,31,7,19
frame=2,3,218,125,24,22,13,10
frame=2,4,182,38,39,17,25,13
frame=2,5,242,110,37,20,24,14
frame=2,6,165,362,19,27,10,19
frame=2,7,118,389,22,27,8,19
frame=3,0,372,93,37,18,11,14
frame=3,1,280,22,37,24,11,17
frame=3,2,41,204,19,32,7,19
frame=3,3,97,367,26,22,14,10
frame=3,4,143,18,41,15,26,11
frame=3,5,181,100,38,16,24,13
frame=3,6,354,46,18,21,9,15
frame=3,7,389,160,24,25,8,19
frame=4,0,372,40,39,16,9,4
frame=4,1,315,209,35,18,15,4
frame=4,2,126,318,25,23,22,7
frame=4,3,37,290,23,20,26,10
frame=4,4,105,166,35,14,30,14
frame=4,5,246,270,34,17,19,15
frame=4,6,208,320,23,21,1,17
frame=4,7,213,147,29,21,3,13
frame=5,0,62,259,37,16,5,4
frame=5,1,352,167,35,17,14,3
frame=5,2,387,210,26,23,25,7
frame=5,3,157,305,24,21,28,12
frame=5,4,352,134,37,16,31,17
frame=5,5,352,203,35,17,19,18
frame=5,6,181,341,26,21,0,19
frame=5,7,181,320,27,21,-2,14

[cast]
frames=4
duration=3
type=play_once
frame=0,0,212,168,35,22,17,17
frame=0,1,279,110,37,20,19,17
frame=0,2,389,134,24,26,11,19
frame=0,3,108,295,18,27,8,18
frame=0,4,181,225,34,23,17,17
frame=0,5,242,130,37,18,17,14
frame=0,6,216,279,24,24,12,15
frame=0,7,350,386,16,26,7,17
frame=1,0,314,65,35,23,17,18
frame=1,1,280,269,35,19,18,16
frame=1,2,85,295,23,26,10,19
frame=1,3,388,336,18,26,8,18
frame=1,4,247,207,33,22,16,16
frame=1,5,350,220,34,19,16,15
frame=1,6,349,288,22,25,11,16
frame=1,7,179,389,18,27,8,18
frame=2,0,372,111,35,23,17,18
frame=2,1,280,207,35,20,17,17
frame=2,2,213,390,23,26,10,19
frame=2,3,333,386,17,26,8,18
frame=2,4,247,229,33,22,16,16
frame=2,5,380,239,33,19,16,15
frame=2,6,303,288,23,25,11,17
frame=2,7,234,362,16,28,7,19
frame=3,0,141,136,35,23,17,18
frame=3,1,316,130,36,19,18,16
frame=3,2,236,390,23,26,10,19
frame=3,3,184,362,17,27,8,18
frame=3,4,280,227,33,22,16,16
frame=3,5,352,184,35,19,17,15
frame=3,6,294,313,23,25,12,17
frame=3,7,231,313,17,28,8,19

[swing]
frames=4
duration=3
type=play_once
frame=0,0,242,22,38,22,16,17
frame=0,1,181,116,37,21,17,18
frame=0,2,221,43,21,30,9,21
frame=0,3,109,229,23,30,11,20
frame=0,4,317,23,37,22,19,17
frame=0,5,279,130,37,19,20,15
frame=0,6,371,288,22,25,11,17
frame=0,7,240,287,20,26,7,18
frame=1,0,71,116,38,20,17,15
frame=1,1,279,149,37,19,18,16
frame=1,2,18,310,22,31,10,22
frame=1,3,19,341,23,31,10,21
frame=1,4,41,42,39,24,19,18
frame=1,5,372,56,38,17,19,13
frame=1,6,340,313,23,24,11,15
frame=1,7,260,287,20,26,8,17
frame=2,0,32,135,37,22,16,16
frame=2,1,80,45,39,22,17,18
frame=2,2,86,228,23,31,10,21
frame=2,3,371,259,22,29,10,19
frame=2,4,143,52,39,23,20,17
frame=2,5,44,25,40,17,21,13
frame=2,6,326,288,23,25,11,16
frame=2,7,269,361,20,26,8,17
frame=3,0,182,55,39,22,16,17
frame=3,1,372,0,41,22,17,18
frame=3,2,62,228,24,31,10,21
frame=3,3,348,259,23,29,10,18
frame=3,4,143,75,39,22,21,16
frame=3,5,372,22,41,18,23,14
frame=3,6,330,337,21,24,11,16
frame=3,7,393,258,20,28,8,19

[hit]
frames=2
duration=2
type=play_once
frame=0,0,84,25,39,20,16,15
frame=0,1,39,95,38,19,15,16
frame=0,2,393,286,20,27,8,18
frame=0,3,140,389,20,27,9,17
frame=0,4,176,158,36,21,20,15
frame=0,5,247,189,36,18,21,13
frame=0,6,124,341,22,26,12,17
frame=0,7,309,361,19,26,8,17
frame=1,0,242,90,37,20,16,15
frame=1,1,184,18,40,20,17,17
frame=1,2,132,230,24,29,10,20
frame=1,3,366,387,17,25,7,15
frame=1,4,180,202,34,23,18,17
frame=1,5,143,97,38,17,21,13
frame=1,6,271,313,23,25,12,17
frame=1,7,201,362,16,27,7,18

[block]
frames=2
duration=1
type=play_once
frame=0,0,242,148,37,20,15,15
frame=0,1,176,137,37,21,16,18
frame=0,2,40,310,22,29,10,21
frame=0,3,64,339,22,28,11,19
frame=0,4,32,157,37,22,20,17
frame=0,5,352,150,37,17,20,13
frame=0,6,363,313,22,24,11,16
frame=0,7,289,361,20,26,7,17
frame=1,0,316,149,36,19,15,14
frame=1,1,247,168,36,21,16,18
frame=1,2,42,339,22,29,10,21
frame=1,3,62,293,23,28,11,19
frame=1,4,145,114,36,22,19,17
frame=1,5,283,190,36,17,19,13
frame=1,6,123,367,23,22,11,14
frame=1,7,351,337,20,24,7,15
