
[stance]
frames=4
duration=180
type=back_forth
frame=0,0,1781,44,29,20,12,35
frame=0,1,2050,18,11,18,-13,28
frame=0,2,1274,0,19,26,-12,29
frame=0,3,1721,44,30,20,-2,20
frame=0,4,493,42,29,22,10,18
frame=0,5,1310,0,15,26,15,21
frame=0,6,1180,27,16,27,24,29
frame=0,7,1882,20,22,20,25,32
frame=1,0,370,43,30,21,13,36
frame=1,1,1294,26,16,26,-8,36
frame=1,2,1275,26,19,26,-13,30
frame=1,3,1751,44,30,20,-3,20
frame=1,4,433,42,30,22,10,18
frame=1,5,1415,25,14,25,15,21
frame=1,6,1186,0,16,27,24,29
frame=1,7,1865,41,23,20,26,32
frame=2,0,522,42,29,22,13,37
frame=2,1,829,36,16,28,-8,38
frame=2,2,1167,0,19,27,-13,31
frame=2,3,308,43,31,21,-3,21
frame=2,4,463,42,30,22,9,18
frame=2,5,1400,25,15,25,15,21
frame=2,6,1293,0,17,26,25,28
frame=2,7,1930,0,24,19,27,32
frame=3,0,1545,24,28,23,13,37
frame=3,1,1196,27,15,27,-7,37
frame=3,2,900,36,20,27,-12,31
frame=3,3,339,43,31,21,-3,21
frame=3,4,1784,22,29,21,8,17
frame=3,5,1420,0,14,25,14,20
frame=3,6,1389,0,16,25,24,27
frame=3,7,1947,39,24,19,27,31

[run]
frames=8
duration=60
type=looped
frame=0,0,212,45,32,19,23,32
frame=0,1,1336,26,23,25,9,37
frame=0,2,860,36,11,28,-8,36
frame=0,3,1452,24,26,24,-5,29
frame=0,4,276,44,32,20,2,23
frame=0,5,1359,25,21,25,5,22
frame=0,6,871,36,11,28,12,26
frame=0,7,750,39,26,25,24,30
frame=1,0,1954,0,23,19,15,31
frame=1,1,1888,40,15,20,-5,29
frame=1,2,1854,0,10,21,-8,26
frame=1,3,1952,19,24,19,0,22
frame=1,4,1668,0,28,22,8,22
frame=1,5,944,35,19,29,12,26
frame=1,6,1158,0,9,30,13,30
frame=1,7,1226,0,26,26,19,31
frame=2,0,1760,22,15,22,0,32
frame=2,1,1976,19,17,19,-7,26
frame=2,2,1990,38,11,19,-6,22
frame=2,3,1835,0,19,21,5,21
frame=2,4,1232,26,22,26,15,24
frame=2,5,1141,30,14,30,16,30
frame=2,6,1053,33,14,31,12,34
frame=2,7,1254,26,21,26,10,35
frame=3,0,1696,0,26,22,6,31
frame=3,1,2017,18,18,18,-4,26
frame=3,2,2060,0,10,18,-7,22
frame=3,3,1971,38,19,19,3,21
frame=3,4,1626,0,22,23,12,23
frame=3,5,1646,23,12,23,14,28
frame=3,6,1155,30,11,30,10,31
frame=3,7,1473,0,20,24,11,29
frame=4,0,1854,21,28,20,15,28
frame=4,1,1554,47,24,17,7,27
frame=4,2,1993,0,11,19,-6,25
frame=4,3,2028,0,18,18,-2,22
frame=4,4,1810,43,26,21,6,22
frame=4,5,808,36,21,28,10,25
frame=4,6,1222,27,10,27,9,24
frame=4,7,1110,0,17,30,15,31
frame=5,0,1658,45,31,19,26,29
frame=5,1,1813,21,22,21,16,35
frame=5,2,1916,20,10,20,-6,30
frame=5,3,1252,0,22,26,-7,32
frame=5,4,244,45,32,19,-2,23
frame=5,5,1576,0,27,23,4,21
frame=5,6,1434,0,12,25,8,21
frame=5,7,1347,0,22,25,22,26
frame=6,0,582,41,29,23,29,35
frame=6,1,1027,33,26,31,19,45
frame=6,2,978,0,14,35,-1,48
frame=6,3,941,0,22,35,-10,44
frame=6,4,776,36,32,28,-7,33
frame=6,5,1658,23,29,22,0,23
frame=6,6,1509,0,15,24,7,22
frame=6,7,1627,23,19,23,22,26
frame=7,0,1689,44,32,20,27,33
frame=7,1,1478,24,19,24,15,41
frame=7,2,1077,0,11,31,-6,42
frame=7,3,920,35,24,29,-8,36
frame=7,4,400,42,33,22,-3,26
frame=7,5,1722,0,24,22,1,22
frame=7,6,1325,0,11,26,9,23
frame=7,7,1603,0,23,23,24,27

[ranged]
frames=4
duration=90
type=play_once
frame=0,0,640,40,27,24,6,25
frame=0,1,1124,30,17,30,7,27
frame=0,2,1063,0,14,31,10,29
frame=0,3,667,40,27,24,18,27
frame=0,4,0,49,29,15,16,25
frame=0,5,2070,0,16,17,1,26
frame=0,6,1904,20,12,20,-3,26
frame=0,7,2001,37,22,18,-1,24
frame=1,0,1548,0,28,23,6,25
frame=1,1,982,35,18,29,7,27
frame=1,2,1166,30,14,29,10,29
frame=1,3,694,40,27,24,18,28
frame=1,4,1578,46,30,18,16,29
frame=1,5,1903,40,15,20,0,29
frame=1,6,1762,0,13,22,-3,28
frame=1,7,1608,46,26,18,2,24
frame=2,0,611,41,29,23,7,25
frame=2,1,963,35,19,29,8,27
frame=2,2,1144,0,14,30,10,30
frame=2,3,1573,23,28,23,18,28
frame=2,4,181,46,31,18,16,29
frame=2,5,1892,0,16,20,0,28
frame=2,6,1775,0,13,22,-3,28
frame=2,7,1926,20,26,19,2,24
frame=3,0,1601,23,26,23,5,24
frame=3,1,1127,0,17,30,7,27
frame=3,2,1067,31,14,31,10,29
frame=3,3,1446,0,27,24,18,27
frame=3,4,1918,40,29,19,16,29
frame=3,5,1977,0,16,19,1,28
frame=3,6,1908,0,12,20,-3,26
frame=3,7,1634,46,24,18,1,24

[ment]
frames=4
duration=90
type=play_once
frame=0,0,845,0,27,36,17,57
frame=0,1,553,0,20,41,-3,59
frame=0,2,372,0,17,43,-18,54
frame=0,3,639,0,27,40,-13,45
frame=0,4,912,0,29,35,0,36
frame=0,5,1088,0,22,30,12,33
frame=0,6,845,36,15,28,22,38
frame=0,7,1081,31,23,30,27,48
frame=1,0,513,0,19,42,7,66
frame=1,1,353,0,19,43,-3,66
frame=1,2,216,0,22,45,-9,63
frame=1,3,86,0,21,48,-10,59
frame=1,4,0,0,20,49,-3,55
frame=1,5,39,0,24,48,10,55
frame=1,6,442,0,26,42,19,57
frame=1,7,468,0,25,42,18,62
frame=2,0,532,0,21,41,-2,66
frame=2,1,493,0,20,42,-10,63
frame=2,2,193,0,23,45,-9,59
frame=2,3,63,0,23,48,-2,56
frame=2,4,145,0,18,47,6,57
frame=2,5,20,0,19,49,16,60
frame=2,6,746,0,28,39,20,64
frame=2,7,389,0,27,42,12,67
frame=3,0,573,0,20,41,-9,64
frame=3,1,593,0,19,41,-14,59
frame=3,2,255,0,22,44,-8,54
frame=3,3,124,0,21,47,3,53
frame=3,4,107,0,17,48,12,55
frame=3,5,1539,24,6,24,20,61
frame=3,6,666,0,27,40,18,66
frame=3,7,304,0,26,43,6,67

[die]
frames=6
duration=120
type=play_once
frame=0,0,1498,48,23,15,7,27
frame=0,1,2086,15,10,15,-11,22
frame=0,2,100,48,17,16,-9,18
frame=0,3,2004,0,24,18,0,15
frame=0,4,1380,25,20,25,10,17
frame=0,5,891,36,9,28,15,21
frame=0,6,1323,26,13,26,22,26
frame=0,7,2070,34,16,17,20,26
frame=1,0,1370,50,11,14,-4,26
frame=1,1,2086,45,8,17,-11,23
frame=1,2,2039,36,14,18,-7,18
frame=1,3,1497,24,16,24,1,17
frame=1,4,1215,0,11,27,10,18
frame=1,5,1658,0,10,23,16,18
frame=1,6,1526,24,13,24,19,26
frame=1,7,1239,52,7,12,12,20
frame=2,0,1328,52,11,7,-2,14
frame=2,1,2094,45,7,15,-11,20
frame=2,2,2061,18,9,17,-9,15
frame=2,3,1920,0,10,20,-1,13
frame=2,4,1775,22,9,22,8,13
frame=2,5,2053,36,8,18,14,13
frame=2,6,1853,42,12,21,17,22
frame=2,7,1391,50,10,14,10,20
frame=3,0,1246,52,6,12,-7,19
frame=3,1,1252,52,6,12,-12,15
frame=3,2,1339,51,7,13,-10,10
frame=3,3,1401,50,9,14,-1,7
frame=3,4,117,48,8,16,9,8
frame=3,5,1353,51,6,13,15,8
frame=3,6,2086,30,9,15,16,17
frame=3,7,1199,59,4,5,7,16
frame=4,0,1192,59,7,5,-9,9
frame=4,1,1313,52,6,8,-12,5
frame=4,2,1324,52,4,8,-7,0
frame=4,3,1319,52,5,8,5,-1
frame=4,4,1224,54,8,8,15,2
frame=4,5,1081,61,7,3,18,4
frame=5,0,1166,59,26,5,-10,9
frame=5,1,1258,52,21,11,-13,3
frame=5,2,1346,51,7,13,-7,-5
frame=5,3,1279,52,18,11,17,-6
frame=5,4,1180,54,24,5,34,-1
frame=5,5,1204,54,20,9,33,11
frame=5,6,1410,50,6,13,12,20
frame=5,7,1297,52,16,11,-2,19

[melee]
frames=4
duration=90
type=play_once
frame=0,0,774,0,36,36,8,57
frame=0,1,992,0,30,34,-2,52
frame=0,2,963,0,15,35,-10,48
frame=0,3,1022,0,29,33,3,44
frame=0,4,810,0,35,36,14,46
frame=0,5,416,0,26,42,17,52
frame=0,6,180,0,13,46,12,58
frame=0,7,715,0,31,39,14,60
frame=1,0,277,0,27,43,18,62
frame=1,1,612,0,27,40,6,63
frame=1,2,872,0,22,36,-9,58
frame=1,3,894,0,18,36,-15,52
frame=1,4,693,0,22,40,-7,48
frame=1,5,330,0,23,43,6,47
frame=1,6,238,0,17,45,15,50
frame=1,7,163,0,17,46,21,57
frame=2,0,721,39,29,25,44,35
frame=2,1,1104,30,20,30,27,50
frame=2,2,1051,0,12,33,-4,53
frame=2,3,1000,34,27,30,-18,45
frame=2,4,551,41,31,23,-22,29
frame=2,5,1739,22,21,22,-15,16
frame=2,6,1537,0,11,24,7,14
frame=2,7,1714,22,25,22,36,20
frame=3,0,1814,0,21,21,32,19
frame=3,1,1452,48,23,15,26,25
frame=3,2,1416,50,7,6,2,19
frame=3,3,1381,50,10,14,-11,24
frame=3,4,1521,48,20,15,-14,18
frame=3,5,1835,21,19,21,-9,12
frame=3,6,1443,25,9,25,1,10
frame=3,7,1429,25,14,25,19,13

[hit]
frames=2
duration=60
type=play_once
frame=0,0,1475,48,23,15,7,27
frame=0,1,2086,0,10,15,-11,22
frame=0,2,83,48,17,16,-9,18
frame=0,3,1993,19,24,18,0,15
frame=0,4,1369,0,20,25,10,17
frame=0,5,882,36,9,28,15,21
frame=0,6,1310,26,13,26,22,26
frame=0,7,2070,17,16,17,20,26
frame=1,0,1359,50,11,14,-4,26
frame=1,1,2061,35,8,17,-11,23
frame=1,2,2046,0,14,18,-7,18
frame=1,3,1493,0,16,24,1,17
frame=1,4,1211,27,11,27,10,18
frame=1,5,1648,0,10,23,16,18
frame=1,6,1524,0,13,24,19,26
frame=1,7,1232,52,7,12,12,20

[block]
frames=2
duration=30
type=play_once
frame=0,0,1541,48,13,15,-5,29
frame=0,1,1836,42,17,21,-7,29
frame=0,2,1746,0,16,22,-11,24
frame=0,3,125,47,28,17,0,17
frame=0,4,1687,22,27,22,11,17
frame=0,5,1405,0,15,25,16,20
frame=0,6,1202,0,13,27,21,28
frame=0,7,1864,0,28,20,22,30
frame=1,0,29,49,28,15,10,27
frame=1,1,2023,36,16,18,-7,25
frame=1,2,2035,18,15,18,-10,19
frame=1,3,57,48,26,16,1,15
frame=1,4,1788,0,26,21,12,16
frame=1,5,1513,24,13,24,15,18
frame=1,6,1336,0,11,26,20,26
frame=1,7,153,47,28,17,21,25
