
image=images/avatar/male/slingshot.png

[stance]
frames=4
duration=180
type=back_forth
frame=0,0,129,38,13,26,16,33
frame=0,1,547,33,12,26,11,38
frame=0,2,967,23,13,23,-2,38
frame=0,3,570,33,15,25,-7,37
frame=0,4,939,23,14,23,-11,31
frame=0,5,891,23,16,23,-4,26
frame=0,6,1227,42,15,21,6,25
frame=0,7,1529,12,6,11,13,28
frame=1,0,142,38,13,26,16,33
frame=1,1,656,33,12,25,11,37
frame=1,2,970,0,13,23,-2,38
frame=1,3,585,33,15,25,-7,37
frame=1,4,942,0,14,23,-11,31
frame=1,5,894,0,16,23,-4,26
frame=1,6,1241,0,15,21,6,24
frame=1,7,1522,32,6,11,13,28
frame=2,0,643,33,13,25,16,32
frame=2,1,668,33,12,25,11,37
frame=2,2,1269,21,11,21,-4,36
frame=2,3,772,32,15,24,-7,36
frame=2,4,953,23,14,23,-11,31
frame=2,5,907,23,16,23,-4,26
frame=2,6,1241,21,15,21,6,24
frame=2,7,1501,53,6,11,13,27
frame=3,0,731,32,12,25,16,32
frame=3,1,743,32,11,25,11,36
frame=3,2,570,58,9,6,-6,21
frame=3,3,783,0,15,24,-7,36
frame=3,4,1103,0,14,22,-11,30
frame=3,5,1048,22,16,22,-4,25
frame=3,6,1346,19,15,19,6,23
frame=3,7,1507,53,6,11,13,27

[run]
frames=8
duration=60
type=looped
frame=0,0,886,46,19,18,6,20
frame=0,1,1361,19,14,19,13,23
frame=0,2,1370,0,14,19,13,28
frame=0,3,924,46,18,18,12,28
frame=0,4,1285,40,14,20,1,31
frame=0,5,1003,0,18,22,-2,30
frame=0,6,1111,22,14,22,-6,27
frame=0,7,1172,21,18,21,-1,24
frame=1,0,1188,0,18,21,13,24
frame=1,1,910,0,16,23,17,29
frame=1,2,615,33,14,25,12,35
frame=1,3,1309,0,10,20,-3,33
frame=1,4,993,22,19,22,-2,34
frame=1,5,1208,21,17,21,-8,28
frame=1,6,1280,20,15,20,-5,23
frame=1,7,1312,39,18,19,5,21
frame=2,0,17,39,16,25,17,29
frame=2,1,115,38,14,26,17,35
frame=2,2,85,38,15,26,8,39
frame=2,3,100,38,15,26,-4,40
frame=2,4,33,39,16,25,-9,36
frame=2,5,787,24,15,24,-11,30
frame=2,6,1039,0,17,22,-1,25
frame=2,7,1056,0,16,22,10,24
frame=3,0,1139,22,12,22,15,28
frame=3,1,629,33,14,25,16,33
frame=3,2,559,33,11,26,9,38
frame=3,3,980,23,13,23,-4,36
frame=3,4,874,23,17,23,-6,35
frame=3,5,923,23,16,23,-9,29
frame=3,6,1064,22,16,22,-2,25
frame=3,7,1224,0,17,21,8,24
frame=4,0,1174,42,18,21,10,25
frame=4,1,767,0,16,24,14,29
frame=4,2,534,33,13,26,11,34
frame=4,3,758,24,10,8,-2,20
frame=4,4,859,0,18,23,0,34
frame=4,5,1012,22,18,22,-5,29
frame=4,6,1242,42,15,21,-4,25
frame=4,7,1052,44,18,20,4,23
frame=5,0,866,46,20,18,3,21
frame=5,1,1190,21,18,21,10,23
frame=5,2,1295,20,14,20,13,28
frame=5,3,1106,44,17,20,13,31
frame=5,4,905,46,19,18,9,30
frame=5,5,1225,21,16,21,-2,31
frame=5,6,1088,0,15,22,-6,29
frame=5,7,1206,0,18,21,-3,25
frame=6,0,1168,0,20,21,-3,23
frame=6,1,994,44,20,20,7,21
frame=6,2,1117,0,14,22,13,24
frame=6,3,1278,0,16,20,17,29
frame=6,4,1123,44,17,20,15,32
frame=6,5,1257,42,12,21,-2,33
frame=6,6,798,0,14,24,-7,34
frame=6,7,877,0,17,23,-8,29
frame=7,0,1309,20,19,19,1,21
frame=7,1,1014,44,19,20,10,21
frame=7,2,1384,0,10,19,14,26
frame=7,3,1140,44,17,20,15,30
frame=7,4,1033,44,19,20,11,31
frame=7,5,1294,0,15,20,-2,31
frame=7,6,1125,22,14,22,-7,30
frame=7,7,1021,0,18,22,-5,26

[ranged]
frames=4
duration=90
type=play_once
frame=0,0,744,0,23,24,20,28
frame=0,1,836,0,23,23,20,34
frame=0,2,825,0,11,24,10,39
frame=0,3,348,35,16,27,-3,40
frame=0,4,851,23,23,23,-5,35
frame=0,5,827,24,24,23,-5,28
frame=0,6,173,37,17,27,-2,27
frame=0,7,190,37,17,27,11,27
frame=1,0,680,32,34,32,22,42
frame=1,1,414,0,36,33,19,49
frame=1,2,0,0,24,39,6,53
frame=1,3,24,0,24,39,-4,51
frame=1,4,450,0,35,33,1,44
frame=1,5,672,0,36,32,5,37
frame=1,6,150,0,25,37,7,39
frame=1,7,175,0,23,37,16,41
frame=2,0,609,0,17,33,24,43
frame=2,1,626,0,16,33,20,51
frame=2,2,443,33,18,31,6,55
frame=2,3,708,0,19,32,-9,54
frame=2,4,714,32,17,32,-19,47
frame=2,5,727,0,17,32,-15,39
frame=2,6,572,0,19,33,0,35
frame=2,7,277,35,13,29,16,36
frame=3,0,1328,19,18,19,19,21
frame=3,1,1080,22,16,22,21,29
frame=3,2,815,24,12,24,13,35
frame=3,3,812,0,13,24,-2,37
frame=3,4,1030,22,18,22,-8,33
frame=3,5,1210,42,17,21,-11,26
frame=3,6,1375,19,14,19,-7,19
frame=3,7,1389,19,16,18,8,18

[ment]
frames=4
duration=90
type=play_once
frame=0,0,1530,0,5,12,20,40
frame=0,1,1501,42,10,11,19,46
frame=0,2,224,36,21,28,7,49
frame=0,3,245,35,17,29,-8,47
frame=0,4,262,35,15,29,-15,41
frame=0,5,313,35,20,28,-9,35
frame=0,6,404,34,20,30,3,32
frame=0,7,461,33,16,31,14,34
frame=1,0,355,0,20,35,19,44
frame=1,1,642,0,15,33,23,50
frame=1,2,380,34,24,30,14,55
frame=1,3,424,33,19,31,-4,55
frame=1,4,591,0,18,33,-13,51
frame=1,5,551,0,21,33,-14,45
frame=1,6,288,0,23,35,-3,41
frame=1,7,220,0,20,36,10,40
frame=2,0,112,0,19,38,14,46
frame=2,1,240,0,24,35,22,51
frame=2,2,657,0,15,33,19,56
frame=2,3,485,0,22,33,6,58
frame=2,4,375,0,22,34,-5,57
frame=2,5,311,0,22,35,-13,53
frame=2,6,198,0,22,37,-9,47
frame=2,7,48,0,22,38,2,44
frame=3,0,131,0,19,38,12,44
frame=3,1,264,0,24,35,23,49
frame=3,2,397,0,17,34,21,55
frame=3,3,507,0,22,33,10,58
frame=3,4,529,0,22,33,-3,58
frame=3,5,333,0,22,35,-13,54
frame=3,6,70,0,21,38,-12,48
frame=3,7,91,0,21,38,-3,43

[die]
frames=6
duration=120
type=play_once
frame=0,0,1431,17,10,17,19,24
frame=0,1,1151,22,12,22,13,30
frame=0,2,1486,44,15,14,4,25
frame=0,3,1330,38,17,19,-4,29
frame=0,4,1347,38,15,19,-10,23
frame=0,5,1424,0,14,17,-6,17
frame=0,6,1481,30,16,14,6,14
frame=0,7,1408,0,16,17,15,18
frame=1,0,1468,15,16,15,19,17
frame=1,1,1405,18,12,18,15,24
frame=1,2,1431,34,9,17,7,27
frame=1,3,1440,34,15,16,-4,25
frame=1,4,1405,36,16,17,-9,20
frame=1,5,1456,16,12,16,-8,16
frame=1,6,1441,17,15,16,3,12
frame=1,7,1484,15,16,14,13,12
frame=2,0,1500,14,12,13,13,16
frame=2,1,1511,44,10,9,5,14
frame=2,2,1406,53,15,11,0,17
frame=2,3,1497,29,14,13,-5,14
frame=2,4,1469,30,12,15,-5,12
frame=2,5,1511,32,11,12,4,7
frame=2,6,1439,51,15,13,12,9
frame=2,7,1517,0,13,11,16,12
frame=3,0,1516,22,12,10,17,10
frame=3,1,1519,53,6,10,5,13
frame=3,2,731,57,13,7,2,11
frame=3,3,1393,55,13,9,-5,11
frame=3,4,1504,0,13,12,-6,8
frame=3,5,1525,43,9,12,-2,5
frame=3,6,1517,11,12,11,9,4
frame=3,7,744,24,14,8,15,5
frame=4,0,500,60,9,4,20,1
frame=4,1,757,56,3,7,14,8
frame=4,2,554,59,9,5,7,11
frame=4,4,509,60,6,3,-14,2
frame=4,5,754,56,3,8,-11,0
frame=4,6,579,58,9,6,2,-4
frame=4,7,477,60,12,4,15,-4
frame=5,0,588,58,7,6,23,4
frame=5,1,744,57,5,7,15,12
frame=5,2,534,59,10,5,3,13
frame=5,3,348,62,3,2,-18,7
frame=5,4,515,60,3,3,-20,-1
frame=5,5,749,57,5,7,-10,-4
frame=5,6,544,59,10,5,7,-7
frame=5,7,489,60,11,4,21,-4

[melee]
frames=4
duration=90
type=play_once
frame=0,0,1157,44,17,20,17,20
frame=0,1,1096,22,15,22,22,27
frame=0,2,956,0,14,23,14,34
frame=0,3,1421,51,18,13,5,29
frame=0,4,1192,42,18,21,-7,33
frame=0,5,1269,42,16,20,-13,25
frame=0,6,1394,0,14,18,-8,18
frame=0,7,960,46,17,18,6,16
frame=1,0,787,48,17,16,12,14
frame=1,1,977,46,17,18,21,20
frame=1,2,1256,21,13,21,20,28
frame=1,3,1163,22,9,22,10,33
frame=1,4,1475,0,14,15,-5,28
frame=1,5,1376,38,17,18,-10,26
frame=1,6,1362,38,14,19,-12,19
frame=1,7,1455,33,14,16,-2,13
frame=2,0,1256,0,14,21,-2,21
frame=2,1,1319,0,19,19,10,19
frame=2,2,1070,44,18,20,17,24
frame=2,3,1131,0,14,22,16,30
frame=2,4,768,24,7,8,9,34
frame=2,5,942,46,18,18,1,33
frame=2,6,1088,44,18,20,-7,28
frame=2,7,1299,40,13,20,-11,22
frame=3,0,1157,0,11,22,-8,26
frame=3,1,802,24,13,24,1,26
frame=3,2,1072,0,16,22,10,26
frame=3,3,926,0,16,23,14,30
frame=3,4,1270,0,8,21,10,35
frame=3,5,600,33,15,25,8,37
frame=3,6,983,0,20,22,1,35
frame=3,7,754,32,18,24,-5,32

[hit]
frames=2
duration=60
type=play_once
frame=0,0,1421,34,10,17,19,24
frame=0,1,1145,0,12,22,13,30
frame=0,2,1489,0,15,14,4,25
frame=0,3,1338,0,17,19,-4,29
frame=0,4,1355,0,15,19,-10,23
frame=0,5,1417,17,14,17,-6,17
frame=0,6,1454,50,16,14,6,14
frame=0,7,834,47,16,17,15,18
frame=1,0,1459,0,16,15,19,17
frame=1,1,1393,37,12,18,15,24
frame=1,2,1438,0,9,17,7,27
frame=1,3,804,48,15,16,-4,25
frame=1,4,850,47,16,17,-9,20
frame=1,5,1447,0,12,16,-8,16
frame=1,6,819,48,15,16,3,12
frame=1,7,1470,45,16,14,13,12

[block]
frames=2
duration=30
type=play_once
frame=0,0,1513,53,6,11,14,39
frame=0,1,0,39,17,25,6,43
frame=0,2,477,33,15,27,-4,42
frame=0,3,507,33,14,27,-11,39
frame=0,4,364,35,16,27,-8,33
frame=0,5,49,38,18,26,1,29
frame=0,6,521,33,13,27,9,30
frame=0,7,303,35,10,29,15,35
frame=1,0,1528,23,7,12,14,41
frame=1,1,67,38,18,26,6,44
frame=1,2,333,35,15,28,-5,44
frame=1,3,492,33,15,27,-11,39
frame=1,4,155,37,18,27,-7,34
frame=1,5,207,37,17,27,1,30
frame=1,6,290,35,13,29,10,32
frame=1,7,1512,12,4,12,15,36
