
[stance]
frames=4
duration=180
type=back_forth
frame=0,0,74,2783,37,46,16,41
frame=0,1,0,1802,42,42,17,39
frame=0,2,70,3164,35,47,10,39
frame=0,3,0,3902,29,49,10,40
frame=0,4,43,1752,42,45,19,40
frame=0,5,38,2521,38,44,18,40
frame=0,6,37,2940,36,49,18,41
frame=0,7,101,3350,27,51,11,42
frame=1,0,37,2803,37,46,16,41
frame=1,1,84,1833,42,42,17,39
frame=1,2,35,3196,35,47,10,39
frame=1,3,90,3900,29,48,10,39
frame=1,4,85,1788,42,45,19,40
frame=1,5,0,2555,38,44,18,40
frame=1,6,74,2735,37,48,19,40
frame=1,7,101,3401,27,51,11,42
frame=2,0,0,2834,37,46,17,41
frame=2,1,42,1840,42,42,17,39
frame=2,2,70,3211,35,46,10,38
frame=2,3,60,3921,29,48,10,39
frame=2,4,86,1696,42,46,19,40
frame=2,5,76,2558,38,43,18,39
frame=2,6,37,2755,37,48,19,40
frame=2,7,0,3999,28,50,12,41
frame=3,0,74,2829,37,46,16,41
frame=3,1,0,2066,40,42,17,39
frame=3,2,35,3243,35,46,10,38
frame=3,3,29,3943,29,48,10,39
frame=3,4,0,1757,42,45,19,40
frame=3,5,38,2565,38,43,18,39
frame=3,6,36,2989,36,48,18,40
frame=3,7,85,4041,27,50,11,41

[run]
frames=8
duration=60
type=looped
frame=0,0,0,3562,32,48,6,45
frame=0,1,95,3661,31,50,8,45
frame=0,2,0,3308,34,50,13,45
frame=0,3,0,3415,33,48,14,45
frame=0,4,78,2281,39,45,21,45
frame=0,5,0,2599,38,43,19,45
frame=0,6,34,3332,34,42,13,44
frame=0,7,0,3856,30,46,11,45
frame=1,0,0,2510,38,45,9,45
frame=1,1,92,1030,36,52,14,44
frame=1,2,33,3374,33,54,12,44
frame=1,3,78,2413,38,52,20,44
frame=1,4,86,1649,42,47,25,44
frame=1,5,39,2340,39,43,18,44
frame=1,6,33,3474,33,40,13,43
frame=1,7,30,3901,30,42,7,44
frame=2,0,0,461,51,43,16,44
frame=2,1,84,1875,41,51,16,43
frame=2,2,96,3607,31,54,10,43
frame=2,3,43,1613,43,49,26,43
frame=2,4,0,204,53,46,31,43
frame=2,5,0,1332,44,49,21,42
frame=2,6,31,3803,30,51,11,43
frame=2,7,0,1381,44,47,14,43
frame=3,0,45,1174,45,45,12,45
frame=3,1,0,2461,38,49,14,44
frame=3,2,63,3690,31,50,10,43
frame=3,3,86,1742,42,46,24,44
frame=3,4,47,795,47,47,28,44
frame=3,5,0,2191,39,49,18,44
frame=3,6,62,3740,31,48,11,43
frame=3,7,0,2240,39,46,10,44
frame=4,0,96,3563,32,44,6,45
frame=4,1,0,3951,29,48,10,45
frame=4,2,66,3496,32,49,11,44
frame=4,3,39,2424,38,50,19,45
frame=4,4,77,2465,38,48,21,45
frame=4,5,66,3451,33,45,14,45
frame=4,6,32,3611,32,42,11,44
frame=4,7,64,3593,32,43,8,45
frame=5,0,0,2787,37,47,9,44
frame=5,1,31,3705,31,50,7,44
frame=5,2,0,3509,32,53,12,43
frame=5,3,71,3112,35,52,16,44
frame=5,4,0,1623,43,47,25,45
frame=5,5,39,2383,39,41,21,44
frame=5,6,62,3788,31,41,11,43
frame=5,7,70,3257,35,44,13,44
frame=6,0,0,415,51,46,16,43
frame=6,1,0,1153,45,49,14,43
frame=6,2,96,691,32,54,12,43
frame=6,3,0,1572,43,51,21,43
frame=6,4,54,93,54,43,32,44
frame=6,5,44,1358,44,48,26,44
frame=6,6,0,3806,30,50,10,43
frame=6,7,42,1882,41,50,15,43
frame=7,0,0,1885,41,48,10,44
frame=7,1,72,3021,36,47,8,44
frame=7,2,94,865,34,52,13,44
frame=7,3,79,2186,39,49,18,44
frame=7,4,0,1202,45,45,27,45
frame=7,5,0,1933,41,46,23,44
frame=7,6,66,3404,33,47,12,43
frame=7,7,0,2970,36,49,14,44

[ranged]
frames=4
duration=90
type=play_once
frame=0,0,36,3037,36,47,16,42
frame=0,1,0,2332,39,45,19,42
frame=0,2,31,3755,31,48,12,41
frame=0,3,56,4069,27,50,10,42
frame=0,4,41,1932,41,47,18,42
frame=0,5,0,1670,43,45,17,42
frame=0,6,0,3708,31,50,11,43
frame=0,7,82,4136,25,51,9,43
frame=1,0,0,1102,45,51,22,46
frame=1,1,0,956,46,48,19,44
frame=1,2,68,3349,33,55,10,47
frame=1,3,94,811,34,54,10,45
frame=1,4,51,498,50,49,18,43
frame=1,5,46,1027,46,46,17,43
frame=1,6,32,3653,31,52,12,46
frame=1,7,98,3508,30,55,14,48
frame=2,0,0,504,50,49,23,44
frame=2,1,53,190,53,48,21,45
frame=2,2,90,1199,38,57,10,50
frame=2,3,0,3358,33,57,9,49
frame=2,4,0,366,51,49,18,43
frame=2,5,0,54,54,46,22,43
frame=2,6,90,1256,38,53,18,46
frame=2,7,64,3636,31,54,13,46
frame=3,0,0,3019,36,48,14,43
frame=3,1,47,842,47,44,17,41
frame=3,2,83,1926,41,48,12,41
frame=3,3,29,3991,28,51,10,42
frame=3,4,38,2474,38,47,18,42
frame=3,5,45,1219,45,45,22,42
frame=3,6,88,1479,40,50,21,43
frame=3,7,102,446,26,52,10,44

[ment]
frames=4
duration=90
type=play_once
frame=0,0,40,2150,39,50,21,45
frame=0,1,44,1406,44,46,20,43
frame=0,2,0,1050,45,52,12,45
frame=0,3,0,3114,35,53,8,44
frame=0,4,48,690,48,48,17,42
frame=0,5,0,1004,46,46,17,42
frame=0,6,45,1073,45,51,23,42
frame=0,7,94,917,34,52,18,43
frame=1,0,90,1082,38,60,20,55
frame=1,1,47,738,47,57,23,54
frame=1,2,0,704,47,60,14,53
frame=1,3,88,1364,40,63,8,55
frame=1,4,0,647,48,57,16,51
frame=1,5,51,405,51,47,16,43
frame=1,6,46,929,46,52,20,43
frame=1,7,36,3084,35,60,19,51
frame=2,0,92,969,36,61,17,56
frame=2,1,0,100,53,55,22,52
frame=2,2,53,238,52,61,19,54
frame=2,3,94,745,34,66,8,58
frame=2,4,44,1493,43,62,16,56
frame=2,5,53,136,53,54,18,50
frame=2,6,0,309,52,57,20,49
frame=2,7,98,627,30,64,12,55
frame=3,0,43,1555,43,58,17,53
frame=3,1,56,0,55,50,22,47
frame=3,2,0,250,52,59,21,52
frame=3,3,101,498,27,66,9,57
frame=3,4,87,1529,41,62,16,56
frame=3,5,0,0,56,54,21,50
frame=3,6,52,299,52,59,18,51
frame=3,7,99,564,29,63,8,54

[die]
frames=6
duration=120
type=play_once
frame=0,0,0,2286,39,46,16,41
frame=0,1,0,2642,38,42,15,39
frame=0,2,57,4021,28,48,8,39
frame=0,3,0,4096,27,48,9,38
frame=0,4,41,1979,41,43,20,37
frame=0,5,40,2108,40,42,21,37
frame=0,6,30,3854,30,47,15,38
frame=0,7,104,397,24,49,11,40
frame=1,0,74,2875,37,46,16,41
frame=1,1,40,2022,40,44,17,41
frame=1,2,32,3563,32,48,10,39
frame=1,3,0,4049,28,47,7,37
frame=1,4,78,2370,39,43,18,37
frame=1,5,0,2150,40,41,21,37
frame=1,6,0,4144,26,45,12,37
frame=1,7,104,3301,24,49,12,40
frame=2,0,78,2326,39,44,14,39
frame=2,1,76,2513,38,45,13,39
frame=2,2,32,3514,32,49,7,37
frame=2,3,0,2738,37,49,13,37
frame=2,4,44,1452,44,41,25,37
frame=2,5,76,2601,38,43,24,37
frame=2,6,83,4091,27,45,16,37
frame=2,7,60,3876,30,45,16,37
frame=3,0,0,2420,39,41,13,37
frame=3,1,0,2926,37,44,11,37
frame=3,2,94,3711,31,50,7,37
frame=3,3,73,2972,36,49,14,37
frame=3,4,0,1473,44,41,26,37
frame=3,5,76,2644,38,40,24,37
frame=3,6,55,4119,27,43,16,37
frame=3,7,93,3761,31,43,15,37
frame=4,0,0,764,47,49,17,37
frame=4,1,74,2921,36,51,16,37
frame=4,2,0,903,46,53,22,37
frame=4,3,0,813,47,47,26,37
frame=4,4,47,886,47,43,30,37
frame=4,5,35,3289,35,43,19,37
frame=4,6,43,1662,43,46,21,37
frame=4,7,0,1428,44,45,18,37
frame=5,0,0,155,53,49,21,37
frame=5,1,37,2704,37,51,16,37
frame=5,2,50,547,49,53,25,37
frame=5,3,51,452,51,46,28,37
frame=5,4,52,358,52,47,31,37
frame=5,5,0,3215,35,47,19,37
frame=5,6,0,553,49,49,23,37
frame=5,7,49,600,49,46,20,37

[melee]
frames=4
duration=90
type=play_once
frame=0,0,90,1142,38,57,16,52
frame=0,1,89,1309,39,55,19,52
frame=0,2,86,1591,42,58,15,49
frame=0,3,38,2650,37,54,11,44
frame=0,4,78,2235,39,46,19,41
frame=0,5,0,1247,45,44,20,40
frame=0,6,35,3144,35,52,14,44
frame=0,7,99,3452,29,56,14,48
frame=1,0,88,1427,40,52,19,47
frame=1,1,0,2684,37,54,18,51
frame=1,2,0,1514,43,58,18,49
frame=1,3,45,1305,44,53,11,43
frame=1,4,49,646,49,44,19,38
frame=1,5,0,1844,42,41,19,37
frame=1,6,37,2849,37,46,14,37
frame=1,7,39,2200,39,49,22,40
frame=2,0,0,602,49,45,28,39
frame=2,1,39,2295,39,45,17,41
frame=2,2,0,3657,31,51,13,41
frame=2,3,45,1124,45,50,14,40
frame=2,4,56,50,55,43,20,37
frame=2,5,45,1264,45,41,21,37
frame=2,6,91,3854,30,46,11,37
frame=2,7,46,981,46,46,25,37
frame=3,0,0,1715,43,42,20,37
frame=3,1,82,1974,41,45,17,41
frame=3,2,58,3969,28,52,10,42
frame=3,3,75,2684,37,51,11,40
frame=3,4,0,860,47,43,21,37
frame=3,5,0,1291,45,41,23,37
frame=3,6,89,3948,29,45,12,37
frame=3,7,0,3262,35,46,17,37

[hit]
frames=2
duration=60
type=play_once
frame=0,0,39,2249,39,46,16,41
frame=0,1,38,2608,38,42,15,39
frame=0,2,86,3993,28,48,8,39
frame=0,3,28,4089,27,48,9,38
frame=0,4,0,1979,41,43,20,37
frame=0,5,0,2108,40,42,21,37
frame=0,6,61,3829,30,47,15,38
frame=0,7,104,299,24,49,11,40
frame=1,0,0,2880,37,46,16,41
frame=1,1,0,2022,40,44,17,41
frame=1,2,64,3545,32,48,10,39
frame=1,3,28,4042,28,47,7,37
frame=1,4,0,2377,39,43,18,37
frame=1,5,80,2145,40,41,21,37
frame=1,6,27,4137,26,45,12,37
frame=1,7,104,348,24,49,12,40

[block]
frames=2
duration=30
type=play_once
frame=0,0,37,2895,37,45,15,40
frame=0,1,82,2019,41,41,16,38
frame=0,2,33,3428,33,46,10,38
frame=0,3,70,3301,34,48,11,39
frame=0,4,43,1708,43,44,20,39
frame=0,5,80,2060,40,43,20,39
frame=0,6,0,3167,35,48,17,40
frame=0,7,93,3804,30,50,15,41
frame=1,0,72,3068,36,44,15,39
frame=1,1,40,2066,40,42,16,39
frame=1,2,0,3610,32,47,10,39
frame=1,3,0,3067,36,47,11,38
frame=1,4,42,1797,42,43,19,38
frame=1,5,80,2103,40,42,19,38
frame=1,6,0,3463,33,46,16,38
frame=1,7,0,3758,31,48,16,39
