[header]
width=28
height=28
tilewidth=192
tileheight=96
orientation=isometric
background_color=0,0,0,255
hero_pos=13,13
procgen_type=links
tileset=tilesetdefs/tileset_ruins.txt

[tilesets]
tileset=../../../../tiled/tilesheets/tiled_collision.png,192,96,0,0
tileset=../../../../tiled/tilesheets/tiled_set_rules.png,192,96,0,0
tileset=../../../../tiled/tilesheets/ruins.png,192,384,0,0
tileset=../../../../tiled/tilesheets/ruins_door_left.png,192,384,-48,-24
tileset=../../../../tiled/tilesheets/ruins_door_right.png,192,384,48,-24
tileset=../../../../tiled/tilesheets/ruins_2x2.png,384,192,0,48
tileset=../../../../tiled/tilesheets/boss_chest.png,192,192,0,0

[layer]
type=background
data=
0,0,0,0,0,0,0,0,0,0,0,27,39,25,26,41,24,0,0,0,0,0,0,0,0,0,0,0,
0,0,0,0,0,0,0,0,0,0,0,31,72,29,30,43,28,0,0,0,0,0,0,0,0,0,0,0,
0,0,0,0,0,0,0,0,0,0,0,27,42,25,67,40,24,0,0,0,0,0,0,0,0,0,0,0,
0,0,0,0,0,0,0,0,0,0,0,31,47,29,30,43,28,0,0,0,0,0,0,0,0,0,0,0,
0,0,0,0,24,25,26,27,24,25,26,27,46,35,32,39,24,25,26,27,24,25,26,27,0,0,0,0,
0,0,0,0,28,42,42,39,40,40,38,39,42,29,66,42,41,40,39,43,38,43,40,31,0,0,0,0,
0,0,0,0,24,42,26,27,24,25,26,27,24,25,26,27,24,25,26,27,24,25,41,27,0,0,0,0,
0,0,0,0,28,38,30,31,28,29,30,31,28,29,30,31,28,29,30,31,28,29,43,31,0,0,0,0,
0,0,0,0,24,38,26,27,24,25,26,27,24,25,26,27,24,25,26,27,24,25,38,27,0,0,0,0,
0,0,0,0,28,38,30,31,28,29,30,31,28,29,30,31,28,29,30,31,28,29,40,31,0,0,0,0,
0,0,0,0,24,42,26,27,24,25,26,27,24,25,26,27,24,25,26,27,24,25,43,27,0,0,0,0,
28,29,30,31,28,42,30,31,28,29,30,31,28,29,30,31,28,29,30,31,28,29,43,31,28,29,30,31,
42,44,42,73,44,41,26,27,24,25,26,27,24,25,26,27,24,25,26,27,24,25,42,41,72,46,42,41,
28,85,30,31,64,29,30,31,28,29,30,31,28,29,30,31,28,29,30,31,28,29,30,65,28,29,64,31,
24,25,26,84,83,25,26,27,24,25,26,27,24,25,26,27,24,25,26,27,24,25,26,33,24,25,67,27,
40,41,43,46,38,38,30,31,28,29,30,31,28,29,30,31,28,29,30,31,28,29,41,42,43,42,43,40,
24,25,26,27,24,40,26,27,24,25,26,27,24,25,26,27,24,25,26,27,24,25,43,27,24,25,26,27,
0,0,0,0,28,38,30,31,28,29,30,31,28,29,30,31,28,29,30,31,28,29,39,31,0,0,0,0,
0,0,0,0,24,38,26,27,24,25,26,27,24,25,26,27,24,25,26,27,24,25,41,27,0,0,0,0,
0,0,0,0,28,41,30,31,28,29,30,31,28,29,30,31,28,29,30,31,28,29,43,31,0,0,0,0,
0,0,0,0,24,43,26,27,24,25,26,27,24,25,26,27,24,25,26,27,24,25,41,27,0,0,0,0,
0,0,0,0,28,39,30,31,28,29,30,31,28,29,30,31,28,29,30,31,28,29,41,31,0,0,0,0,
0,0,0,0,24,39,42,39,38,38,39,43,39,84,26,41,39,39,40,41,43,41,39,27,0,0,0,0,
0,0,0,0,28,29,30,31,28,29,30,31,39,66,30,43,28,29,30,31,28,29,30,31,0,0,0,0,
0,0,0,0,0,0,0,0,0,0,0,27,47,25,26,43,24,0,0,0,0,0,0,0,0,0,0,0,
0,0,0,0,0,0,0,0,0,0,0,31,46,64,30,42,28,0,0,0,0,0,0,0,0,0,0,0,
0,0,0,0,0,0,0,0,0,0,0,27,40,25,26,39,24,0,0,0,0,0,0,0,0,0,0,0,
0,0,0,0,0,0,0,0,0,0,0,31,41,29,30,42,28,0,0,0,0,0,0,0,0,0,0,0

[layer]
type=background_fringe
data=
0,0,0,0,0,0,0,0,0,0,0,0,0,0,0,0,0,0,0,0,0,0,0,0,0,0,0,0,
0,0,0,0,0,0,0,0,0,0,0,0,0,0,0,0,0,0,0,0,0,0,0,0,0,0,0,0,
0,0,0,0,0,0,0,0,0,0,0,0,0,0,0,0,0,0,0,0,0,0,0,0,0,0,0,0,
0,0,0,0,0,0,0,0,0,0,0,0,0,0,0,0,0,0,0,0,0,0,0,0,0,0,0,0,
0,0,0,0,0,0,0,0,0,0,0,0,0,0,0,0,0,0,0,0,0,0,0,0,0,0,0,0,
0,0,0,0,0,0,0,0,0,0,0,0,0,0,0,0,0,0,0,0,0,0,0,0,0,0,0,0,
0,0,0,0,0,0,0,0,0,0,0,0,0,0,0,0,0,0,0,0,0,0,0,0,0,0,0,0,
0,0,0,0,0,0,0,0,0,0,0,0,0,0,0,0,0,0,0,0,0,0,0,0,0,0,0,0,
0,0,0,0,0,0,0,0,0,0,0,0,0,0,0,0,0,0,0,0,0,0,0,0,0,0,0,0,
0,0,0,0,0,0,0,0,0,0,0,0,0,0,0,0,0,0,0,0,0,0,0,0,0,0,0,0,
0,0,0,0,0,0,0,0,0,0,0,0,0,0,0,0,0,0,0,0,0,0,0,0,0,0,0,0,
0,0,0,0,0,0,0,0,0,0,0,0,0,0,0,0,0,0,0,0,0,0,0,0,0,0,0,0,
0,0,0,0,0,0,0,0,0,0,0,0,0,0,0,0,0,0,0,0,0,0,0,0,0,0,0,0,
0,0,0,0,0,0,0,0,0,0,0,0,0,0,0,0,0,0,0,0,0,0,0,0,0,0,0,0,
0,0,0,0,0,0,0,0,0,0,0,0,0,0,0,0,0,0,0,0,0,0,0,0,0,0,0,0,
0,0,0,0,0,0,0,0,0,0,0,0,0,0,0,0,0,0,0,0,0,0,0,0,0,0,0,0,
0,0,0,0,0,0,0,0,0,0,0,0,0,0,0,0,0,0,0,0,0,0,0,0,0,0,0,0,
0,0,0,0,0,0,0,0,0,0,0,0,0,0,0,0,0,0,0,0,0,0,0,0,0,0,0,0,
0,0,0,0,0,0,0,0,0,0,0,0,0,0,0,0,0,0,0,0,0,0,0,0,0,0,0,0,
0,0,0,0,0,0,0,0,0,0,0,0,0,0,0,0,0,0,0,0,0,0,0,0,0,0,0,0,
0,0,0,0,0,0,0,0,0,0,0,0,0,0,0,0,0,0,0,0,0,0,0,0,0,0,0,0,
0,0,0,0,0,0,0,0,0,0,0,0,0,0,0,0,0,0,0,0,0,0,0,0,0,0,0,0,
0,0,0,0,0,0,0,0,0,0,0,0,0,0,0,0,0,0,0,0,0,0,0,0,0,0,0,0,
0,0,0,0,0,0,0,0,0,0,0,0,0,0,0,0,0,0,0,0,0,0,0,0,0,0,0,0,
0,0,0,0,0,0,0,0,0,0,0,0,0,0,0,0,0,0,0,0,0,0,0,0,0,0,0,0,
0,0,0,0,0,0,0,0,0,0,0,0,0,0,0,0,0,0,0,0,0,0,0,0,0,0,0,0,
0,0,0,0,0,0,0,0,0,0,0,0,0,0,0,0,0,0,0,0,0,0,0,0,0,0,0,0,
0,0,0,0,0,0,0,0,0,0,0,0,0,0,0,0,0,0,0,0,0,0,0,0,0,0,0,0

[layer]
type=object
data=
153,154,155,156,153,154,155,156,153,166,155,199,0,0,0,0,138,154,164,156,153,154,155,156,153,154,155,156,
157,158,159,160,157,158,159,160,157,161,159,168,0,0,0,0,138,158,163,160,157,158,159,160,157,158,159,160,
153,154,165,166,162,165,166,162,161,163,155,195,0,0,313,0,138,154,162,164,162,162,163,166,165,164,155,156,
157,158,165,160,157,158,159,160,157,158,159,240,314,0,0,0,138,158,159,160,157,158,159,160,157,161,159,160,
153,154,165,156,148,137,137,137,137,137,216,144,0,0,0,0,145,236,214,137,137,137,137,149,153,163,155,156,
157,158,164,160,136,0,0,0,0,0,0,0,0,0,0,0,0,0,0,0,0,0,0,138,157,163,159,160,
153,154,162,156,136,0,0,0,0,0,0,0,0,0,0,0,0,0,0,0,0,0,0,138,153,166,155,156,
157,158,162,160,136,0,0,0,0,0,0,0,0,0,0,0,0,0,0,0,0,0,0,138,157,165,159,160,
153,154,162,156,136,0,0,0,0,0,0,0,0,0,0,0,0,0,0,0,0,0,0,138,153,161,155,156,
161,161,164,160,170,0,0,0,0,0,0,0,0,0,0,0,0,0,0,0,0,0,0,138,157,163,162,166,
153,154,155,156,195,0,0,0,0,0,0,0,0,0,0,0,0,0,0,0,0,0,0,138,153,154,155,156,
200,237,216,169,144,0,0,0,0,0,0,0,0,0,0,0,0,0,0,0,0,0,0,145,196,249,239,175,
0,316,0,0,0,0,0,0,0,0,0,0,0,0,0,0,0,0,0,0,0,0,0,0,0,0,0,0,
0,0,0,0,0,0,0,0,0,0,0,0,0,0,0,0,0,0,0,0,0,0,0,0,0,0,0,0,
0,0,0,0,0,0,0,0,0,0,0,0,0,0,0,0,0,0,0,0,0,0,0,0,0,0,313,0,
0,0,0,0,189,0,0,0,0,0,0,0,0,0,0,0,0,0,0,0,0,0,0,0,0,0,0,0,
139,139,139,139,147,0,0,0,0,0,0,0,0,0,0,0,0,0,0,0,0,0,0,146,139,139,139,139,
157,158,159,160,238,0,0,0,0,0,0,0,0,0,0,0,0,0,0,0,0,0,0,138,157,158,159,160,
166,163,163,156,178,0,0,0,0,0,0,0,0,0,0,0,0,0,0,0,0,0,0,138,153,164,161,165,
157,158,162,160,136,0,0,0,0,0,0,0,0,0,0,0,0,0,0,0,0,0,0,138,157,162,159,160,
153,154,166,156,136,0,0,0,0,0,0,0,0,0,0,0,0,0,0,0,0,0,0,138,153,166,155,156,
157,158,166,160,136,0,0,0,0,0,0,0,0,0,0,0,0,0,0,0,0,0,0,138,157,164,159,160,
153,154,166,156,136,0,0,0,0,0,0,0,0,0,0,0,0,0,0,0,0,0,0,138,153,164,155,156,
157,158,161,160,151,139,139,139,139,139,139,147,0,0,0,0,146,139,139,139,139,139,139,150,157,164,159,160,
153,154,162,156,153,154,155,156,153,154,155,199,317,0,0,0,138,154,155,156,153,154,155,156,153,164,155,156,
157,158,162,164,166,162,166,166,161,161,159,136,0,0,0,0,138,158,165,162,162,163,166,161,165,166,159,160,
153,154,155,156,153,154,155,156,153,165,155,252,0,0,0,0,138,154,161,156,153,154,155,156,153,154,155,156,
157,158,159,160,157,158,159,160,157,165,159,170,0,0,0,0,138,158,162,160,157,158,159,160,157,158,159,160

[layer]
type=collision
data=
3,3,3,3,3,3,3,3,3,3,3,1,0,0,0,0,1,3,3,3,3,3,3,3,3,3,3,3,
3,3,3,3,3,3,3,3,3,3,3,1,0,0,0,0,1,3,3,3,3,3,3,3,3,3,3,3,
3,3,3,3,3,3,3,3,3,3,3,1,0,0,2,0,1,3,3,3,3,3,3,3,3,3,3,3,
3,3,3,3,3,3,3,3,3,3,3,1,2,0,0,0,1,3,3,3,3,3,3,3,3,3,3,3,
3,3,3,3,1,1,1,1,1,1,1,1,0,0,0,0,1,1,1,1,1,1,1,1,3,3,3,3,
3,3,3,3,1,0,0,0,0,0,0,0,0,0,0,0,0,0,0,0,0,0,0,1,3,3,3,3,
3,3,3,3,1,0,0,0,0,0,0,0,0,0,0,0,0,0,0,0,0,0,0,1,3,3,3,3,
3,3,3,3,1,0,0,0,0,0,0,0,0,0,0,0,0,0,0,0,0,0,0,1,3,3,3,3,
3,3,3,3,1,0,0,0,0,0,0,0,0,0,0,0,0,0,0,0,0,0,0,1,3,3,3,3,
3,3,3,3,1,0,0,0,0,0,0,0,0,0,0,0,0,0,0,0,0,0,0,1,3,3,3,3,
3,3,3,3,1,0,0,0,0,0,0,0,0,0,0,0,0,0,0,0,0,0,0,1,3,3,3,3,
1,1,1,1,1,0,0,0,0,0,0,0,0,0,0,0,0,0,0,0,0,0,0,1,1,1,1,1,
0,2,0,0,0,0,0,0,0,0,0,0,0,0,0,0,0,0,0,0,0,0,0,0,0,0,0,0,
0,0,0,0,0,0,0,0,0,0,0,0,0,0,0,0,0,0,0,0,0,0,0,0,0,0,0,0,
0,0,0,0,0,0,0,0,0,0,0,0,0,0,0,0,0,0,0,0,0,0,0,0,0,0,2,0,
0,0,0,0,2,0,0,0,0,0,0,0,0,0,0,0,0,0,0,0,0,0,0,0,0,0,0,0,
1,1,1,1,1,0,0,0,0,0,0,0,0,0,0,0,0,0,0,0,0,0,0,1,1,1,1,1,
3,3,3,3,1,0,0,0,0,0,0,0,0,0,0,0,0,0,0,0,0,0,0,1,3,3,3,3,
3,3,3,3,1,0,0,0,0,0,0,0,0,0,0,0,0,0,0,0,0,0,0,1,3,3,3,3,
3,3,3,3,1,0,0,0,0,0,0,0,0,0,0,0,0,0,0,0,0,0,0,1,3,3,3,3,
3,3,3,3,1,0,0,0,0,0,0,0,0,0,0,0,0,0,0,0,0,0,0,1,3,3,3,3,
3,3,3,3,1,0,0,0,0,0,0,0,0,0,0,0,0,0,0,0,0,0,0,1,3,3,3,3,
3,3,3,3,1,0,0,0,0,0,0,0,0,0,0,0,0,0,0,0,0,0,0,1,3,3,3,3,
3,3,3,3,1,1,1,1,1,1,1,1,0,0,0,0,1,1,1,1,1,1,1,1,3,3,3,3,
3,3,3,3,3,3,3,3,3,3,3,1,2,0,0,0,1,3,3,3,3,3,3,3,3,3,3,3,
3,3,3,3,3,3,3,3,3,3,3,1,0,0,0,0,1,3,3,3,3,3,3,3,3,3,3,3,
3,3,3,3,3,3,3,3,3,3,3,1,0,0,0,0,1,3,3,3,3,3,3,3,3,3,3,3,
3,3,3,3,3,3,3,3,3,3,3,1,0,0,0,0,1,3,3,3,3,3,3,3,3,3,3,3

[event]
# north
type=event
location=9,0,10,6
procgen_link=north

[event]
# south
type=event
location=9,22,10,6
procgen_link=south

[event]
# west
type=event
location=0,9,6,10
procgen_link=west

[event]
# east
type=event
location=22,9,6,10
procgen_link=east

[enemy]
type=enemy
location=0,12,4,4
category=il_common
number=0,1
spawn_level=hero_level,1

[enemy]
type=enemy
location=12,24,4,4
category=il_common
number=0,1
spawn_level=hero_level,1

[enemy]
type=enemy
location=24,12,4,4
category=il_common
number=0,1
spawn_level=hero_level,1

[enemy]
type=enemy
location=12,0,4,4
category=il_common
number=0,1
spawn_level=hero_level,1

