[header]
width=28
height=28
tilewidth=192
tileheight=96
orientation=isometric
background_color=0,0,0,255
hero_pos=13,13
procgen_type=links
tileset=tilesetdefs/tileset_ruins.txt

[tilesets]
tileset=../../../../tiled/tilesheets/tiled_collision.png,192,96,0,0
tileset=../../../../tiled/tilesheets/tiled_set_rules.png,192,96,0,0
tileset=../../../../tiled/tilesheets/ruins.png,192,384,0,0
tileset=../../../../tiled/tilesheets/ruins_door_left.png,192,384,-48,-24
tileset=../../../../tiled/tilesheets/ruins_door_right.png,192,384,48,-24
tileset=../../../../tiled/tilesheets/ruins_2x2.png,384,192,0,48
tileset=../../../../tiled/tilesheets/boss_chest.png,192,192,0,0

[layer]
type=background
data=
0,0,0,0,0,0,0,0,0,0,26,27,39,25,26,41,24,25,0,0,0,0,0,0,0,0,0,0,
0,0,0,0,0,0,0,0,0,0,30,41,41,29,30,40,39,29,0,0,0,0,0,0,0,0,0,0,
0,0,0,0,0,0,0,0,0,0,26,40,24,25,26,27,38,25,0,0,0,0,0,0,0,0,0,0,
0,0,0,0,0,0,0,0,0,0,30,41,28,29,30,31,38,29,0,0,0,0,0,0,0,0,0,0,
0,0,0,0,24,25,26,27,24,25,26,38,24,25,26,27,38,25,26,27,24,25,26,27,0,0,0,0,
0,0,0,0,28,42,42,39,40,40,38,39,28,29,30,31,41,40,39,43,38,43,40,31,0,0,0,0,
0,0,0,0,24,42,26,27,24,25,26,27,24,25,26,27,24,25,26,27,24,25,41,27,0,0,0,0,
0,0,0,0,28,38,30,31,28,29,30,31,28,29,30,31,28,29,30,31,28,29,43,31,0,0,0,0,
0,0,0,0,24,38,26,27,24,25,26,27,24,25,26,27,24,25,26,27,24,25,38,27,0,0,0,0,
0,0,0,0,28,38,30,31,28,29,30,31,28,29,30,31,28,29,30,31,28,29,40,31,0,0,0,0,
24,25,26,27,24,42,26,27,24,25,26,27,24,25,26,27,24,25,26,27,24,25,43,27,24,25,26,27,
28,38,39,41,43,38,30,31,28,29,30,31,28,29,30,31,28,29,30,31,28,29,39,39,40,38,40,31,
40,38,26,27,24,25,26,27,24,25,26,27,24,25,26,27,24,25,26,27,24,25,26,27,24,25,43,42,
28,29,30,31,28,29,30,31,28,29,30,31,28,29,30,31,28,29,30,31,28,29,30,31,28,29,30,31,
24,25,26,27,24,25,26,27,24,25,26,27,24,25,26,27,24,25,26,27,24,25,26,27,24,25,26,27,
41,43,30,31,28,29,30,31,28,29,30,31,28,29,30,31,28,29,30,31,28,29,30,31,28,29,41,41,
24,40,38,42,42,42,26,27,24,25,26,27,24,25,26,27,24,25,26,27,24,25,42,41,42,38,42,27,
28,29,30,31,28,38,30,31,28,29,30,31,28,29,30,31,28,29,30,31,28,29,39,31,28,29,30,31,
0,0,0,0,24,38,26,27,24,25,26,27,24,25,26,27,24,25,26,27,24,25,41,27,0,0,0,0,
0,0,0,0,28,41,30,31,28,29,30,31,28,29,30,31,28,29,30,31,28,29,43,31,0,0,0,0,
0,0,0,0,24,43,26,27,24,25,26,27,24,25,26,27,24,25,26,27,24,25,41,27,0,0,0,0,
0,0,0,0,28,39,30,31,28,29,30,31,28,29,30,31,28,29,30,31,28,29,41,31,0,0,0,0,
0,0,0,0,24,39,42,39,38,38,39,39,24,25,26,27,40,39,40,41,43,41,39,27,0,0,0,0,
0,0,0,0,28,29,30,31,28,29,30,43,28,29,30,31,43,29,30,31,28,29,30,31,0,0,0,0,
0,0,0,0,0,0,0,0,0,0,26,42,24,25,26,27,42,25,0,0,0,0,0,0,0,0,0,0,
0,0,0,0,0,0,0,0,0,0,30,38,28,29,30,31,42,29,0,0,0,0,0,0,0,0,0,0,
0,0,0,0,0,0,0,0,0,0,26,43,39,25,26,41,39,25,0,0,0,0,0,0,0,0,0,0,
0,0,0,0,0,0,0,0,0,0,30,31,41,29,30,39,28,29,0,0,0,0,0,0,0,0,0,0

[layer]
type=background_fringe
data=
0,0,0,0,0,0,0,0,0,0,0,0,0,0,0,0,0,0,0,0,0,0,0,0,0,0,0,0,
0,0,0,0,0,0,0,0,0,0,0,0,0,0,0,0,0,0,0,0,0,0,0,0,0,0,0,0,
0,0,0,0,0,0,0,0,0,0,0,0,0,0,0,0,0,0,0,0,0,0,0,0,0,0,0,0,
0,0,0,0,0,0,0,0,0,0,0,0,0,0,0,0,0,0,0,0,0,0,0,0,0,0,0,0,
0,0,0,0,0,0,0,0,0,0,0,0,0,0,0,0,0,0,0,0,0,0,0,0,0,0,0,0,
0,0,0,0,0,0,0,0,0,0,0,0,0,0,0,0,0,0,0,0,0,0,0,0,0,0,0,0,
0,0,0,0,0,0,0,0,0,0,0,0,0,0,0,0,0,0,0,0,0,0,0,0,0,0,0,0,
0,0,0,0,0,0,0,0,0,0,0,0,0,0,0,0,0,0,0,0,0,0,0,0,0,0,0,0,
0,0,0,0,0,0,0,0,0,0,0,0,0,0,0,0,0,0,0,0,0,0,0,0,0,0,0,0,
0,0,0,0,0,0,0,0,0,0,0,0,0,0,0,0,0,0,0,0,0,0,0,0,0,0,0,0,
0,0,0,0,0,0,0,0,0,0,0,0,0,0,0,0,0,0,0,0,0,0,0,0,0,0,0,0,
0,0,0,0,0,0,0,0,0,0,0,0,0,0,0,0,0,0,0,0,0,0,0,0,0,0,0,0,
0,0,0,0,0,0,0,0,0,0,0,0,0,0,0,0,0,0,0,0,0,0,0,0,0,0,0,0,
0,0,0,0,0,0,0,0,0,0,0,0,0,0,0,0,0,0,0,0,0,0,0,0,0,0,0,0,
0,0,0,0,0,0,0,0,0,0,0,0,0,0,0,0,0,0,0,0,0,0,0,0,0,0,0,0,
0,0,0,0,0,0,0,0,0,0,0,0,0,0,0,0,0,0,0,0,0,0,0,0,0,0,0,0,
0,0,0,0,0,0,0,0,0,0,0,0,0,0,0,0,0,0,0,0,0,0,0,0,0,0,0,0,
0,0,0,0,0,0,0,0,0,0,0,0,0,0,0,0,0,0,0,0,0,0,0,0,0,0,0,0,
0,0,0,0,0,0,0,0,0,0,0,0,0,0,0,0,0,0,0,0,0,0,0,0,0,0,0,0,
0,0,0,0,0,0,0,0,0,0,0,0,0,0,0,0,0,0,0,0,0,0,0,0,0,0,0,0,
0,0,0,0,0,0,0,0,0,0,0,0,0,0,0,0,0,0,0,0,0,0,0,0,0,0,0,0,
0,0,0,0,0,0,0,0,0,0,0,0,0,0,0,0,0,0,0,0,0,0,0,0,0,0,0,0,
0,0,0,0,0,0,0,0,0,0,0,0,0,0,0,0,0,0,0,0,0,0,0,0,0,0,0,0,
0,0,0,0,0,0,0,0,0,0,0,0,0,0,0,0,0,0,0,0,0,0,0,0,0,0,0,0,
0,0,0,0,0,0,0,0,0,0,0,0,0,0,0,0,0,0,0,0,0,0,0,0,0,0,0,0,
0,0,0,0,0,0,0,0,0,0,0,0,0,0,0,0,0,0,0,0,0,0,0,0,0,0,0,0,
0,0,0,0,0,0,0,0,0,0,0,0,0,0,0,0,0,0,0,0,0,0,0,0,0,0,0,0,
0,0,0,0,0,0,0,0,0,0,0,0,0,0,0,0,0,0,0,0,0,0,0,0,0,0,0,0

[layer]
type=object
data=
153,154,155,156,153,154,155,156,153,166,148,201,0,0,0,0,220,149,164,156,153,154,155,156,153,154,155,156,
157,158,159,160,157,158,159,160,157,161,168,0,0,0,0,0,0,138,163,160,157,158,159,160,157,158,159,160,
153,154,165,166,162,165,166,162,161,163,178,0,228,0,0,227,0,138,162,164,162,162,163,166,165,164,155,156,
157,158,165,160,157,158,159,160,157,158,174,0,0,0,0,0,0,138,159,160,157,158,159,160,157,161,159,160,
153,154,165,156,148,137,137,137,137,137,209,0,186,0,0,226,0,202,214,137,137,137,137,149,153,163,155,156,
157,158,164,160,136,0,0,0,0,0,0,0,0,0,0,0,0,0,0,0,0,0,0,138,157,163,159,160,
153,154,162,156,136,0,0,0,0,0,0,0,0,0,0,0,0,0,0,0,0,0,0,138,153,166,155,156,
157,158,162,160,136,0,0,0,0,0,0,0,0,0,0,0,0,0,0,0,0,0,0,138,157,165,159,160,
153,154,162,156,136,0,0,0,0,0,0,0,0,0,0,0,0,0,0,0,0,0,0,138,153,161,155,156,
161,161,164,160,170,0,0,0,0,0,0,0,0,0,0,0,0,0,0,0,0,0,0,138,157,163,162,166,
148,171,237,137,219,0,0,0,0,0,0,0,0,0,0,0,0,0,0,0,0,0,0,220,236,196,179,149,
182,0,0,0,0,0,0,0,0,0,0,0,0,0,0,0,0,0,0,0,0,0,0,0,0,0,0,202,
0,0,230,0,152,0,0,0,0,0,0,0,0,0,0,0,0,0,0,0,0,0,0,227,0,187,0,0,
0,0,0,0,0,0,0,0,0,0,0,0,0,0,0,0,0,0,0,0,0,0,0,0,0,0,0,0,
0,0,0,0,0,0,0,0,0,0,0,0,0,0,0,0,0,0,0,0,0,0,0,0,0,0,0,0,
0,0,234,0,187,0,0,0,0,0,0,0,0,0,0,0,0,0,0,0,0,0,0,228,0,186,0,0,
184,0,0,0,0,0,0,0,0,0,0,0,0,0,0,0,0,0,0,0,0,0,0,0,0,0,0,146,
151,139,139,139,147,0,0,0,0,0,0,0,0,0,0,0,0,0,0,0,0,0,0,146,139,139,139,150,
166,163,163,156,178,0,0,0,0,0,0,0,0,0,0,0,0,0,0,0,0,0,0,138,153,164,161,165,
157,158,162,160,136,0,0,0,0,0,0,0,0,0,0,0,0,0,0,0,0,0,0,138,157,162,159,160,
153,154,166,156,136,0,0,0,0,0,0,0,0,0,0,0,0,0,0,0,0,0,0,138,153,166,155,156,
157,158,166,160,136,0,0,0,0,0,0,0,0,0,0,0,0,0,0,0,0,0,0,138,157,164,159,160,
153,154,166,156,136,0,0,0,0,0,0,0,0,0,0,0,0,0,0,0,0,0,0,138,153,164,155,156,
157,158,161,160,151,139,139,139,139,139,184,0,224,0,0,231,0,146,139,139,139,139,139,150,157,164,159,160,
153,154,162,156,153,154,155,156,153,154,176,0,0,0,0,0,0,138,155,156,153,154,155,156,153,164,155,156,
157,158,162,164,166,162,166,166,161,161,240,0,230,0,0,187,0,138,165,162,162,163,166,161,165,166,159,160,
153,154,155,156,153,154,155,156,153,165,248,0,0,0,0,0,0,138,161,156,153,154,155,156,153,154,155,156,
157,158,159,160,157,158,159,160,157,165,151,222,0,0,0,0,146,150,162,160,157,158,159,160,157,158,159,160

[layer]
type=collision
data=
3,3,3,3,3,3,3,3,3,3,1,1,0,0,0,0,1,1,3,3,3,3,3,3,3,3,3,3,
3,3,3,3,3,3,3,3,3,3,1,0,0,0,0,0,0,1,3,3,3,3,3,3,3,3,3,3,
3,3,3,3,3,3,3,3,3,3,1,0,1,0,0,1,0,1,3,3,3,3,3,3,3,3,3,3,
3,3,3,3,3,3,3,3,3,3,1,0,0,0,0,0,0,1,3,3,3,3,3,3,3,3,3,3,
3,3,3,3,1,1,1,1,1,1,1,0,1,0,0,1,0,1,1,1,1,1,1,1,3,3,3,3,
3,3,3,3,1,0,0,0,0,0,0,0,0,0,0,0,0,0,0,0,0,0,0,1,3,3,3,3,
3,3,3,3,1,0,0,0,0,0,0,0,0,0,0,0,0,0,0,0,0,0,0,1,3,3,3,3,
3,3,3,3,1,0,0,0,0,0,0,0,0,0,0,0,0,0,0,0,0,0,0,1,3,3,3,3,
3,3,3,3,1,0,0,0,0,0,0,0,0,0,0,0,0,0,0,0,0,0,0,1,3,3,3,3,
3,3,3,3,1,0,0,0,0,0,0,0,0,0,0,0,0,0,0,0,0,0,0,1,3,3,3,3,
1,1,1,1,1,0,0,0,0,0,0,0,0,0,0,0,0,0,0,0,0,0,0,1,1,1,1,1,
1,0,0,0,0,0,0,0,0,0,0,0,0,0,0,0,0,0,0,0,0,0,0,0,0,0,0,1,
0,0,1,0,1,0,0,0,0,0,0,0,0,0,0,0,0,0,0,0,0,0,0,1,0,2,0,0,
0,0,0,0,0,0,0,0,0,0,0,0,0,0,0,0,0,0,0,0,0,0,0,0,0,0,0,0,
0,0,0,0,0,0,0,0,0,0,0,0,0,0,0,0,0,0,0,0,0,0,0,0,0,0,0,0,
0,0,1,0,2,0,0,0,0,0,0,0,0,0,0,0,0,0,0,0,0,0,0,1,0,1,0,0,
1,0,0,0,0,0,0,0,0,0,0,0,0,0,0,0,0,0,0,0,0,0,0,0,0,0,0,1,
1,1,1,1,1,0,0,0,0,0,0,0,0,0,0,0,0,0,0,0,0,0,0,1,1,1,1,1,
3,3,3,3,1,0,0,0,0,0,0,0,0,0,0,0,0,0,0,0,0,0,0,1,3,3,3,3,
3,3,3,3,1,0,0,0,0,0,0,0,0,0,0,0,0,0,0,0,0,0,0,1,3,3,3,3,
3,3,3,3,1,0,0,0,0,0,0,0,0,0,0,0,0,0,0,0,0,0,0,1,3,3,3,3,
3,3,3,3,1,0,0,0,0,0,0,0,0,0,0,0,0,0,0,0,0,0,0,1,3,3,3,3,
3,3,3,3,1,0,0,0,0,0,0,0,0,0,0,0,0,0,0,0,0,0,0,1,3,3,3,3,
3,3,3,3,1,1,1,1,1,1,1,0,1,0,0,1,0,1,1,1,1,1,1,1,3,3,3,3,
3,3,3,3,3,3,3,3,3,3,1,0,0,0,0,0,0,1,3,3,3,3,3,3,3,3,3,3,
3,3,3,3,3,3,3,3,3,3,1,0,1,0,0,2,0,1,3,3,3,3,3,3,3,3,3,3,
3,3,3,3,3,3,3,3,3,3,1,0,0,0,0,0,0,1,3,3,3,3,3,3,3,3,3,3,
3,3,3,3,3,3,3,3,3,3,1,1,0,0,0,0,1,1,3,3,3,3,3,3,3,3,3,3

[event]
# north
type=event
location=9,0,10,6
procgen_link=north

[event]
# south
type=event
location=9,22,10,6
procgen_link=south

[event]
# west
type=event
location=0,9,6,10
procgen_link=west

[event]
# east
type=event
location=22,9,6,10
procgen_link=east

[enemy]
type=enemy
location=0,12,4,4
category=il_common
number=0,1
spawn_level=hero_level,1

[enemy]
type=enemy
location=12,24,4,4
category=il_common
number=0,1
spawn_level=hero_level,1

[enemy]
type=enemy
location=24,12,4,4
category=il_common
number=0,1
spawn_level=hero_level,1

[enemy]
type=enemy
location=12,0,4,4
category=il_common
number=0,1
spawn_level=hero_level,1

