[header]
width=28
height=28
tilewidth=192
tileheight=96
orientation=isometric
background_color=0,0,0,255
hero_pos=13,13
procgen_type=normal
tileset=tilesetdefs/tileset_ruins.txt

[tilesets]
tileset=../../../../tiled/tilesheets/tiled_collision.png,192,96,0,0
tileset=../../../../tiled/tilesheets/tiled_set_rules.png,192,96,0,0
tileset=../../../../tiled/tilesheets/ruins.png,192,384,0,0
tileset=../../../../tiled/tilesheets/ruins_door_left.png,192,384,-48,-24
tileset=../../../../tiled/tilesheets/ruins_door_right.png,192,384,48,-24
tileset=../../../../tiled/tilesheets/ruins_2x2.png,384,192,0,48
tileset=../../../../tiled/tilesheets/boss_chest.png,192,192,0,0

[layer]
type=background
data=
0,0,0,0,0,0,0,0,0,0,0,0,0,0,0,0,0,0,0,0,0,0,0,0,0,0,0,0,
0,0,0,0,0,0,0,0,0,0,0,0,0,0,0,0,0,0,0,0,0,0,0,0,0,0,0,0,
0,0,0,0,0,0,0,0,0,0,0,0,0,0,0,0,0,0,0,0,0,0,0,0,0,0,0,0,
0,0,0,0,0,0,0,0,0,0,0,0,0,0,0,0,0,0,0,0,0,0,0,0,0,0,0,0,
0,0,0,0,24,25,26,27,24,25,26,27,24,25,26,27,24,25,26,27,24,25,26,27,0,0,0,0,
0,0,0,0,28,42,42,39,40,40,38,39,42,38,39,42,41,40,39,43,38,43,40,31,0,0,0,0,
0,0,0,0,24,42,26,27,24,25,26,27,24,25,26,27,24,25,26,27,24,25,41,27,0,0,0,0,
0,0,0,0,28,38,30,31,28,29,30,31,28,29,30,31,28,29,30,31,28,29,43,31,0,0,0,0,
0,0,0,0,24,38,26,27,24,25,26,27,24,25,26,27,24,25,26,27,24,25,38,27,0,0,0,0,
0,0,0,0,28,38,30,31,122,124,30,31,28,29,30,31,28,29,30,31,28,29,40,31,0,0,0,0,
0,0,0,0,24,42,26,27,123,0,26,27,24,25,26,27,24,25,26,27,24,25,43,27,0,0,0,0,
0,0,0,0,28,42,30,31,28,29,30,31,28,29,30,31,28,29,30,31,28,29,43,31,0,0,0,0,
0,0,0,0,24,41,26,27,24,25,26,27,24,25,26,27,24,25,40,27,24,25,42,27,0,0,0,0,
0,0,0,0,28,40,30,31,28,29,30,31,28,29,30,31,28,29,42,31,28,29,39,31,0,0,0,0,
0,0,0,0,24,38,26,27,24,25,26,27,24,25,26,42,42,43,40,27,24,25,43,27,0,0,0,0,
0,0,0,0,28,38,30,31,28,29,30,31,28,34,68,31,28,29,30,31,28,29,39,31,0,0,0,0,
0,0,0,0,24,40,26,27,24,25,26,27,24,25,26,27,24,25,26,27,24,25,43,27,0,0,0,0,
0,0,0,0,28,38,30,31,122,124,30,31,28,29,30,31,28,122,124,31,28,29,39,31,0,0,0,0,
0,0,0,0,24,38,26,27,123,0,26,27,24,25,26,27,24,123,0,27,24,25,41,27,0,0,0,0,
0,0,0,0,28,41,30,31,28,29,30,31,28,29,30,31,28,29,30,31,28,29,43,31,0,0,0,0,
0,0,0,0,24,43,26,27,24,25,26,27,24,25,26,27,24,25,26,27,24,25,41,27,0,0,0,0,
0,0,0,0,28,39,30,31,28,29,30,31,28,29,30,31,28,29,30,31,28,29,41,31,0,0,0,0,
0,0,0,0,24,39,42,39,38,38,39,43,39,41,41,41,39,39,40,41,43,41,39,27,0,0,0,0,
0,0,0,0,28,29,30,31,28,29,30,31,28,29,30,31,28,29,30,31,28,29,30,31,0,0,0,0,
0,0,0,0,0,0,0,0,0,0,0,0,0,0,0,0,0,0,0,0,0,0,0,0,0,0,0,0,
0,0,0,0,0,0,0,0,0,0,0,0,0,0,0,0,0,0,0,0,0,0,0,0,0,0,0,0,
0,0,0,0,0,0,0,0,0,0,0,0,0,0,0,0,0,0,0,0,0,0,0,0,0,0,0,0,
0,0,0,0,0,0,0,0,0,0,0,0,0,0,0,0,0,0,0,0,0,0,0,0,0,0,0,0

[layer]
type=background_fringe
data=
0,0,0,0,0,0,0,0,0,0,0,0,0,0,0,0,0,0,0,0,0,0,0,0,0,0,0,0,
0,0,0,0,0,0,0,0,0,0,0,0,0,0,0,0,0,0,0,0,0,0,0,0,0,0,0,0,
0,0,0,0,0,0,0,0,0,0,0,0,0,0,0,0,0,0,0,0,0,0,0,0,0,0,0,0,
0,0,0,0,0,0,0,0,0,0,0,0,0,0,0,0,0,0,0,0,0,0,0,0,0,0,0,0,
0,0,0,0,0,0,0,0,0,0,0,0,0,0,0,0,0,0,0,0,0,0,0,0,0,0,0,0,
0,0,0,0,0,0,0,0,0,0,0,0,0,0,0,0,0,0,0,0,0,0,0,0,0,0,0,0,
0,0,0,0,0,0,0,0,0,0,0,0,0,0,0,0,0,0,0,0,0,0,0,0,0,0,0,0,
0,0,0,0,0,0,0,0,0,0,0,0,0,0,0,0,0,0,0,0,0,0,0,0,0,0,0,0,
0,0,0,0,0,0,0,60,49,49,61,0,0,0,0,0,0,0,0,0,0,0,0,0,0,0,0,0,
0,0,0,0,0,0,0,52,0,0,54,0,0,0,0,0,0,0,0,0,0,0,0,0,0,0,0,0,
0,0,0,0,0,0,0,52,0,0,50,0,0,0,0,0,0,0,0,0,0,0,0,0,0,0,0,0,
0,0,0,0,0,0,0,63,51,51,62,0,0,0,0,0,0,0,0,0,0,0,0,0,0,0,0,0,
0,0,0,0,0,0,0,0,0,0,0,0,0,0,0,0,0,0,0,0,0,0,0,0,0,0,0,0,
0,0,0,0,0,0,0,0,0,0,0,0,0,0,0,0,0,0,0,0,0,0,0,0,0,0,0,0,
0,0,0,0,0,0,0,0,0,0,0,0,0,0,0,0,0,0,0,0,0,0,0,0,0,0,0,0,
0,0,0,0,0,0,0,0,0,0,0,0,0,0,0,0,0,0,0,0,0,0,0,0,0,0,0,0,
0,0,0,0,0,0,0,60,49,49,61,0,0,0,0,0,60,49,49,61,0,0,0,0,0,0,0,0,
0,0,0,0,0,0,0,52,0,0,54,0,0,0,0,0,52,0,0,54,0,0,0,0,0,0,0,0,
0,0,0,0,0,0,0,52,0,0,50,0,0,0,0,0,52,0,0,50,0,0,0,0,0,0,0,0,
0,0,0,0,0,0,0,63,51,51,62,0,0,0,0,0,63,51,51,62,0,0,0,0,0,0,0,0,
0,0,0,0,0,0,0,0,0,0,0,0,0,0,0,0,0,0,0,0,0,0,0,0,0,0,0,0,
0,0,0,0,0,0,0,0,0,0,0,0,0,0,0,0,0,0,0,0,0,0,0,0,0,0,0,0,
0,0,0,0,0,0,0,0,0,0,0,0,0,0,0,0,0,0,0,0,0,0,0,0,0,0,0,0,
0,0,0,0,0,0,0,0,0,0,0,0,0,0,0,0,0,0,0,0,0,0,0,0,0,0,0,0,
0,0,0,0,0,0,0,0,0,0,0,0,0,0,0,0,0,0,0,0,0,0,0,0,0,0,0,0,
0,0,0,0,0,0,0,0,0,0,0,0,0,0,0,0,0,0,0,0,0,0,0,0,0,0,0,0,
0,0,0,0,0,0,0,0,0,0,0,0,0,0,0,0,0,0,0,0,0,0,0,0,0,0,0,0,
0,0,0,0,0,0,0,0,0,0,0,0,0,0,0,0,0,0,0,0,0,0,0,0,0,0,0,0

[layer]
type=object
data=
153,154,155,156,153,154,155,156,153,154,155,156,153,154,155,156,153,154,155,156,153,154,155,156,153,154,155,156,
157,158,159,160,157,158,159,160,157,158,159,160,157,158,159,160,157,158,159,160,157,158,159,160,157,158,159,160,
153,154,165,166,162,165,166,162,161,163,163,166,163,166,165,162,165,165,162,164,162,162,163,166,165,164,155,156,
157,158,165,160,157,158,159,160,157,158,159,160,157,158,159,160,157,158,159,160,157,158,159,160,157,161,159,160,
153,154,165,156,148,171,196,216,200,249,177,171,171,214,169,177,196,216,175,196,236,249,177,149,153,163,155,156,
157,158,164,160,240,0,0,0,0,0,0,0,0,0,0,0,0,0,0,0,0,0,0,138,157,163,159,160,
153,154,162,156,174,0,0,0,0,0,0,0,0,0,0,0,0,0,0,0,0,0,0,138,153,166,155,156,
157,158,162,160,140,0,0,0,0,0,0,0,0,0,0,0,0,0,0,0,0,0,0,138,157,165,159,160,
153,154,162,156,248,0,0,185,0,0,0,0,146,139,139,139,139,139,139,139,147,0,0,138,153,161,155,156,
157,158,164,160,170,0,0,0,0,0,0,0,138,148,175,177,236,200,196,149,178,0,0,138,157,163,159,160,
153,154,161,156,238,0,0,0,0,0,0,0,138,136,278,246,264,241,278,138,174,0,0,138,153,164,155,156,
157,158,164,160,213,0,0,226,0,0,0,0,138,136,280,0,0,0,190,138,235,0,0,138,157,162,159,160,
153,154,165,156,176,0,0,0,0,0,0,0,138,136,274,0,284,0,0,202,182,0,0,138,153,164,155,156,
157,158,164,160,174,0,0,0,0,0,0,0,138,151,222,0,0,0,0,282,285,0,0,138,157,164,159,160,
153,154,162,156,136,0,0,0,0,0,0,0,220,237,144,0,0,0,0,0,0,0,0,138,153,166,155,156,
157,158,162,160,176,0,0,0,0,0,0,0,0,314,0,0,0,0,0,0,0,0,0,138,157,161,159,160,
153,154,161,156,215,0,0,224,0,0,186,0,0,0,0,0,187,0,0,233,0,0,0,138,153,166,155,156,
157,158,164,160,213,0,0,0,0,0,0,0,0,0,0,0,0,0,0,0,0,0,0,138,157,163,159,160,
153,154,163,156,170,0,0,0,0,0,0,0,0,0,0,0,0,0,0,0,0,0,0,138,153,164,155,156,
157,158,162,160,168,0,0,228,0,0,226,0,0,0,0,0,230,0,0,234,0,0,0,138,157,162,159,160,
153,154,166,156,240,0,0,0,0,0,0,0,0,0,0,0,0,0,0,0,0,0,0,138,153,166,155,156,
157,158,166,160,174,0,0,0,0,0,0,0,0,0,0,0,0,0,0,0,0,0,0,138,157,164,159,160,
153,154,166,156,174,0,0,0,0,0,0,0,0,0,0,0,0,0,0,0,0,0,0,138,153,164,155,156,
157,158,161,160,151,139,139,139,139,139,139,139,139,139,139,139,139,139,139,139,139,139,139,150,157,164,159,160,
153,154,162,156,153,154,155,156,153,154,155,156,153,154,155,156,153,154,155,156,153,154,155,156,153,164,155,156,
157,158,162,164,166,162,166,166,161,161,161,166,164,162,162,164,164,164,165,162,162,163,166,161,165,166,159,160,
153,154,155,156,153,154,155,156,153,154,155,156,153,154,155,156,153,154,155,156,153,154,155,156,153,154,155,156,
157,158,159,160,157,158,159,160,157,158,159,160,157,158,159,160,157,158,159,160,157,158,159,160,157,158,159,160

[layer]
type=collision
data=
3,3,3,3,3,3,3,3,3,3,3,3,3,3,3,3,3,3,3,3,3,3,3,3,3,3,3,3,
3,3,3,3,3,3,3,3,3,3,3,3,3,3,3,3,3,3,3,3,3,3,3,3,3,3,3,3,
3,3,3,3,3,3,3,3,3,3,3,3,3,3,3,3,3,3,3,3,3,3,3,3,3,3,3,3,
3,3,3,3,3,3,3,3,3,3,3,3,3,3,3,3,3,3,3,3,3,3,3,3,3,3,3,3,
3,3,3,3,1,1,1,1,1,1,1,1,1,1,1,1,1,1,1,1,1,1,1,1,3,3,3,3,
3,3,3,3,1,0,0,0,0,0,0,0,0,0,0,0,0,0,0,0,0,0,0,1,3,3,3,3,
3,3,3,3,1,0,0,0,0,0,0,0,0,0,0,0,0,0,0,0,0,0,0,1,3,3,3,3,
3,3,3,3,1,0,0,0,0,0,0,0,0,0,0,0,0,0,0,0,0,0,0,1,3,3,3,3,
3,3,3,3,1,0,0,1,0,0,0,0,1,1,1,1,1,1,1,1,1,0,0,1,3,3,3,3,
3,3,3,3,1,0,0,0,2,2,0,0,1,1,1,1,1,1,1,1,1,0,0,1,3,3,3,3,
3,3,3,3,1,0,0,0,2,2,0,0,1,1,1,2,2,1,1,1,1,0,0,1,3,3,3,3,
3,3,3,3,1,0,0,1,0,0,0,0,1,1,2,0,0,0,2,1,1,0,0,1,3,3,3,3,
3,3,3,3,1,0,0,0,0,0,0,0,1,1,2,0,2,0,0,1,1,0,0,1,3,3,3,3,
3,3,3,3,1,0,0,0,0,0,0,0,1,1,1,0,0,0,0,2,2,0,0,1,3,3,3,3,
3,3,3,3,1,0,0,0,0,0,0,0,1,1,1,0,0,0,0,0,0,0,0,1,3,3,3,3,
3,3,3,3,1,0,0,0,0,0,0,0,0,0,0,0,0,0,0,0,0,0,0,1,3,3,3,3,
3,3,3,3,1,0,0,1,0,0,1,0,0,0,0,0,2,0,0,1,0,0,0,1,3,3,3,3,
3,3,3,3,1,0,0,0,2,2,0,0,0,0,0,0,0,2,2,0,0,0,0,1,3,3,3,3,
3,3,3,3,1,0,0,0,2,2,0,0,0,0,0,0,0,2,2,0,0,0,0,1,3,3,3,3,
3,3,3,3,1,0,0,1,0,0,1,0,0,0,0,0,1,0,0,1,0,0,0,1,3,3,3,3,
3,3,3,3,1,0,0,0,0,0,0,0,0,0,0,0,0,0,0,0,0,0,0,1,3,3,3,3,
3,3,3,3,1,0,0,0,0,0,0,0,0,0,0,0,0,0,0,0,0,0,0,1,3,3,3,3,
3,3,3,3,1,0,0,0,0,0,0,0,0,0,0,0,0,0,0,0,0,0,0,1,3,3,3,3,
3,3,3,3,1,1,1,1,1,1,1,1,1,1,1,1,1,1,1,1,1,1,1,1,3,3,3,3,
3,3,3,3,3,3,3,3,3,3,3,3,3,3,3,3,3,3,3,3,3,3,3,3,3,3,3,3,
3,3,3,3,3,3,3,3,3,3,3,3,3,3,3,3,3,3,3,3,3,3,3,3,3,3,3,3,
3,3,3,3,3,3,3,3,3,3,3,3,3,3,3,3,3,3,3,3,3,3,3,3,3,3,3,3,
3,3,3,3,3,3,3,3,3,3,3,3,3,3,3,3,3,3,3,3,3,3,3,3,3,3,3,3

[event]
# Treasure Chest
type=event
location=16,10,1,1
activate=on_trigger
hotspot=location
loot=loot/il_chest_common.txt
loot_count=1,2
mapmod=object,16,10,266
repeat=false
soundfx=soundfx/wood_open.ogg
tooltip=Treasure Chest

[event]
# Crate
type=event
location=20,13,1,1
activate=on_trigger
hotspot=location
loot=loot/il_chest_common.txt
loot_count=1
mapmod=object,20,13,286
repeat=false
soundfx=soundfx/wood_open.ogg
tooltip=Crate

[event]
# Lectern
type=event
location=14,12,1,1
activate=on_trigger
hotspot=location
loot=loot/scrolls.txt
mapmod=object,14,12,276
repeat=false
soundfx=soundfx/inventory/inventory_page.ogg
tooltip=Lectern

[enemy]
type=enemy
location=10,10,9,7
category=il_goblin
number=2,3
spawn_level=hero_level,1

