[header]
width=28
height=28
tilewidth=192
tileheight=96
orientation=isometric
background_color=0,0,0,255
hero_pos=13,13
procgen_type=normal
tileset=tilesetdefs/tileset_ruins.txt

[tilesets]
tileset=../../../../tiled/tilesheets/tiled_collision.png,192,96,0,0
tileset=../../../../tiled/tilesheets/tiled_set_rules.png,192,96,0,0
tileset=../../../../tiled/tilesheets/ruins.png,192,384,0,0
tileset=../../../../tiled/tilesheets/ruins_door_left.png,192,384,-48,-24
tileset=../../../../tiled/tilesheets/ruins_door_right.png,192,384,48,-24
tileset=../../../../tiled/tilesheets/ruins_2x2.png,384,192,0,48
tileset=../../../../tiled/tilesheets/boss_chest.png,192,192,0,0

[layer]
type=background
data=
0,0,0,0,0,0,0,0,0,0,0,0,0,0,0,0,0,0,0,0,0,0,0,0,0,0,0,0,
0,0,0,0,0,0,0,0,0,0,0,0,0,0,0,0,0,0,0,0,0,0,0,0,0,0,0,0,
0,0,0,0,0,0,0,0,0,0,0,0,0,0,0,0,0,0,0,0,0,0,0,0,0,0,0,0,
0,0,0,0,0,0,0,0,0,0,0,0,0,0,0,0,0,0,0,0,0,0,0,0,0,0,0,0,
0,0,0,0,24,25,26,27,24,25,26,27,24,25,26,27,24,25,26,27,24,25,26,27,0,0,0,0,
0,0,0,0,28,122,124,124,38,40,38,41,42,40,42,41,40,40,42,38,40,38,43,31,0,0,0,0,
0,0,0,0,24,123,0,0,24,25,26,27,24,25,26,27,24,25,26,27,24,25,43,27,0,0,0,0,
0,0,0,0,28,123,0,0,124,124,124,124,28,29,30,31,28,29,30,31,28,29,41,31,0,0,0,0,
0,0,0,0,24,123,0,0,0,0,0,0,124,120,120,124,124,124,124,124,24,25,39,27,0,0,0,0,
0,0,0,0,28,43,30,31,123,0,0,0,0,120,120,0,0,0,0,0,28,29,42,31,0,0,0,0,
0,0,0,0,24,38,26,27,123,0,0,0,0,120,120,0,0,0,0,0,24,25,43,27,0,0,0,0,
0,0,0,0,28,39,30,31,123,0,0,0,0,120,120,0,0,0,0,0,28,29,42,31,0,0,0,0,
0,0,0,0,24,39,26,27,24,25,26,27,24,25,26,27,24,25,26,27,24,25,41,27,0,0,0,0,
0,0,0,0,28,43,30,31,28,29,30,31,28,29,30,31,28,29,30,31,28,29,41,31,0,0,0,0,
0,0,0,0,24,42,26,27,24,25,26,27,24,25,26,27,24,25,26,27,24,25,38,27,0,0,0,0,
0,0,0,0,28,41,30,31,28,29,30,31,28,29,30,31,28,29,30,31,28,29,43,31,0,0,0,0,
0,0,0,0,24,41,26,27,122,124,124,124,124,120,120,124,124,124,124,124,24,25,40,27,0,0,0,0,
0,0,0,0,28,41,30,31,123,0,0,0,0,120,120,0,0,0,0,0,28,29,41,31,0,0,0,0,
0,0,0,0,24,38,26,27,123,0,0,0,0,120,120,0,0,0,0,0,24,25,39,27,0,0,0,0,
0,0,0,0,28,41,30,31,123,0,0,0,0,120,120,0,0,0,0,0,124,124,124,31,0,0,0,0,
0,0,0,0,24,39,26,27,24,25,26,27,24,25,26,27,123,0,0,0,0,0,0,27,0,0,0,0,
0,0,0,0,28,39,30,31,28,29,30,31,28,29,30,31,28,29,30,31,123,0,0,31,0,0,0,0,
0,0,0,0,24,41,41,39,42,39,38,39,38,38,40,43,40,40,39,40,123,0,0,27,0,0,0,0,
0,0,0,0,28,29,30,31,28,29,30,31,28,29,30,31,28,29,30,31,28,29,30,31,0,0,0,0,
0,0,0,0,0,0,0,0,0,0,0,0,0,0,0,0,0,0,0,0,0,0,0,0,0,0,0,0,
0,0,0,0,0,0,0,0,0,0,0,0,0,0,0,0,0,0,0,0,0,0,0,0,0,0,0,0,
0,0,0,0,0,0,0,0,0,0,0,0,0,0,0,0,0,0,0,0,0,0,0,0,0,0,0,0,
0,0,0,0,0,0,0,0,0,0,0,0,0,0,0,0,0,0,0,0,0,0,0,0,0,0,0,0

[layer]
type=background_fringe
data=
0,0,0,0,0,0,0,0,0,0,0,0,0,0,0,0,0,0,0,0,0,0,0,0,0,0,0,0,
0,0,0,0,0,0,0,0,0,0,0,0,0,0,0,0,0,0,0,0,0,0,0,0,0,0,0,0,
0,0,0,0,0,0,0,0,0,0,0,0,0,0,0,0,0,0,0,0,0,0,0,0,0,0,0,0,
0,0,0,0,0,0,0,0,0,0,0,0,0,0,0,0,0,0,0,0,0,0,0,0,0,0,0,0,
0,0,0,0,60,49,49,49,61,0,0,0,0,0,0,0,0,0,0,0,0,0,0,0,0,0,0,0,
0,0,0,0,48,0,0,0,50,0,0,0,0,0,0,0,0,0,0,0,0,0,0,0,0,0,0,0,
0,0,0,0,48,0,0,0,57,49,49,49,61,0,0,0,0,0,0,0,0,0,0,0,0,0,0,0,
0,0,0,0,48,0,0,0,0,0,0,0,57,49,49,49,49,49,49,49,61,0,0,0,0,0,0,0,
0,0,0,0,48,0,0,0,0,0,0,0,0,0,0,0,0,0,0,0,50,0,0,0,0,0,0,0,
0,0,0,0,63,51,51,59,0,0,0,0,0,0,0,0,0,0,0,0,50,0,0,0,0,0,0,0,
0,0,0,0,0,0,0,48,0,0,0,0,0,0,0,0,0,0,0,0,50,0,0,0,0,0,0,0,
0,0,0,0,0,0,0,48,0,0,0,0,0,0,0,0,0,0,0,0,50,0,0,0,0,0,0,0,
0,0,0,0,0,0,0,63,51,51,51,51,51,51,51,51,51,51,51,51,62,0,0,0,0,0,0,0,
0,0,0,0,0,0,0,0,0,0,0,0,0,0,0,0,0,0,0,0,0,0,0,0,0,0,0,0,
0,0,0,0,0,0,0,0,0,0,0,0,0,0,0,0,0,0,0,0,0,0,0,0,0,0,0,0,
0,0,0,0,0,0,0,60,49,49,49,49,49,49,49,49,49,49,49,49,61,0,0,0,0,0,0,0,
0,0,0,0,0,0,0,48,0,0,0,0,0,0,0,0,0,0,0,0,50,0,0,0,0,0,0,0,
0,0,0,0,0,0,0,48,0,0,0,0,0,0,0,0,0,0,0,0,50,0,0,0,0,0,0,0,
0,0,0,0,0,0,0,48,0,0,0,0,0,0,0,0,0,0,0,0,57,49,49,61,0,0,0,0,
0,0,0,0,0,0,0,48,0,0,0,0,0,0,0,0,0,0,0,0,0,0,0,50,0,0,0,0,
0,0,0,0,0,0,0,63,51,51,51,51,51,51,51,59,0,0,0,0,0,0,0,50,0,0,0,0,
0,0,0,0,0,0,0,0,0,0,0,0,0,0,0,63,51,51,51,59,0,0,0,50,0,0,0,0,
0,0,0,0,0,0,0,0,0,0,0,0,0,0,0,0,0,0,0,48,0,0,0,50,0,0,0,0,
0,0,0,0,0,0,0,0,0,0,0,0,0,0,0,0,0,0,0,63,51,51,51,62,0,0,0,0,
0,0,0,0,0,0,0,0,0,0,0,0,0,0,0,0,0,0,0,0,0,0,0,0,0,0,0,0,
0,0,0,0,0,0,0,0,0,0,0,0,0,0,0,0,0,0,0,0,0,0,0,0,0,0,0,0,
0,0,0,0,0,0,0,0,0,0,0,0,0,0,0,0,0,0,0,0,0,0,0,0,0,0,0,0,
0,0,0,0,0,0,0,0,0,0,0,0,0,0,0,0,0,0,0,0,0,0,0,0,0,0,0,0

[layer]
type=object
data=
153,154,155,156,153,154,155,156,153,154,155,156,153,154,155,156,153,154,155,156,153,154,155,156,153,154,155,156,
157,158,159,160,157,158,159,160,157,158,159,160,157,158,159,160,157,158,159,160,157,158,159,160,157,158,159,160,
153,154,161,166,166,161,162,163,165,161,163,166,161,163,163,163,166,166,165,166,162,165,165,166,164,165,155,156,
157,158,161,160,157,158,159,160,157,158,159,160,157,158,159,160,157,158,159,160,157,158,159,160,157,164,159,160,
153,154,165,156,148,141,214,171,169,239,214,171,200,237,175,216,196,169,137,239,141,216,177,149,153,165,155,156,
157,158,161,160,170,0,0,0,0,0,0,0,0,0,0,0,0,0,0,0,0,0,0,138,157,166,159,160,
153,154,165,156,195,0,0,0,0,0,0,0,0,0,0,0,0,0,0,0,0,0,0,138,153,166,155,156,
157,158,163,160,174,0,0,0,0,0,0,0,0,0,0,0,0,0,0,0,0,0,0,138,157,163,159,160,
153,154,161,156,140,0,0,0,0,0,0,0,0,0,0,0,0,0,0,0,0,0,0,138,153,163,155,156,
157,158,162,160,176,0,0,0,0,0,0,0,0,0,0,0,0,0,0,0,0,0,0,138,157,163,159,160,
153,154,162,156,213,0,241,0,0,0,0,0,0,0,0,0,0,0,0,0,0,0,0,138,153,162,155,156,
157,158,164,160,136,0,0,0,0,0,0,0,0,0,0,0,0,0,0,0,0,0,0,138,157,162,159,160,
153,154,166,156,238,0,0,232,0,0,0,0,230,0,0,226,0,0,0,0,152,0,0,138,153,161,155,156,
157,158,164,160,176,0,0,0,0,0,0,0,0,0,0,0,0,0,0,0,0,0,0,138,157,162,159,160,
153,154,166,156,136,0,0,0,0,0,0,0,0,0,0,0,0,0,0,0,0,0,0,138,153,166,155,156,
157,158,164,160,213,0,0,234,0,0,0,0,234,0,0,185,0,0,0,0,187,0,0,138,157,166,159,160,
153,154,165,156,235,0,0,0,0,0,0,0,0,0,0,0,0,0,0,0,0,0,0,138,153,164,155,156,
157,158,163,160,136,0,0,0,0,0,0,0,0,0,0,0,0,0,0,0,0,243,0,138,157,166,159,160,
153,154,162,156,215,0,0,0,0,0,0,0,0,0,0,0,0,0,0,0,0,0,0,138,153,165,155,156,
157,158,162,160,174,0,0,0,0,0,0,0,0,0,0,0,0,0,0,0,0,0,0,138,157,162,159,160,
153,154,162,156,176,0,0,0,0,0,0,0,0,0,0,0,0,0,0,0,0,0,0,138,153,163,155,156,
157,158,161,160,178,0,0,0,0,0,0,0,0,0,0,0,0,0,0,0,0,0,0,138,157,164,159,160,
153,154,166,156,240,0,0,0,0,0,0,0,0,0,0,0,0,0,0,0,0,0,0,138,153,161,155,156,
157,158,161,160,151,139,139,139,139,139,139,139,139,139,139,139,139,139,139,139,139,139,139,150,157,165,159,160,
153,154,163,156,153,154,155,156,153,154,155,156,153,154,155,156,153,154,155,156,153,154,155,156,153,162,155,156,
157,158,161,163,162,163,165,161,163,166,161,161,163,166,161,164,164,164,164,164,162,163,161,166,161,163,159,160,
153,154,155,156,153,154,155,156,153,154,155,156,153,154,155,156,153,154,155,156,153,154,155,156,153,154,155,156,
157,158,159,160,157,158,159,160,157,158,159,160,157,158,159,160,157,158,159,160,157,158,159,160,157,158,159,160

[layer]
type=collision
data=
3,3,3,3,3,3,3,3,3,3,3,3,3,3,3,3,3,3,3,3,3,3,3,3,3,3,3,3,
3,3,3,3,3,3,3,3,3,3,3,3,3,3,3,3,3,3,3,3,3,3,3,3,3,3,3,3,
3,3,3,3,3,3,3,3,3,3,3,3,3,3,3,3,3,3,3,3,3,3,3,3,3,3,3,3,
3,3,3,3,3,3,3,3,3,3,3,3,3,3,3,3,3,3,3,3,3,3,3,3,3,3,3,3,
3,3,3,3,1,1,1,1,1,1,1,1,1,1,1,1,1,1,1,1,1,1,1,1,3,3,3,3,
3,3,3,3,1,2,2,2,0,0,0,0,0,0,0,0,0,0,0,0,0,0,0,1,3,3,3,3,
3,3,3,3,1,2,4,2,0,0,0,0,0,0,0,0,0,0,0,0,0,0,0,1,3,3,3,3,
3,3,3,3,1,2,4,2,2,2,2,2,0,0,0,0,0,0,0,0,0,0,0,1,3,3,3,3,
3,3,3,3,1,2,2,2,2,4,4,2,2,0,0,2,2,2,2,2,0,0,0,1,3,3,3,3,
3,3,3,3,1,0,0,0,2,4,4,4,2,0,0,2,4,4,4,2,0,0,0,1,3,3,3,3,
3,3,3,3,1,0,1,0,2,4,4,4,2,0,0,2,4,4,4,2,0,0,0,1,3,3,3,3,
3,3,3,3,1,0,0,0,2,2,2,2,2,0,0,2,2,2,2,2,0,0,0,1,3,3,3,3,
3,3,3,3,1,0,0,1,0,0,0,0,1,0,0,1,0,0,0,0,1,0,0,1,3,3,3,3,
3,3,3,3,1,0,0,0,0,0,0,0,0,0,0,0,0,0,0,0,0,0,0,1,3,3,3,3,
3,3,3,3,1,0,0,0,0,0,0,0,0,0,0,0,0,0,0,0,0,0,0,1,3,3,3,3,
3,3,3,3,1,0,0,1,0,0,0,0,1,0,0,1,0,0,0,0,2,0,0,1,3,3,3,3,
3,3,3,3,1,0,0,0,2,2,2,2,2,0,0,2,2,2,2,2,0,0,0,1,3,3,3,3,
3,3,3,3,1,0,0,0,2,4,4,4,2,0,0,2,4,4,4,2,0,1,0,1,3,3,3,3,
3,3,3,3,1,0,0,0,2,4,4,4,2,0,0,2,4,4,4,2,0,0,0,1,3,3,3,3,
3,3,3,3,1,0,0,0,2,2,2,2,2,0,0,2,2,4,4,2,2,2,2,1,3,3,3,3,
3,3,3,3,1,0,0,0,0,0,0,0,0,0,0,0,2,2,2,2,2,4,2,1,3,3,3,3,
3,3,3,3,1,0,0,0,0,0,0,0,0,0,0,0,0,0,0,0,2,4,2,1,3,3,3,3,
3,3,3,3,1,0,0,0,0,0,0,0,0,0,0,0,0,0,0,0,2,2,2,1,3,3,3,3,
3,3,3,3,1,1,1,1,1,1,1,1,1,1,1,1,1,1,1,1,1,1,1,1,3,3,3,3,
3,3,3,3,3,3,3,3,3,3,3,3,3,3,3,3,3,3,3,3,3,3,3,3,3,3,3,3,
3,3,3,3,3,3,3,3,3,3,3,3,3,3,3,3,3,3,3,3,3,3,3,3,3,3,3,3,
3,3,3,3,3,3,3,3,3,3,3,3,3,3,3,3,3,3,3,3,3,3,3,3,3,3,3,3,
3,3,3,3,3,3,3,3,3,3,3,3,3,3,3,3,3,3,3,3,3,3,3,3,3,3,3,3

[enemy]
type=enemy
location=6,6,16,16
category=il_wyvern
number=3,5
spawn_level=hero_level,1

