[header]
width=28
height=28
tilewidth=192
tileheight=96
orientation=isometric
background_color=0,0,0,255
hero_pos=20,15
procgen_type=normal
procgen_unique_status=emp_il_treasure_room
tileset=tilesetdefs/tileset_ruins.txt

[tilesets]
tileset=../../../../tiled/tilesheets/tiled_collision.png,192,96,0,0
tileset=../../../../tiled/tilesheets/tiled_set_rules.png,192,96,0,0
tileset=../../../../tiled/tilesheets/ruins.png,192,384,0,0
tileset=../../../../tiled/tilesheets/ruins_door_left.png,192,384,-48,-24
tileset=../../../../tiled/tilesheets/ruins_door_right.png,192,384,48,-24
tileset=../../../../tiled/tilesheets/ruins_2x2.png,384,192,0,48
tileset=../../../../tiled/tilesheets/boss_chest.png,192,192,0,0

[layer]
type=background
data=
0,0,0,0,0,0,0,0,0,0,0,0,0,0,0,0,0,0,0,0,0,0,0,0,0,0,0,0,
0,0,0,0,0,0,0,0,0,0,0,0,0,0,0,0,0,0,0,0,0,0,0,0,0,0,0,0,
0,0,0,0,0,0,0,0,0,0,0,0,0,0,0,0,0,0,0,0,0,0,0,0,0,0,0,0,
0,0,0,0,0,0,0,0,0,0,0,0,0,0,0,0,0,0,0,0,0,0,0,0,0,0,0,0,
0,0,0,0,24,25,26,27,24,25,26,27,24,25,26,27,24,25,26,27,24,25,26,27,0,0,0,0,
0,0,0,0,28,42,42,39,40,40,38,39,42,38,39,42,41,40,39,43,38,43,40,31,0,0,0,0,
0,0,0,0,24,42,26,27,24,25,26,27,24,25,26,27,24,25,26,27,24,25,41,27,0,0,0,0,
0,0,0,0,28,38,30,31,28,29,30,31,28,29,30,31,28,29,30,31,28,29,43,31,0,0,0,0,
0,0,0,0,24,38,26,27,24,25,26,27,24,25,26,27,24,25,26,27,24,25,38,27,0,0,0,0,
0,0,0,0,28,38,30,31,28,29,30,31,28,29,30,31,28,29,30,31,28,29,40,31,0,0,0,0,
0,0,0,0,24,42,26,27,24,25,26,27,38,25,39,27,24,25,26,27,24,25,43,27,0,0,0,0,
0,0,0,0,28,42,30,31,28,29,30,31,28,29,30,31,28,29,30,31,28,29,43,31,0,0,0,0,
0,0,0,0,24,41,26,27,24,25,26,27,24,25,26,27,24,25,26,27,24,25,42,27,0,0,0,0,
0,0,0,0,28,40,30,31,28,29,30,39,40,29,30,31,28,29,30,31,28,29,39,31,0,0,0,0,
0,0,0,0,24,38,26,27,24,25,26,39,41,25,26,27,24,25,26,27,24,25,43,27,0,0,0,0,
0,0,0,0,28,38,30,31,28,29,96,31,28,29,30,98,99,29,39,43,28,29,39,31,0,0,0,0,
0,0,0,0,24,40,26,27,24,25,99,27,24,25,26,27,24,25,42,40,24,25,43,27,0,0,0,0,
0,0,0,0,28,38,30,31,28,29,30,31,28,29,30,31,28,29,30,31,28,29,39,31,0,0,0,0,
0,0,0,0,24,38,26,27,24,25,26,27,24,25,26,27,24,25,26,27,24,25,41,27,0,0,0,0,
0,0,0,0,28,41,30,31,28,29,30,31,28,29,30,31,28,29,30,31,28,29,43,31,0,0,0,0,
0,0,0,0,24,43,26,27,24,25,26,27,24,25,26,27,24,25,26,27,24,25,41,27,0,0,0,0,
0,0,0,0,28,39,30,31,28,29,30,31,28,29,30,31,28,29,30,31,28,29,41,31,0,0,0,0,
0,0,0,0,24,39,42,39,38,38,39,43,39,41,41,41,39,39,40,41,43,41,39,27,0,0,0,0,
0,0,0,0,28,29,30,31,28,29,30,31,28,29,30,31,28,29,30,31,28,29,30,31,0,0,0,0,
0,0,0,0,0,0,0,0,0,0,0,0,0,0,0,0,0,0,0,0,0,0,0,0,0,0,0,0,
0,0,0,0,0,0,0,0,0,0,0,0,0,0,0,0,0,0,0,0,0,0,0,0,0,0,0,0,
0,0,0,0,0,0,0,0,0,0,0,0,0,0,0,0,0,0,0,0,0,0,0,0,0,0,0,0,
0,0,0,0,0,0,0,0,0,0,0,0,0,0,0,0,0,0,0,0,0,0,0,0,0,0,0,0

[layer]
type=background_fringe
data=
0,0,0,0,0,0,0,0,0,0,0,0,0,0,0,0,0,0,0,0,0,0,0,0,0,0,0,0,
0,0,0,0,0,0,0,0,0,0,0,0,0,0,0,0,0,0,0,0,0,0,0,0,0,0,0,0,
0,0,0,0,0,0,0,0,0,0,0,0,0,0,0,0,0,0,0,0,0,0,0,0,0,0,0,0,
0,0,0,0,0,0,0,0,0,0,0,0,0,0,0,0,0,0,0,0,0,0,0,0,0,0,0,0,
0,0,0,0,0,0,0,0,0,0,0,0,0,0,0,0,0,0,0,0,0,0,0,0,0,0,0,0,
0,0,0,0,0,0,0,0,0,0,0,0,0,0,0,0,0,0,0,0,0,0,0,0,0,0,0,0,
0,0,0,0,0,0,0,0,0,0,0,0,0,0,0,0,0,0,0,0,0,0,0,0,0,0,0,0,
0,0,0,0,0,0,0,0,0,0,0,0,0,0,0,0,0,0,0,0,0,0,0,0,0,0,0,0,
0,0,0,0,0,0,0,0,0,0,0,0,0,0,0,0,0,0,0,0,0,0,0,0,0,0,0,0,
0,0,0,0,0,0,0,0,0,0,0,0,0,0,0,0,0,0,0,0,0,0,0,0,0,0,0,0,
0,0,0,0,0,0,0,0,0,0,0,0,0,0,0,0,0,0,0,0,0,0,0,0,0,0,0,0,
0,0,0,0,0,0,0,0,0,0,0,0,0,0,0,0,0,0,0,0,0,0,0,0,0,0,0,0,
0,0,0,0,0,0,0,0,0,0,0,0,0,0,0,0,0,0,0,0,0,0,0,0,0,0,0,0,
0,0,0,0,0,0,0,0,0,0,0,0,0,0,0,0,0,0,0,0,0,0,0,0,0,0,0,0,
0,0,0,0,0,0,0,0,0,0,0,0,0,0,0,0,0,0,0,0,0,0,0,0,0,0,0,0,
0,0,0,0,0,0,0,0,0,0,0,0,0,0,0,0,0,0,0,0,0,0,0,0,0,0,0,0,
0,0,0,0,0,0,0,0,0,0,0,0,0,0,0,0,0,0,0,0,0,0,0,0,0,0,0,0,
0,0,0,0,0,0,0,0,0,0,0,0,0,0,0,0,0,0,0,0,0,0,0,0,0,0,0,0,
0,0,0,0,0,0,0,0,0,0,0,0,0,0,0,0,0,0,0,0,0,0,0,0,0,0,0,0,
0,0,0,0,0,0,0,0,0,0,0,0,0,0,0,0,0,0,0,0,0,0,0,0,0,0,0,0,
0,0,0,0,0,0,0,0,0,0,0,0,0,0,0,0,0,0,0,0,0,0,0,0,0,0,0,0,
0,0,0,0,0,0,0,0,0,0,0,0,0,0,0,0,0,0,0,0,0,0,0,0,0,0,0,0,
0,0,0,0,0,0,0,0,0,0,0,0,0,0,0,0,0,0,0,0,0,0,0,0,0,0,0,0,
0,0,0,0,0,0,0,0,0,0,0,0,0,0,0,0,0,0,0,0,0,0,0,0,0,0,0,0,
0,0,0,0,0,0,0,0,0,0,0,0,0,0,0,0,0,0,0,0,0,0,0,0,0,0,0,0,
0,0,0,0,0,0,0,0,0,0,0,0,0,0,0,0,0,0,0,0,0,0,0,0,0,0,0,0,
0,0,0,0,0,0,0,0,0,0,0,0,0,0,0,0,0,0,0,0,0,0,0,0,0,0,0,0,
0,0,0,0,0,0,0,0,0,0,0,0,0,0,0,0,0,0,0,0,0,0,0,0,0,0,0,0

[layer]
type=object
data=
153,154,155,156,153,154,155,156,153,154,155,156,153,154,155,156,153,154,155,156,153,154,155,156,153,154,155,156,
157,158,159,160,157,158,159,160,157,158,159,160,157,158,159,160,157,158,159,160,157,158,159,160,157,158,159,160,
153,154,165,166,162,165,166,162,161,163,163,166,163,166,165,162,165,165,162,164,162,162,163,166,165,164,155,156,
157,158,165,160,157,158,159,160,157,158,159,160,157,158,159,160,157,158,159,160,157,158,159,160,157,161,159,160,
153,154,165,156,148,249,237,175,179,214,137,175,214,141,137,216,237,171,196,177,171,137,175,149,153,163,155,156,
157,158,164,160,140,0,0,0,0,0,0,0,0,0,0,0,0,0,0,0,0,0,0,138,157,163,159,160,
153,154,162,156,213,0,0,0,0,0,0,0,0,0,0,0,0,0,0,0,0,0,0,138,153,166,155,156,
157,158,162,160,235,0,0,0,146,139,139,139,139,139,139,139,139,139,139,147,0,0,0,138,157,165,159,160,
153,154,162,156,136,0,0,0,138,148,175,200,214,249,137,236,196,216,149,195,0,0,0,138,153,161,155,156,
157,158,164,160,170,0,0,0,138,136,278,384,279,384,279,384,282,278,138,168,0,0,0,138,157,163,159,160,
153,154,161,156,174,0,0,0,138,248,265,0,0,0,0,0,0,0,138,235,0,0,0,138,153,164,155,156,
157,158,164,160,199,0,0,0,138,238,296,0,0,0,0,0,0,0,138,238,0,0,0,138,157,162,159,160,
153,154,165,156,174,0,0,0,138,248,265,0,0,0,0,0,146,139,150,199,0,0,0,138,153,164,155,156,
157,158,164,160,136,0,0,0,138,215,0,0,0,0,146,139,150,148,137,144,0,0,0,138,157,164,159,160,
153,154,162,156,199,0,0,0,138,238,368,378,379,370,145,214,237,144,0,369,0,0,0,138,153,166,155,156,
157,158,162,160,176,0,0,0,138,213,315,0,0,0,0,314,316,0,0,377,0,0,0,138,157,161,159,160,
153,154,161,156,178,0,0,0,138,176,313,0,0,0,0,0,0,0,0,376,0,0,0,138,153,166,155,156,
157,158,164,160,168,0,0,0,138,235,0,0,0,0,0,0,0,0,0,371,0,0,0,138,157,163,159,160,
153,154,163,156,238,0,0,0,138,151,139,139,139,139,139,139,139,139,139,147,0,0,0,138,153,164,155,156,
157,158,162,160,170,0,0,0,145,169,236,179,237,177,200,249,200,236,175,144,0,0,0,138,157,162,159,160,
153,154,166,156,235,0,0,0,0,0,0,0,0,0,0,0,0,0,0,0,0,0,0,138,153,166,155,156,
157,158,166,160,140,0,0,0,0,0,0,0,0,0,0,0,0,0,0,0,0,0,0,138,157,164,159,160,
153,154,166,156,168,0,0,0,0,0,0,0,0,0,0,0,0,0,0,0,0,0,0,138,153,164,155,156,
157,158,161,160,151,139,139,139,139,139,139,139,139,139,139,139,139,139,139,139,139,139,139,150,157,164,159,160,
153,154,162,156,153,154,155,156,153,154,155,156,153,154,155,156,153,154,155,156,153,154,155,156,153,164,155,156,
157,158,162,164,166,162,166,166,161,161,161,166,164,162,162,164,164,164,165,162,162,163,166,161,165,166,159,160,
153,154,155,156,153,154,155,156,153,154,155,156,153,154,155,156,153,154,155,156,153,154,155,156,153,154,155,156,
157,158,159,160,157,158,159,160,157,158,159,160,157,158,159,160,157,158,159,160,157,158,159,160,157,158,159,160

[layer]
type=collision
data=
3,3,3,3,3,3,3,3,3,3,3,3,3,3,3,3,3,3,3,3,3,3,3,3,3,3,3,3,
3,3,3,3,3,3,3,3,3,3,3,3,3,3,3,3,3,3,3,3,3,3,3,3,3,3,3,3,
3,3,3,3,3,3,3,3,3,3,3,3,3,3,3,3,3,3,3,3,3,3,3,3,3,3,3,3,
3,3,3,3,3,3,3,3,3,3,3,3,3,3,3,3,3,3,3,3,3,3,3,3,3,3,3,3,
3,3,3,3,1,1,1,1,1,1,1,1,1,1,1,1,1,1,1,1,1,1,1,1,3,3,3,3,
3,3,3,3,1,0,0,0,0,0,0,0,0,0,0,0,0,0,0,0,0,0,0,1,3,3,3,3,
3,3,3,3,1,0,0,0,0,0,0,0,0,0,0,0,0,0,0,0,0,0,0,1,3,3,3,3,
3,3,3,3,1,0,0,0,1,1,1,1,1,1,1,1,1,1,1,1,0,0,0,1,3,3,3,3,
3,3,3,3,1,0,0,0,1,1,1,1,1,1,1,1,1,1,1,1,0,0,0,1,3,3,3,3,
3,3,3,3,1,0,0,0,1,1,1,2,1,2,1,2,2,1,1,1,0,0,0,1,3,3,3,3,
3,3,3,3,1,0,0,0,1,1,2,0,0,0,0,0,0,0,1,1,0,0,0,1,3,3,3,3,
3,3,3,3,1,0,0,0,1,1,2,0,0,0,0,0,0,0,1,1,0,0,0,1,3,3,3,3,
3,3,3,3,1,0,0,0,1,1,2,0,0,0,0,0,1,1,1,1,0,0,0,1,3,3,3,3,
3,3,3,3,1,0,0,0,1,1,1,1,1,1,1,1,1,1,1,1,0,0,0,1,3,3,3,3,
3,3,3,3,1,0,0,0,1,1,1,1,1,1,1,1,1,1,1,1,0,0,0,1,3,3,3,3,
3,3,3,3,1,0,0,0,1,1,2,0,0,0,0,2,2,0,1,1,0,0,0,1,3,3,3,3,
3,3,3,3,1,0,0,0,1,1,2,0,0,0,0,0,0,0,1,1,0,0,0,1,3,3,3,3,
3,3,3,3,1,0,0,0,1,1,0,0,0,0,0,0,0,0,1,1,0,0,0,1,3,3,3,3,
3,3,3,3,1,0,0,0,1,1,1,1,1,1,1,1,1,1,1,1,0,0,0,1,3,3,3,3,
3,3,3,3,1,0,0,0,1,1,1,1,1,1,1,1,1,1,1,1,0,0,0,1,3,3,3,3,
3,3,3,3,1,0,0,0,0,0,0,0,0,0,0,0,0,0,0,0,0,0,0,1,3,3,3,3,
3,3,3,3,1,0,0,0,0,0,0,0,0,0,0,0,0,0,0,0,0,0,0,1,3,3,3,3,
3,3,3,3,1,0,0,0,0,0,0,0,0,0,0,0,0,0,0,0,0,0,0,1,3,3,3,3,
3,3,3,3,1,1,1,1,1,1,1,1,1,1,1,1,1,1,1,1,1,1,1,1,3,3,3,3,
3,3,3,3,3,3,3,3,3,3,3,3,3,3,3,3,3,3,3,3,3,3,3,3,3,3,3,3,
3,3,3,3,3,3,3,3,3,3,3,3,3,3,3,3,3,3,3,3,3,3,3,3,3,3,3,3,
3,3,3,3,3,3,3,3,3,3,3,3,3,3,3,3,3,3,3,3,3,3,3,3,3,3,3,3,
3,3,3,3,3,3,3,3,3,3,3,3,3,3,3,3,3,3,3,3,3,3,3,3,3,3,3,3

[event]
# Locked Door (outer)
type=event
location=18,15,2,2
activate=on_trigger
hotspot=location
msg=This door needs a key to be opened.
requires_not_item=1105
requires_not_status=emp_il_treasure_room_door1
tooltip=Locked Door

[event]
# Unlock Door (outer)
type=event
location=18,15,2,2
activate=on_trigger
hotspot=location
mapmod=object,19,14,361;object,19,17,367;object,19,15,0;object,19,16,0;collision,18,15,0;collision,18,16,0;collision,19,15,0;collision,19,16,0
remove_item=1105:1
requires_item=1105
requires_not_status=emp_il_treasure_room_door1
set_status=emp_il_treasure_room_door1
soundfx=soundfx/door_open.ogg
tooltip=Locked Door

[event]
# Unlock Door (outer, on_load)
type=event
location=18,12,1,1
activate=on_load
mapmod=object,19,14,361;object,19,17,367;object,19,15,0;object,19,16,0;collision,18,15,0;collision,18,16,0;collision,19,15,0;collision,19,16,0
requires_status=emp_il_treasure_room_door1

[event]
# Locked Door (inner)
type=event
location=11,13,2,2
activate=on_trigger
hotspot=location
msg=This door needs a key to be opened.
requires_not_item=1105
requires_not_status=emp_il_treasure_room_door2
tooltip=Locked Door

[event]
# Unlock Door (inner)
type=event
location=11,13,2,2
activate=on_trigger
hotspot=location
mapmod=object,10,14,364;object,13,14,362;object,11,14,0;object,12,14,0;collision,11,13,0;collision,11,14,0;collision,12,13,0;collision,12,14,0
remove_item=1105:1
requires_item=1105
requires_not_status=emp_il_treasure_room_door2
set_status=emp_il_treasure_room_door2
soundfx=soundfx/door_open.ogg
tooltip=Locked Door

[event]
# Unlock Door (inner, on_load)
type=event
location=9,14,1,1
activate=on_load
mapmod=object,10,14,364;object,13,14,362;object,11,14,0;object,12,14,0;collision,11,13,0;collision,11,14,0;collision,12,13,0;collision,12,14,0
requires_status=emp_il_treasure_room_door2

[event]
# Treasure Chest (1)
type=event
location=10,12,1,1
activate=on_trigger
hotspot=location
loot=loot/il_chest_common.txt
loot_count=3,4
mapmod=object,10,12,267
repeat=false
requires_not_status=emp_il_treasure_room_chest1
set_status=emp_il_treasure_room_chest1
soundfx=soundfx/wood_open.ogg
tooltip=Treasure Chest

[event]
# Treasure Chest (2)
type=event
location=10,10,1,1
activate=on_trigger
hotspot=location
loot=1105,fixed,2
mapmod=object,10,10,267
repeat=false
requires_not_status=emp_il_treasure_room_chest2
set_status=emp_il_treasure_room_chest2
soundfx=soundfx/wood_open.ogg
tooltip=Treasure Chest

[event]
# Boss Chest (3)
type=event
location=11,9,1,1
activate=on_trigger
hotspot=location
loot=loot/il_chest_common.txt
loot_count=6,8
mapmod=object,11,9,385
repeat=false
requires_not_status=emp_il_treasure_room_chest3
set_status=emp_il_treasure_room_chest3
soundfx=soundfx/wood_open.ogg
tooltip=Treasure Chest

[event]
# Boss Chest (4)
type=event
location=13,9,1,1
activate=on_trigger
hotspot=location
loot=loot/il_chest_common.txt
loot_count=6,8
mapmod=object,13,9,385
repeat=false
requires_not_status=emp_il_treasure_room_chest4
set_status=emp_il_treasure_room_chest4
soundfx=soundfx/wood_open.ogg
tooltip=Treasure Chest

[event]
# Boss Chest (5)
type=event
location=15,9,1,1
activate=on_trigger
hotspot=location
loot=loot/il_chest_common.txt
loot_count=6,8
mapmod=object,15,9,385
repeat=false
requires_not_status=emp_il_treasure_room_chest5
set_status=emp_il_treasure_room_chest5
soundfx=soundfx/wood_open.ogg
tooltip=Treasure Chest

[event]
# Treasure Chest (1, on_load)
type=event
location=9,12,1,1
activate=on_load
mapmod=object,10,12,267
repeat=false
requires_status=emp_il_treasure_room_chest1

[event]
# Treasure Chest (2, on_load)
type=event
location=9,10,1,1
activate=on_load
mapmod=object,10,10,267
repeat=false
requires_status=emp_il_treasure_room_chest2

[event]
# Boss Chest (3, on_load)
type=event
location=11,8,1,1
activate=on_load
mapmod=object,11,9,385
repeat=false
requires_status=emp_il_treasure_room_chest3

[event]
# Boss Chest (4, on_load)
type=event
location=13,8,1,1
activate=on_load
mapmod=object,13,9,385
repeat=false
requires_status=emp_il_treasure_room_chest4

[event]
# Boss Chest (5, on_load)
type=event
location=15,8,1,1
activate=on_load
mapmod=object,15,9,385
repeat=false
requires_status=emp_il_treasure_room_chest5

[event]
# Brazier sound effect
type=event
location=10,11,1,1
activate=on_load
soundfx=soundfx/environment/open_fire_loop.ogg

[event]
# Mastite pillar regen
type=event
location=9,8,3,3
activate=on_trigger
cooldown=2s
power=378
power_path=10,9
repeat=true

[event]
# Mastite pillar regen
type=event
location=16,8,3,3
activate=on_trigger
cooldown=2s
power=378
power_path=17,9
repeat=true

