
image=images/enemies/grisbon.png

[stance]
frames=4
duration=6
type=back_forth
frame=0,0,3912,0,50,50,29,45
frame=0,1,3996,50,43,50,17,46
frame=0,2,2459,0,49,55,10,47
frame=0,3,2681,54,60,54,10,45
frame=0,4,2772,0,56,54,19,45
frame=0,5,1809,58,39,58,18,44
frame=0,6,3538,52,52,52,33,44
frame=0,7,2693,108,60,53,43,44
frame=1,0,3934,100,50,50,29,45
frame=1,1,3776,51,43,51,17,47
frame=1,2,2987,0,50,54,10,46
frame=1,3,2712,0,60,54,10,45
frame=1,4,2927,108,56,53,19,44
frame=1,5,1847,0,39,58,18,44
frame=1,6,3527,104,53,52,34,44
frame=1,7,2753,108,60,53,43,44
frame=2,0,4214,0,51,49,30,44
frame=2,1,3253,53,42,53,17,49
frame=2,2,2936,0,51,54,10,46
frame=2,3,2589,0,62,54,10,45
frame=2,4,2813,108,57,53,19,44
frame=2,5,2051,0,39,57,18,43
frame=2,6,3722,52,54,51,35,43
frame=2,7,3467,104,60,52,44,43
frame=3,0,4222,98,51,49,30,44
frame=3,1,3104,54,41,54,17,49
frame=3,2,2908,54,52,54,10,46
frame=3,3,2619,54,62,54,10,45
frame=3,4,2870,108,57,53,19,44
frame=3,5,2090,0,39,57,18,43
frame=3,6,3880,101,54,50,35,42
frame=3,7,3478,52,60,52,44,43

[run]
frames=8
duration=2
type=looped
frame=0,0,3410,52,68,52,41,49
frame=0,1,2002,57,45,57,21,51
frame=0,2,1886,58,35,58,13,52
frame=0,3,2400,0,59,55,14,51
frame=0,4,4087,0,70,49,21,49
frame=0,5,1502,0,48,59,19,48
frame=0,6,1586,59,35,59,13,47
frame=0,7,3822,101,58,50,38,48
frame=1,0,4105,100,61,49,32,49
frame=1,1,1550,0,36,59,14,50
frame=1,2,1175,63,34,62,12,51
frame=1,3,1622,0,57,58,20,50
frame=1,4,2631,108,62,53,25,48
frame=1,5,1384,60,39,60,18,47
frame=1,6,1886,0,37,58,16,46
frame=1,7,4166,98,56,49,33,47
frame=2,0,4354,97,51,48,16,48
frame=2,1,1727,58,41,58,16,49
frame=2,2,1209,62,32,62,10,50
frame=2,3,2273,56,50,56,26,49
frame=2,4,2219,56,54,56,31,47
frame=2,5,2006,0,45,57,21,46
frame=2,6,3128,0,36,54,16,45
frame=2,7,3726,0,53,51,22,46
frame=3,0,4169,49,54,49,21,49
frame=3,1,2324,0,38,56,14,50
frame=3,2,1423,60,32,60,10,51
frame=3,3,3011,54,49,54,24,50
frame=3,4,2960,54,51,54,28,48
frame=3,5,1765,0,41,58,19,47
frame=3,6,2364,56,33,56,12,46
frame=3,7,3770,103,52,51,23,47
frame=4,0,4110,49,59,49,32,49
frame=4,1,2550,0,39,55,19,51
frame=4,2,1921,58,33,58,11,52
frame=4,3,1954,57,48,57,19,51
frame=4,4,3488,0,56,52,21,49
frame=4,5,1586,0,36,59,14,48
frame=4,6,1324,0,33,61,11,47
frame=4,7,2274,0,50,56,26,48
frame=5,0,3348,0,74,52,45,48
frame=5,1,1951,0,55,57,31,50
frame=5,2,1196,0,33,62,12,51
frame=5,3,1446,0,56,59,16,50
frame=5,4,3319,106,77,52,25,49
frame=5,5,2159,0,59,56,21,47
frame=5,6,1413,0,33,60,11,46
frame=5,7,2798,54,56,54,33,47
frame=6,0,2491,110,81,51,45,47
frame=6,1,1132,0,64,63,33,57
frame=6,2,628,82,32,76,12,64
frame=6,3,660,82,64,68,21,59
frame=6,4,2164,113,89,48,32,48
frame=6,5,3396,105,71,52,26,47
frame=6,6,3145,54,31,54,10,46
frame=6,7,2741,54,57,54,31,46
frame=7,0,3333,53,77,52,45,48
frame=7,1,2218,0,56,56,28,52
frame=7,2,1090,65,34,65,13,56
frame=7,3,2156,57,63,56,18,50
frame=7,4,2253,112,81,49,27,49
frame=7,5,2651,0,61,54,23,47
frame=7,6,2090,57,34,57,12,46
frame=7,7,2572,110,59,51,36,47

[shoot]
frames=4
duration=3
type=play_once
frame=0,0,3676,104,39,52,16,47
frame=0,1,3638,52,46,52,19,48
frame=0,2,2124,57,32,57,13,49
frame=0,3,1356,61,28,61,10,53
frame=0,4,1685,58,42,58,18,53
frame=0,5,3232,107,46,53,20,50
frame=0,6,3684,52,38,52,12,45
frame=0,7,3195,0,29,54,9,46
frame=1,0,3224,0,46,53,22,48
frame=1,1,3185,108,47,53,19,48
frame=1,2,1549,59,37,59,13,50
frame=1,3,1288,0,36,61,10,53
frame=1,4,1455,59,51,59,18,54
frame=1,5,3037,108,50,53,20,50
frame=1,6,3295,53,38,53,12,47
frame=1,7,2551,55,34,55,14,48
frame=2,0,3087,108,50,53,23,48
frame=2,1,2983,108,54,53,21,49
frame=2,2,1723,0,42,58,13,50
frame=2,3,1293,61,34,61,9,53
frame=2,4,1241,61,52,61,18,54
frame=2,5,2854,54,54,54,22,51
frame=2,6,2507,55,44,55,18,48
frame=2,7,2585,55,34,55,13,48
frame=3,0,3689,0,37,52,14,47
frame=3,1,3590,52,48,52,17,48
frame=3,2,2047,57,43,57,13,49
frame=3,3,1327,61,29,61,10,53
frame=3,4,1848,58,38,58,18,53
frame=3,5,3137,108,48,53,22,50
frame=3,6,3206,54,47,53,21,46
frame=3,7,3176,54,30,54,10,46

[cast]
frames=4
duration=3
type=play_once
frame=0,0,581,83,47,76,29,70
frame=0,1,952,0,45,80,20,76
frame=0,2,840,81,54,80,12,72
frame=0,3,116,90,63,69,8,61
frame=0,4,2397,56,62,55,17,49
frame=0,5,3984,100,47,50,17,46
frame=0,6,2459,55,48,55,26,46
frame=0,7,1034,80,56,66,39,57
frame=1,0,544,0,38,83,20,78
frame=1,1,233,0,48,84,23,80
frame=1,2,185,0,48,87,14,79
frame=1,3,370,0,41,84,9,76
frame=1,4,490,83,48,78,16,73
frame=1,5,300,84,52,77,16,73
frame=1,6,825,0,48,81,21,73
frame=1,7,450,0,37,84,19,75
frame=2,0,281,0,47,84,17,79
frame=2,1,894,81,54,80,22,76
frame=2,2,772,0,53,81,19,73
frame=2,3,1000,80,34,80,8,72
frame=2,4,873,0,45,81,17,75
frame=2,5,582,0,54,82,18,78
frame=2,6,131,0,54,88,21,80
frame=2,7,91,0,40,90,13,81
frame=3,0,636,0,53,82,17,77
frame=3,1,381,84,57,76,22,72
frame=3,2,438,84,52,76,21,68
frame=3,3,352,84,29,77,10,69
frame=3,4,997,0,42,80,16,74
frame=3,5,487,0,57,83,21,79
frame=3,6,38,0,53,90,18,82
frame=3,7,0,0,38,91,8,82

[die]
frames=6
duration=4
type=play_once
frame=0,0,4273,49,43,49,20,45
frame=0,1,4031,100,38,50,15,46
frame=0,2,3270,0,42,53,8,44
frame=0,3,3596,0,47,52,9,42
frame=0,4,2508,0,42,55,20,39
frame=0,5,2323,56,41,56,21,38
frame=0,6,3962,0,48,50,32,40
frame=0,7,3946,50,50,50,36,42
frame=1,0,3779,0,37,51,16,46
frame=1,1,4010,0,41,50,17,47
frame=1,2,3312,0,36,53,10,44
frame=1,3,4051,0,36,50,7,39
frame=1,4,4314,98,40,49,18,37
frame=1,5,4498,92,42,46,21,37
frame=1,6,4556,0,38,45,24,37
frame=1,7,3816,0,31,51,18,42
frame=2,0,1455,118,40,43,14,40
frame=2,1,2054,114,38,47,12,41
frame=2,2,4069,100,36,50,7,37
frame=2,3,4405,96,44,48,14,37
frame=2,4,4471,46,45,46,25,37
frame=2,5,1495,118,38,43,24,37
frame=2,6,1676,117,33,44,21,37
frame=2,7,1570,118,36,43,21,37
frame=3,0,1384,120,39,40,13,37
frame=3,1,1639,117,37,44,11,37
frame=3,2,4076,50,34,50,7,37
frame=3,3,4313,0,42,49,14,37
frame=3,4,4511,0,45,46,26,37
frame=3,5,4540,88,40,42,25,37
frame=3,6,1606,118,33,43,21,37
frame=3,7,1533,118,37,43,21,37
frame=4,0,4413,0,47,48,17,37
frame=4,1,4039,50,37,50,16,37
frame=4,2,3580,104,49,52,22,37
frame=4,3,1958,114,55,47,26,37
frame=4,4,4449,96,49,46,30,37
frame=4,5,4436,48,35,48,19,37
frame=4,6,1913,116,45,45,23,37
frame=4,7,4460,0,51,46,25,37
frame=5,0,3819,51,75,50,21,37
frame=5,1,3422,0,66,52,16,37
frame=5,2,1124,65,51,64,25,37
frame=5,3,1229,0,59,61,30,37
frame=5,4,2334,112,74,49,53,37
frame=5,5,3847,0,65,50,49,37
frame=5,6,4385,48,51,48,24,37
frame=5,7,1855,116,58,45,27,37

[swing]
frames=4
duration=3
type=play_once
frame=0,0,53,90,63,71,16,66
frame=0,1,1621,59,64,58,19,54
frame=0,2,1506,59,43,59,15,49
frame=0,3,1679,0,44,58,16,47
frame=0,4,1357,0,56,60,31,55
frame=0,5,0,91,53,70,28,66
frame=0,6,736,0,36,82,14,74
frame=0,7,689,0,47,82,16,74
frame=1,0,328,0,42,84,19,79
frame=1,1,948,81,52,80,18,77
frame=1,2,783,81,57,80,18,70
frame=1,3,179,88,46,73,11,63
frame=1,4,1082,0,50,65,19,60
frame=1,5,1039,0,43,66,19,62
frame=1,6,538,83,43,78,19,69
frame=1,7,411,0,39,84,22,75
frame=2,0,2408,111,83,50,61,45
frame=2,1,724,82,59,68,38,64
frame=2,2,918,0,34,81,13,70
frame=2,3,225,87,75,68,14,58
frame=2,4,1709,116,84,45,20,40
frame=2,5,4316,49,69,48,21,37
frame=2,6,3164,0,31,54,11,37
frame=2,7,2092,114,72,46,50,37
frame=3,0,4516,46,63,42,40,37
frame=3,1,4355,0,58,48,34,44
frame=3,2,1923,0,28,58,10,47
frame=3,3,2362,0,38,56,11,45
frame=3,4,1793,116,62,45,22,39
frame=3,5,4157,0,57,49,23,37
frame=3,6,2129,0,30,57,12,37
frame=3,7,3086,0,42,54,23,37

[critdie]
frames=6
duration=4
type=play_once
frame=0,0,4273,49,43,49,20,45
frame=0,1,4031,100,38,50,15,46
frame=0,2,3270,0,42,53,8,44
frame=0,3,3596,0,47,52,9,42
frame=0,4,2508,0,42,55,20,39
frame=0,5,2323,56,41,56,21,38
frame=0,6,3962,0,48,50,32,40
frame=0,7,3946,50,50,50,36,42
frame=1,0,3779,0,37,51,16,46
frame=1,1,4010,0,41,50,17,47
frame=1,2,3312,0,36,53,10,44
frame=1,3,4051,0,36,50,7,39
frame=1,4,4314,98,40,49,18,37
frame=1,5,4498,92,42,46,21,37
frame=1,6,4556,0,38,45,24,37
frame=1,7,3816,0,31,51,18,42
frame=2,0,1455,118,40,43,14,40
frame=2,1,2054,114,38,47,12,41
frame=2,2,4069,100,36,50,7,37
frame=2,3,4405,96,44,48,14,37
frame=2,4,4471,46,45,46,25,37
frame=2,5,1495,118,38,43,24,37
frame=2,6,1676,117,33,44,21,37
frame=2,7,1570,118,36,43,21,37
frame=3,0,1384,120,39,40,13,37
frame=3,1,1639,117,37,44,11,37
frame=3,2,4076,50,34,50,7,37
frame=3,3,4313,0,42,49,14,37
frame=3,4,4511,0,45,46,26,37
frame=3,5,4540,88,40,42,25,37
frame=3,6,1606,118,33,43,21,37
frame=3,7,1533,118,37,43,21,37
frame=4,0,4413,0,47,48,17,37
frame=4,1,4039,50,37,50,16,37
frame=4,2,3580,104,49,52,22,37
frame=4,3,1958,114,55,47,26,37
frame=4,4,4449,96,49,46,30,37
frame=4,5,4436,48,35,48,19,37
frame=4,6,1913,116,45,45,23,37
frame=4,7,4460,0,51,46,25,37
frame=5,0,3819,51,75,50,21,37
frame=5,1,3422,0,66,52,16,37
frame=5,2,1124,65,51,64,25,37
frame=5,3,1229,0,59,61,30,37
frame=5,4,2334,112,74,49,53,37
frame=5,5,3847,0,65,50,49,37
frame=5,6,4385,48,51,48,24,37
frame=5,7,1855,116,58,45,27,37

[hit]
frames=2
duration=2
type=play_once
frame=0,0,4273,49,43,49,20,45
frame=0,1,4031,100,38,50,15,46
frame=0,2,3270,0,42,53,8,44
frame=0,3,3596,0,47,52,9,42
frame=0,4,2508,0,42,55,20,39
frame=0,5,2323,56,41,56,21,38
frame=0,6,3962,0,48,50,32,40
frame=0,7,3946,50,50,50,36,42
frame=1,0,3779,0,37,51,16,46
frame=1,1,4010,0,41,50,17,47
frame=1,2,3312,0,36,53,10,44
frame=1,3,4051,0,36,50,7,39
frame=1,4,4314,98,40,49,18,37
frame=1,5,4498,92,42,46,21,37
frame=1,6,4556,0,38,45,24,37
frame=1,7,3816,0,31,51,18,42

[block]
frames=2
duration=1
type=play_once
frame=0,0,4223,49,50,49,28,44
frame=0,1,4273,98,41,49,16,45
frame=0,2,3060,54,44,54,10,45
frame=0,3,2828,0,55,54,11,44
frame=0,4,2883,0,53,54,20,43
frame=0,5,1768,58,41,58,20,43
frame=0,6,3629,104,47,52,29,43
frame=0,7,3715,104,55,51,39,43
frame=1,0,4265,0,48,49,26,43
frame=1,1,2013,114,41,47,16,43
frame=1,2,3278,106,41,53,10,44
frame=1,3,3544,0,52,52,11,43
frame=1,4,3037,0,49,54,19,42
frame=1,5,1806,0,41,58,19,42
frame=1,6,3643,0,46,52,28,42
frame=1,7,3894,50,52,50,37,42
