
[stance]
frames=4
duration=180
type=back_forth
frame=0,0,147,2057,36,51,15,45
frame=0,1,125,1360,41,50,16,46
frame=0,2,0,1339,41,55,10,46
frame=0,3,43,1162,42,55,10,45
frame=0,4,166,1397,41,49,19,44
frame=0,5,150,1930,37,48,18,44
frame=0,6,170,1245,42,52,24,44
frame=0,7,156,1757,38,52,24,44
frame=1,0,110,2080,36,50,16,45
frame=1,1,169,1297,42,49,17,45
frame=1,2,0,1187,42,55,10,46
frame=1,3,171,1136,42,55,10,45
frame=1,4,211,1322,42,49,19,44
frame=1,5,111,1932,37,48,18,44
frame=1,6,167,1346,41,51,24,43
frame=1,7,0,1654,39,52,25,44
frame=2,0,183,2074,36,49,16,44
frame=2,1,42,1217,42,49,17,45
frame=2,2,171,1191,42,54,10,45
frame=2,3,88,1023,43,55,10,45
frame=2,4,0,1242,42,49,19,44
frame=2,5,38,1773,38,47,18,43
frame=2,6,131,1040,43,51,25,43
frame=2,7,79,1666,39,51,25,43
frame=3,0,146,2108,36,49,16,44
frame=3,1,162,1496,40,49,17,45
frame=3,2,128,1194,42,54,10,45
frame=3,3,44,1024,43,54,10,45
frame=3,4,84,1264,42,49,19,44
frame=3,5,0,1810,38,46,18,42
frame=3,6,208,1371,41,50,24,42
frame=3,7,0,1556,40,51,26,43

[run]
frames=8
duration=60
type=looped
frame=0,0,48,667,47,53,22,49
frame=0,1,132,2391,31,57,8,51
frame=0,2,134,2333,32,58,12,52
frame=0,3,90,920,44,55,13,51
frame=0,4,154,459,50,49,21,49
frame=0,5,39,1668,39,51,18,48
frame=0,6,32,2486,31,49,12,47
frame=0,7,42,1266,42,48,23,48
frame=1,0,85,1214,42,50,14,49
frame=1,1,219,202,35,58,13,50
frame=1,2,224,903,30,62,11,51
frame=1,3,136,874,44,57,20,50
frame=1,4,144,683,47,51,25,48
frame=1,5,0,1706,39,50,18,47
frame=1,6,171,2313,33,46,13,46
frame=1,7,162,1545,40,45,18,47
frame=2,0,0,576,49,48,15,48
frame=2,1,42,1314,41,57,15,49
frame=2,2,109,2556,29,61,10,50
frame=2,3,207,441,47,55,26,49
frame=2,4,0,271,53,50,31,47
frame=2,5,176,1033,43,52,20,45
frame=2,6,100,2354,32,53,13,45
frame=2,7,174,1085,43,51,14,46
frame=3,0,91,871,45,49,12,49
frame=3,1,78,1717,38,55,14,50
frame=3,2,224,1940,30,59,10,51
frame=3,3,0,947,44,53,23,50
frame=3,4,151,508,49,52,27,48
frame=3,5,119,1649,39,52,18,47
frame=3,6,30,2535,30,50,11,46
frame=3,7,199,1603,39,49,11,47
frame=4,0,122,1504,40,49,15,49
frame=4,1,163,2421,30,55,10,51
frame=4,2,0,2509,30,58,10,52
frame=4,3,120,1592,39,57,18,51
frame=4,4,176,980,43,53,21,49
frame=4,5,67,2352,33,50,13,48
frame=4,6,193,2424,30,49,10,47
frame=4,7,38,1820,38,46,15,48
frame=5,0,165,201,54,51,25,48
frame=5,1,40,1612,39,56,15,50
frame=5,2,138,2555,29,61,11,51
frame=5,3,185,844,45,59,16,50
frame=5,4,126,50,58,51,25,49
frame=5,5,134,931,44,49,21,47
frame=5,6,151,2502,29,50,10,46
frame=5,7,44,977,44,47,22,47
frame=6,0,140,0,62,50,28,47
frame=6,1,146,628,47,55,18,49
frame=6,2,80,2558,29,62,11,50
frame=6,3,0,321,52,57,20,49
frame=6,4,72,0,68,48,31,48
frame=6,5,110,221,54,51,26,46
frame=6,6,129,2448,30,54,10,46
frame=6,7,0,678,47,53,22,46
frame=7,0,116,101,56,51,26,48
frame=7,1,0,1503,40,53,14,50
frame=7,2,222,1999,32,59,12,51
frame=7,3,50,503,49,56,17,50
frame=7,4,65,48,61,49,27,49
frame=7,5,89,975,44,48,22,47
frame=7,6,223,2424,30,49,11,46
frame=7,7,91,820,45,51,23,47

[ranged]
frames=4
duration=90
type=play_once
frame=0,0,0,1902,37,52,16,47
frame=0,1,37,1920,37,51,18,47
frame=0,2,51,2585,29,56,11,48
frame=0,3,193,2473,29,56,10,47
frame=0,4,212,1270,42,52,18,46
frame=0,5,43,1078,43,48,17,45
frame=0,6,63,2506,30,52,10,45
frame=0,7,230,844,24,52,8,45
frame=1,0,46,820,45,53,22,48
frame=1,1,0,827,45,52,18,48
frame=1,2,68,2295,33,57,10,49
frame=1,3,111,2023,36,57,11,48
frame=1,4,156,406,51,53,18,47
frame=1,5,186,795,46,49,17,47
frame=1,6,96,2462,30,53,12,47
frame=1,7,98,2407,31,55,15,48
frame=2,0,197,571,48,53,23,48
frame=2,1,159,304,52,52,20,48
frame=2,2,118,1701,38,58,10,50
frame=2,3,218,260,36,58,11,49
frame=2,4,0,378,52,53,18,47
frame=2,5,159,356,52,50,21,47
frame=2,6,38,1866,37,54,18,48
frame=2,7,65,2451,31,55,13,48
frame=3,0,185,2022,36,52,13,47
frame=3,1,95,699,47,51,17,47
frame=3,2,40,1456,40,56,11,48
frame=3,3,222,2473,29,56,10,47
frame=3,4,116,1759,38,52,18,46
frame=3,5,45,873,45,49,22,46
frame=3,6,40,1512,40,53,21,46
frame=3,7,126,2502,25,53,10,46

[ment]
frames=4
duration=90
type=play_once
frame=0,0,160,1590,39,62,21,56
frame=0,1,211,318,43,62,19,58
frame=0,2,189,734,46,61,11,53
frame=0,3,97,644,47,55,8,47
frame=0,4,193,659,47,52,17,46
frame=0,5,140,757,46,49,17,46
frame=0,6,0,1025,43,54,22,46
frame=0,7,86,1157,42,57,26,48
frame=1,0,217,1134,37,70,20,65
frame=1,1,47,751,46,69,23,65
frame=1,2,94,750,46,70,14,62
frame=1,3,0,1438,40,65,9,57
frame=1,4,49,608,48,59,16,54
frame=1,5,0,431,51,59,16,54
frame=1,6,0,762,46,65,20,57
frame=1,7,36,2217,34,71,19,62
frame=2,0,82,1453,40,70,16,65
frame=2,1,107,301,52,66,22,62
frame=2,2,52,381,51,66,18,58
frame=2,3,221,2058,33,66,8,57
frame=2,4,211,380,43,61,17,56
frame=2,5,54,258,53,62,18,59
frame=2,6,202,0,52,71,21,63
frame=2,7,204,2350,31,74,13,66
frame=3,0,140,806,45,68,16,63
frame=3,1,0,209,54,62,22,58
frame=3,2,53,320,52,61,21,53
frame=3,3,0,2567,26,66,8,57
frame=3,4,126,1298,41,62,16,56
frame=3,5,0,145,55,64,20,60
frame=3,6,105,367,51,73,19,65
frame=3,7,227,127,27,75,7,66

[die]
frames=6
duration=120
type=play_once
frame=0,0,0,2004,37,49,15,45
frame=0,1,152,1880,37,50,14,46
frame=0,2,143,2201,34,54,8,44
frame=0,3,211,2247,33,53,9,42
frame=0,4,40,1565,40,47,20,39
frame=0,5,82,1371,41,44,21,38
frame=0,6,0,2053,37,46,22,39
frame=0,7,33,2437,32,49,20,42
frame=1,0,36,2119,36,50,15,45
frame=1,1,122,1454,40,50,17,46
frame=1,2,175,2260,33,53,9,44
frame=1,3,0,2410,33,50,7,39
frame=1,4,154,1809,38,43,18,35
frame=1,5,80,1570,40,39,21,34
frame=1,6,34,2288,34,46,20,37
frame=1,7,167,2552,28,49,16,41
frame=2,0,148,1978,37,43,12,40
frame=2,1,0,1856,38,46,12,40
frame=2,2,72,2131,36,48,7,36
frame=2,3,86,1078,43,43,13,31
frame=2,4,86,1121,43,36,24,27
frame=2,5,72,2179,35,35,23,28
frame=2,6,167,2601,29,38,20,32
frame=2,7,218,2124,36,42,21,36
frame=3,0,76,1822,38,41,12,37
frame=3,1,0,2202,36,44,11,37
frame=3,2,145,2157,35,44,7,32
frame=3,3,82,1415,41,38,14,26
frame=3,4,0,1127,43,30,25,22
frame=3,5,153,1852,38,28,24,23
frame=3,6,223,2567,28,32,20,27
frame=3,7,185,1986,37,36,21,31
frame=4,0,0,879,45,34,16,24
frame=4,1,214,2208,34,39,15,25
frame=4,2,146,593,48,35,21,20
frame=4,3,164,252,54,23,26,13
frame=4,4,191,711,47,23,30,14
frame=4,5,141,2255,34,25,19,15
frame=4,6,0,1000,44,25,23,17
frame=4,7,103,440,51,26,25,19
frame=5,0,170,171,55,30,20,18
frame=5,1,200,538,49,33,15,19
frame=5,2,102,466,50,30,24,13
frame=5,3,184,71,57,28,28,12
frame=5,4,107,272,53,29,33,17
frame=5,5,47,720,47,31,32,18
frame=5,6,51,473,50,30,24,20
frame=5,7,110,194,55,27,27,19

[melee]
frames=4
duration=90
type=play_once
frame=0,0,129,1134,42,60,15,56
frame=0,1,0,520,49,56,18,52
frame=0,2,84,1313,41,58,15,49
frame=0,3,80,1609,39,57,11,47
frame=0,4,180,903,44,52,20,46
frame=0,5,45,922,44,55,19,51
frame=0,6,0,2246,34,65,13,57
frame=0,7,222,965,32,68,16,59
frame=1,0,213,1204,41,66,20,61
frame=1,1,197,1696,38,65,17,61
frame=1,2,98,578,48,66,17,57
frame=1,3,133,980,43,60,10,51
frame=1,4,99,526,49,52,19,47
frame=1,5,127,1248,42,50,19,46
frame=1,6,158,1699,38,58,16,50
frame=1,7,76,1863,37,65,22,56
frame=2,0,0,46,65,44,43,39
frame=2,1,0,624,48,54,26,50
frame=2,2,166,2359,31,62,13,53
frame=2,3,0,90,59,55,14,45
frame=2,4,0,0,72,46,20,40
frame=2,5,59,138,56,40,20,34
frame=2,6,93,2515,29,41,10,31
frame=2,7,59,97,57,41,36,33
frame=3,0,115,152,55,42,32,37
frame=3,1,49,559,49,49,26,44
frame=3,2,26,2585,25,57,9,47
frame=3,3,74,2025,36,56,11,45
frame=3,4,172,127,55,44,21,39
frame=3,5,204,496,50,42,22,33
frame=3,6,196,2578,25,49,11,34
frame=3,7,197,1652,39,44,20,32

[critdie]
frames=6
duration=120
type=play_once
frame=0,0,189,1891,37,49,15,45
frame=0,1,113,1882,37,50,14,46
frame=0,2,107,2222,34,54,8,44
frame=0,3,138,2280,33,53,9,42
frame=0,4,0,1607,40,47,20,39
frame=0,5,123,1410,41,44,21,38
frame=0,6,187,1940,37,46,22,39
frame=0,7,0,2460,32,49,20,42
frame=1,0,0,2152,36,50,15,45
frame=1,1,204,1468,40,50,17,46
frame=1,2,101,2301,33,53,9,44
frame=1,3,208,2300,33,50,7,39
frame=1,4,115,1811,38,43,18,35
frame=1,5,202,1564,40,39,21,34
frame=1,6,0,2311,34,46,20,37
frame=1,7,195,2529,28,49,16,41
frame=2,0,111,1980,37,43,12,40
frame=2,1,194,1761,38,46,12,40
frame=2,2,36,2169,36,48,7,36
frame=2,3,129,1091,43,43,13,31
frame=2,4,43,1126,43,36,24,27
frame=2,5,72,2214,35,35,23,28
frame=2,6,223,2529,29,38,20,32
frame=2,7,218,2166,36,42,21,36
frame=3,0,192,1850,38,41,12,37
frame=3,1,182,2123,36,44,11,37
frame=3,2,108,2178,35,44,7,32
frame=3,3,41,1418,41,38,14,26
frame=3,4,0,1157,43,30,25,22
frame=3,5,114,1854,38,28,24,23
frame=3,6,221,2599,28,32,20,27
frame=3,7,148,2021,37,36,21,31
frame=4,0,0,913,45,34,16,24
frame=4,1,177,2221,34,39,15,25
frame=4,2,194,624,48,35,21,20
frame=4,3,54,235,54,23,26,13
frame=4,4,142,734,47,23,30,14
frame=4,5,104,2276,34,25,19,15
frame=4,6,178,955,44,25,23,17
frame=4,7,51,447,51,26,25,19
frame=5,0,55,178,55,30,20,18
frame=5,1,148,560,49,33,15,19
frame=5,2,0,490,50,30,24,13
frame=5,3,184,99,57,28,28,12
frame=5,4,160,275,53,29,33,17
frame=5,5,0,731,47,31,32,18
frame=5,6,101,496,50,30,24,20
frame=5,7,55,208,55,27,27,19

[hit]
frames=2
duration=60
type=play_once
frame=0,0,37,1971,37,49,15,45
frame=0,1,0,1954,37,50,14,46
frame=0,2,180,2167,34,54,8,44
frame=0,3,34,2334,33,53,9,42
frame=0,4,80,1523,40,47,20,39
frame=0,5,0,1394,41,44,21,38
frame=0,6,37,2020,37,46,22,39
frame=0,7,66,2402,32,49,20,42
frame=1,0,73,2081,36,50,15,45
frame=1,1,164,1446,40,50,17,46
frame=1,2,0,2357,33,53,9,44
frame=1,3,33,2387,33,50,7,39
frame=1,4,194,1807,38,43,18,35
frame=1,5,120,1553,40,39,21,34
frame=1,6,70,2249,34,46,20,37
frame=1,7,226,1891,28,49,16,41

[block]
frames=2
duration=30
type=play_once
frame=0,0,74,1928,37,49,15,44
frame=0,1,0,1291,42,48,16,44
frame=0,2,39,1719,38,54,10,45
frame=0,3,0,1756,38,54,11,44
frame=0,4,0,1079,43,48,20,43
frame=0,5,158,1652,39,47,19,43
frame=0,6,77,1772,38,50,22,43
frame=0,7,219,1033,35,51,21,43
frame=1,0,109,2130,36,48,14,42
frame=1,1,207,1421,41,47,16,43
frame=1,2,37,2066,36,53,10,44
frame=1,3,0,2099,36,53,11,43
frame=1,4,41,1371,41,47,19,42
frame=1,5,202,1518,40,46,19,41
frame=1,6,74,1977,37,48,21,41
frame=1,7,219,1084,35,50,20,42
