[header]
title=Goblin Warrens
width=60
height=80
tileset=tileset_dungeon.txt
spawnpoint=28,76,3
music=unrest_theme.ogg

[layer]
id=background
format=dec
data=
0,0,0,0,0,0,0,0,0,0,0,0,0,0,0,0,0,32,33,35,0,0,0,0,0,0,0,32,33,35,0,0,0,0,0,0,0,0,0,0,0,0,0,0,0,0,0,0,0,0,0,0,0,0,0,0,0,0,0,0,
0,0,0,0,0,0,0,0,0,0,0,0,0,0,0,0,0,33,34,33,0,0,0,0,0,0,0,33,34,33,0,0,0,0,0,0,0,0,0,0,0,0,0,0,0,0,0,0,0,0,0,0,0,0,0,0,0,0,0,0,
0,0,0,0,0,0,0,0,0,0,0,0,0,0,0,0,0,32,35,34,0,0,0,0,0,0,0,32,35,34,0,0,0,0,0,0,0,0,0,0,0,0,0,0,0,0,0,0,0,0,0,0,0,0,0,0,0,0,0,0,
0,0,0,0,0,0,0,0,0,0,0,0,0,0,0,0,0,32,35,34,0,0,0,0,0,0,0,32,35,34,0,0,0,0,0,0,0,0,0,0,0,0,0,0,0,0,0,0,0,0,0,0,0,0,0,0,0,0,0,0,
0,0,0,0,0,0,0,0,0,0,0,0,0,0,0,0,0,32,33,35,0,0,0,0,0,0,0,32,33,35,0,0,0,0,0,0,0,0,0,0,0,0,0,0,0,0,0,0,0,0,0,0,0,0,0,0,0,0,0,0,
0,0,0,0,0,0,0,0,0,0,0,0,0,0,0,0,0,33,34,33,0,0,0,0,0,0,0,33,34,33,0,0,0,0,0,0,0,0,0,0,0,0,0,0,0,0,0,0,0,0,0,0,0,0,0,0,0,0,0,0,
0,0,0,0,0,0,0,0,0,0,0,0,0,0,0,0,0,32,35,34,0,0,0,0,0,0,0,32,35,34,0,0,0,0,0,0,0,0,0,0,0,0,0,0,0,0,0,0,0,0,0,0,0,0,0,0,0,0,0,0,
0,33,32,33,35,32,33,33,34,33,32,33,35,32,33,35,32,33,34,33,32,33,35,32,33,35,32,33,34,33,32,33,35,32,33,35,32,32,33,35,32,33,32,33,35,32,33,33,34,33,0,0,0,0,0,0,0,0,0,0,
0,34,33,34,33,33,34,32,35,34,33,34,33,33,34,33,33,32,35,34,33,34,33,33,34,33,33,32,35,34,33,34,33,33,34,33,33,33,34,33,33,34,33,34,33,33,34,32,35,34,0,0,0,0,0,0,0,0,0,0,
0,35,32,35,34,32,35,34,33,35,32,35,34,32,35,34,32,34,33,35,32,35,34,32,35,34,32,34,33,35,32,35,34,32,35,34,32,32,35,34,32,35,32,35,34,32,35,34,33,35,0,0,0,0,0,0,0,0,0,0,
0,0,0,0,0,0,0,33,34,33,0,0,0,0,0,0,0,33,34,33,0,0,0,0,0,0,0,33,34,33,0,0,0,0,0,0,0,33,34,33,0,0,0,0,0,0,0,33,34,33,0,0,0,0,0,0,0,0,0,0,
0,0,0,0,0,0,0,32,33,35,0,0,0,0,0,0,0,32,33,35,0,0,0,0,0,0,0,32,33,35,0,0,0,0,0,0,0,32,33,35,0,0,0,0,0,0,0,32,33,35,0,0,0,0,0,0,0,0,0,0,
0,0,0,0,0,0,0,33,34,33,0,0,0,0,0,0,0,33,34,33,0,0,0,0,0,0,0,33,34,33,0,0,0,0,0,0,0,33,34,33,0,0,0,0,0,0,0,33,34,35,32,33,32,0,0,0,0,0,0,0,
0,0,0,0,0,0,0,32,35,34,0,0,0,19,16,17,18,32,35,34,32,16,17,18,0,0,0,32,35,34,0,0,0,0,0,0,0,32,35,34,0,0,0,0,0,0,0,32,35,33,33,34,33,0,0,0,0,0,0,0,
0,0,0,0,0,0,0,32,33,35,0,0,0,18,18,17,16,32,51,51,33,18,17,16,0,0,0,32,33,35,0,0,0,0,0,0,0,32,33,35,0,0,0,0,0,0,0,32,33,34,32,35,32,0,0,0,0,0,0,0,
0,0,0,0,0,0,0,33,34,33,0,0,0,19,16,17,18,33,51,51,32,16,17,18,0,0,0,33,34,33,0,0,0,0,0,0,0,33,34,33,0,0,0,0,0,0,0,33,34,33,0,0,0,0,0,0,0,0,0,0,
0,0,0,0,0,0,0,32,35,34,0,0,0,18,18,17,16,32,51,51,33,18,17,16,0,0,0,32,35,34,0,0,0,0,0,0,0,32,35,34,0,0,0,0,0,0,0,32,35,34,0,0,0,0,0,0,0,0,0,0,
32,33,32,33,35,32,33,33,34,33,0,0,0,19,18,18,17,33,51,51,32,18,18,17,0,0,0,33,34,33,32,33,35,32,33,35,32,32,33,35,32,33,32,33,35,32,33,33,34,33,0,0,0,0,0,0,0,0,0,0,
33,34,33,34,33,33,34,32,35,34,0,0,0,51,51,51,51,51,51,51,51,51,51,51,0,0,0,32,35,34,33,34,33,33,34,33,33,33,34,33,33,34,33,34,33,33,34,32,35,34,0,0,0,0,0,0,0,0,0,0,
32,35,32,35,34,32,35,34,33,35,0,0,0,19,18,16,17,33,51,51,33,18,16,17,0,0,0,34,33,35,32,35,34,32,35,34,32,32,35,34,32,35,32,35,34,32,35,34,33,35,0,0,0,0,0,0,0,0,0,0,
0,0,0,0,0,0,0,33,34,33,0,0,0,18,16,19,18,33,51,51,32,16,19,18,0,0,0,33,34,33,0,0,0,0,0,0,0,0,0,0,0,0,0,0,0,0,0,0,0,0,0,0,0,0,0,0,0,0,0,0,
0,0,0,0,0,0,0,32,33,35,0,0,0,19,16,19,19,32,51,51,32,16,19,19,0,0,0,32,33,35,0,0,0,0,0,0,0,0,0,0,0,0,0,0,0,0,0,0,0,0,0,0,0,0,0,0,0,0,0,0,
0,0,0,0,0,0,0,33,34,33,0,0,0,18,17,17,16,32,51,51,33,17,17,16,0,0,0,33,34,33,0,0,0,0,0,0,0,0,0,0,0,0,0,0,0,0,0,0,0,0,0,0,0,0,0,0,0,0,0,0,
0,0,0,0,0,0,0,32,35,34,0,0,0,18,19,16,17,33,34,33,34,18,17,16,0,0,0,32,35,34,0,0,0,0,0,0,0,0,0,0,0,0,0,0,0,0,0,0,0,0,0,0,0,0,0,0,0,0,0,0,
0,0,0,0,0,0,0,32,33,35,0,0,0,0,0,0,0,32,35,34,0,0,0,0,0,0,0,32,33,35,0,0,0,0,0,0,0,0,0,0,0,0,0,0,0,0,0,0,0,0,0,0,0,0,0,0,0,0,0,0,
0,0,0,0,0,0,0,33,34,33,0,0,0,0,0,0,0,33,34,33,0,0,0,0,0,0,0,33,34,33,0,0,0,0,0,0,0,0,0,0,0,0,0,0,0,0,0,0,0,0,0,0,0,0,0,0,0,0,0,0,
0,0,0,0,0,0,0,32,35,34,0,0,0,0,0,0,0,32,35,34,0,0,0,0,0,0,0,32,35,34,0,0,0,0,0,0,0,0,0,0,0,0,0,0,0,0,0,0,0,0,0,0,0,0,0,0,0,0,0,0,
18,18,18,19,19,17,33,33,34,33,32,33,35,32,33,35,32,33,34,33,32,33,35,32,33,35,32,33,34,33,32,33,35,32,33,35,32,32,33,35,0,0,0,0,0,0,0,0,0,0,0,0,0,0,0,0,0,0,0,0,
18,16,19,16,18,18,34,32,35,34,33,34,33,33,34,33,33,32,35,34,33,34,33,33,34,33,33,32,35,34,33,34,33,33,34,33,33,33,34,33,0,0,0,0,0,0,0,0,0,0,0,0,0,0,0,0,0,0,0,0,
16,19,19,16,17,18,35,34,33,35,32,35,34,32,35,34,32,34,33,35,32,35,34,32,35,34,32,34,33,35,32,35,34,32,35,34,32,32,35,34,0,0,0,0,0,0,0,0,0,0,0,0,0,0,0,0,0,0,0,0,
18,16,18,18,17,16,33,33,34,33,0,0,0,0,0,0,0,33,34,33,0,0,0,0,0,0,0,33,34,33,0,0,0,0,0,0,0,33,34,33,0,0,0,0,0,0,0,0,0,0,0,0,0,0,0,0,0,0,0,0,
18,16,19,18,18,17,34,32,33,35,0,0,0,0,0,0,0,32,33,35,0,0,0,0,0,0,0,32,33,35,0,0,0,0,0,0,0,32,33,35,0,0,0,0,0,0,0,0,0,0,0,0,0,0,0,0,0,0,0,0,
19,17,16,18,17,18,35,33,34,33,0,0,0,0,0,0,0,33,34,33,0,0,0,0,0,0,0,33,34,33,0,0,0,0,0,0,0,33,34,33,0,0,0,0,0,0,0,0,0,0,0,0,0,0,0,0,0,0,0,0,
17,17,19,18,16,17,35,32,35,34,0,0,0,0,0,0,0,32,35,34,0,0,0,0,0,0,0,32,35,34,0,0,0,0,0,0,0,32,35,34,0,0,0,0,0,0,0,0,0,0,0,0,0,0,0,0,0,0,0,0,
16,18,18,16,19,18,33,32,33,35,0,0,0,0,0,0,0,32,33,35,0,0,0,0,0,0,0,32,33,35,0,0,0,0,0,0,0,32,33,35,0,0,0,0,0,0,0,0,0,0,0,0,0,0,0,0,0,0,0,0,
19,17,19,16,19,19,34,33,34,33,0,0,0,0,0,0,0,33,34,33,0,0,0,0,0,0,0,33,34,33,0,0,0,0,0,0,0,33,34,33,0,0,0,0,0,0,0,0,0,0,0,0,0,0,0,0,0,0,0,0,
17,16,18,17,17,16,35,32,35,34,0,0,0,0,0,0,0,32,35,34,0,0,0,0,0,0,0,32,35,34,0,0,0,0,0,0,0,32,35,34,0,33,32,35,34,32,34,32,49,0,0,0,0,0,0,0,0,0,0,0,
19,19,18,19,16,17,33,33,34,33,32,33,35,32,33,35,32,33,34,33,32,33,35,32,33,35,32,33,34,33,32,33,35,32,33,35,32,32,33,35,32,33,32,33,35,32,35,32,49,0,0,0,0,0,0,0,0,0,0,0,
19,17,18,18,19,17,34,32,35,34,33,34,33,33,34,33,33,32,35,34,33,34,33,33,34,33,33,32,35,34,33,34,33,33,34,33,33,33,34,33,33,34,33,33,34,34,33,33,49,0,0,0,0,0,0,0,0,0,0,0,
19,18,18,17,19,18,35,34,33,30,23,23,23,23,23,23,23,31,33,30,23,23,23,23,23,23,23,31,33,35,32,35,34,32,35,34,32,32,35,17,17,19,17,19,35,34,48,50,0,0,0,0,0,0,0,0,0,0,0,0,
0,0,0,0,0,0,0,33,34,22,48,50,50,50,50,50,50,20,34,22,48,50,50,50,50,50,50,20,34,33,0,0,0,0,0,0,0,33,34,19,18,19,16,16,34,33,49,0,0,0,0,0,0,0,0,0,0,0,0,0,
0,0,0,0,0,0,0,32,33,22,49,0,0,0,0,0,0,20,33,22,49,0,0,0,0,0,0,20,33,35,0,0,0,0,0,0,0,32,33,35,32,33,16,16,33,35,49,0,0,0,0,0,0,0,0,0,0,0,0,0,
0,0,0,0,0,0,0,33,34,22,49,0,0,0,0,0,0,20,34,22,49,0,0,0,0,0,0,20,34,33,0,0,0,0,0,0,0,33,34,33,33,34,18,19,34,33,49,0,0,0,0,0,0,0,0,0,0,0,0,0,
0,0,0,0,0,0,0,32,35,22,49,0,0,0,25,49,0,20,35,22,49,0,0,0,25,49,0,20,35,34,0,0,0,0,0,0,0,32,35,34,32,35,16,19,35,34,49,0,0,0,0,0,0,0,0,0,0,0,0,0,
0,0,0,0,0,0,0,32,33,22,49,0,0,27,26,49,0,20,33,22,49,0,0,27,26,49,0,20,33,35,0,0,0,0,0,0,0,32,33,35,32,33,16,16,33,35,49,0,0,0,0,0,0,0,0,0,0,0,0,0,
0,0,0,0,0,0,0,33,34,22,49,0,0,50,50,0,0,20,34,22,49,0,0,50,50,0,0,20,34,33,0,0,0,0,0,0,0,33,34,33,33,34,19,18,34,33,49,0,0,0,0,0,0,0,0,0,0,0,0,0,
0,0,0,0,0,0,0,32,35,22,49,0,0,0,0,0,0,20,35,22,49,0,0,0,0,0,0,20,35,34,0,0,0,0,0,0,0,18,16,18,32,35,18,16,35,34,49,0,0,0,0,0,0,0,0,0,0,0,0,0,
32,33,32,33,35,32,33,33,34,29,21,21,21,21,21,21,21,28,34,29,21,21,21,21,21,21,21,28,34,33,32,33,35,32,33,35,32,32,33,35,32,33,16,19,33,35,49,0,0,0,0,0,0,0,0,0,0,0,0,0,
33,34,33,34,33,33,34,32,35,34,33,34,33,33,34,33,33,32,35,34,33,34,33,33,34,33,33,32,35,34,33,34,33,33,34,33,33,33,34,33,33,34,33,33,34,33,49,0,0,0,0,0,0,0,0,0,0,0,0,0,
32,35,32,35,34,32,35,34,33,30,23,23,23,23,23,23,23,31,33,30,23,23,23,23,23,23,23,31,33,35,32,35,34,32,35,34,32,32,35,34,32,35,34,32,35,34,49,0,0,0,0,0,0,0,0,0,0,0,0,0,
0,0,0,0,0,0,0,33,34,22,48,50,50,50,50,50,50,20,34,22,51,51,51,51,51,51,51,20,34,33,0,0,0,0,0,0,0,33,34,33,33,34,16,17,34,33,49,0,0,0,0,0,0,0,0,0,0,0,0,0,
0,0,0,0,0,0,0,32,33,22,49,0,0,0,0,0,0,20,33,22,51,0,51,51,51,51,51,20,33,35,0,0,0,0,0,0,0,18,16,18,32,33,17,16,33,35,49,0,0,0,0,0,0,0,0,0,0,0,0,0,
0,0,0,0,0,0,0,33,34,22,49,0,0,0,0,0,0,20,34,22,51,51,0,51,51,51,51,20,34,33,0,0,0,0,0,0,0,33,34,33,33,34,18,19,34,33,49,0,0,0,0,0,0,0,0,0,0,0,0,0,
0,0,0,0,0,0,0,32,35,22,49,0,0,0,25,49,0,20,35,22,51,51,51,0,25,51,51,20,35,34,0,0,0,0,0,0,0,32,35,34,32,35,16,16,35,34,49,0,0,0,0,0,0,0,0,0,0,0,0,0,
0,0,0,0,0,0,0,32,33,22,49,0,0,27,26,49,0,20,33,22,51,51,51,27,26,51,51,20,33,35,0,0,0,0,0,0,0,32,33,35,32,33,17,19,33,35,49,0,0,0,0,0,0,0,0,0,0,0,0,0,
0,0,0,0,0,0,0,33,34,22,49,0,0,50,50,0,0,20,34,22,51,51,51,51,51,51,51,20,34,33,0,0,0,0,0,0,0,33,34,33,33,34,16,18,34,33,49,0,0,0,0,0,0,0,0,0,0,0,0,0,
0,0,0,0,0,0,0,32,35,22,49,0,0,0,0,0,0,20,35,22,51,51,51,51,51,51,51,20,35,34,0,0,0,0,0,0,0,32,35,34,32,35,19,16,35,34,49,0,0,0,0,0,0,0,0,0,0,0,0,0,
32,33,32,33,35,32,33,33,34,29,21,21,21,21,21,21,21,28,34,29,21,21,21,21,21,21,21,28,34,33,32,33,35,32,33,35,32,32,33,19,16,17,18,17,33,35,49,0,0,0,0,0,0,0,0,0,0,0,0,0,
33,34,33,34,33,33,34,32,35,34,33,34,33,33,34,33,33,32,35,34,33,34,33,33,34,33,33,32,35,34,33,34,33,33,34,33,33,33,34,16,19,16,16,16,34,33,49,0,0,0,0,0,0,0,0,0,0,0,0,0,
32,35,32,35,34,32,35,34,33,35,32,35,34,32,35,34,32,34,33,35,32,35,34,32,35,34,32,34,33,35,32,35,34,32,35,34,32,32,35,34,32,35,34,32,35,34,33,33,49,0,0,0,0,0,0,0,0,0,0,0,
0,0,0,0,0,0,0,33,34,33,0,0,0,0,0,0,0,33,34,33,0,0,0,0,0,0,0,33,34,33,0,0,0,0,0,0,0,33,34,33,0,32,35,32,35,34,32,35,49,0,0,0,0,0,0,0,0,0,0,0,
0,0,0,0,0,0,0,32,33,35,0,0,0,0,0,0,0,32,33,35,0,0,0,0,0,0,0,32,33,35,0,0,0,0,0,0,0,32,33,35,0,33,34,32,33,35,32,33,49,0,0,0,0,0,0,0,0,0,0,0,
0,0,0,0,0,0,0,33,34,33,0,0,0,0,0,0,0,33,34,33,0,0,0,0,0,0,0,33,34,33,0,0,0,0,0,0,0,33,34,33,0,50,50,50,50,50,50,50,0,0,0,0,0,0,0,0,0,0,0,0,
0,0,0,0,0,0,0,32,35,34,0,0,0,0,0,0,0,32,35,34,0,0,0,0,0,0,0,32,35,34,0,0,0,0,0,0,0,32,35,34,0,0,0,0,0,0,0,0,0,0,0,0,0,0,0,0,0,0,0,0,
0,0,0,0,0,0,0,32,33,35,0,0,0,0,0,0,0,32,33,35,0,0,0,0,0,0,0,32,33,35,0,0,0,0,0,0,0,32,33,35,0,0,0,0,0,0,0,0,0,0,0,0,0,0,0,0,0,0,0,0,
0,0,0,0,0,0,0,33,34,33,0,0,0,0,0,0,0,33,34,33,0,0,0,0,0,0,0,33,34,33,0,0,0,0,0,0,0,33,34,33,0,0,0,0,0,0,0,0,0,0,0,0,0,0,0,0,0,0,0,0,
0,0,0,0,0,0,0,32,35,34,0,0,0,0,0,0,0,32,35,34,0,0,0,0,0,0,0,32,35,34,0,0,0,0,0,0,0,32,35,34,0,0,0,0,0,0,0,0,0,0,0,0,0,0,0,0,0,0,0,0,
0,0,0,0,0,0,0,33,34,33,32,33,35,32,33,35,32,33,34,33,32,33,35,32,33,35,32,33,34,33,32,33,35,32,33,35,32,32,33,35,32,0,0,0,0,0,0,0,0,0,0,0,0,0,0,0,0,0,0,0,
0,0,0,0,0,0,0,32,35,34,33,34,33,33,34,33,33,32,35,34,33,34,33,33,34,33,33,32,35,34,33,34,33,33,34,33,33,33,34,33,33,0,0,0,0,0,0,0,0,0,0,0,0,0,0,0,0,0,0,0,
0,0,0,0,0,0,0,34,33,35,32,35,34,32,35,34,32,34,33,35,32,35,34,32,35,34,32,34,33,35,32,35,34,32,35,34,32,32,35,34,32,0,0,0,0,0,0,0,0,0,0,0,0,0,0,0,0,0,0,0,
0,0,0,0,0,0,0,0,0,0,0,0,0,0,0,0,0,33,34,33,0,0,0,0,0,0,0,33,34,33,0,0,0,0,0,0,0,33,34,33,0,0,0,0,0,0,0,0,0,0,0,0,0,0,0,0,0,0,0,0,
0,0,0,0,0,0,0,0,0,0,0,0,0,0,0,0,0,0,0,0,0,0,0,0,0,0,0,32,33,35,0,0,0,0,0,0,0,0,0,0,0,0,0,0,0,0,0,0,0,0,0,0,0,0,0,0,0,0,0,0,
0,0,0,0,0,0,0,0,0,0,0,0,0,0,0,0,0,0,0,0,0,0,0,0,0,0,0,33,34,33,0,0,0,0,0,0,0,0,0,0,0,0,0,0,0,0,0,0,0,0,0,0,0,0,0,0,0,0,0,0,
0,0,0,0,0,0,0,0,0,0,0,0,0,0,0,0,0,0,0,0,0,0,0,0,0,0,0,32,35,34,0,0,0,0,0,0,0,0,0,0,0,0,0,0,0,0,0,0,0,0,0,0,0,0,0,0,0,0,0,0,
0,0,0,0,0,0,0,0,0,0,0,0,0,0,0,0,0,0,0,0,0,0,0,0,0,0,0,32,33,35,0,0,0,0,0,0,0,0,0,0,0,0,0,0,0,0,0,0,0,0,0,0,0,0,0,0,0,0,0,0,
0,0,0,0,0,0,0,0,0,0,0,0,0,0,0,0,0,0,0,0,0,0,0,0,0,0,0,33,34,33,0,0,0,0,0,0,0,0,0,0,0,0,0,0,0,0,0,0,0,0,0,0,0,0,0,0,0,0,0,0,
0,0,0,0,0,0,0,0,0,0,0,0,0,0,0,0,0,0,0,0,0,0,0,0,0,0,0,32,33,35,0,0,0,0,0,0,0,0,0,0,0,0,0,0,0,0,0,0,0,0,0,0,0,0,0,0,0,0,0,0,
0,0,0,0,0,0,0,0,0,0,0,0,0,0,0,0,0,0,0,0,0,0,0,0,0,0,0,33,35,33,0,0,0,0,0,0,0,0,0,0,0,0,0,0,0,0,0,0,0,0,0,0,0,0,0,0,0,0,0,0,
0,0,0,0,0,0,0,0,0,0,0,0,0,0,0,0,0,0,0,0,0,0,0,0,0,0,0,32,35,34,0,0,0,0,0,0,0,0,0,0,0,0,0,0,0,0,0,0,0,0,0,0,0,0,0,0,0,0,0,0,
0,0,0,0,0,0,0,0,0,0,0,0,0,0,0,0,0,0,0,0,0,0,0,0,0,0,0,0,0,0,0,0,0,0,0,0,0,0,0,0,0,0,0,0,0,0,0,0,0,0,0,0,0,0,0,0,0,0,0,0

[layer]
id=object
format=dec
data=
0,0,0,0,0,0,0,0,0,0,0,0,0,0,0,0,0,77,105,65,78,0,0,0,0,0,0,77,65,65,78,0,0,0,0,0,0,0,0,0,0,0,0,0,0,0,0,0,0,0,0,0,0,0,0,0,0,0,0,0,
0,0,0,0,0,0,0,0,0,0,0,0,0,0,0,0,0,108,0,0,70,0,0,0,0,0,0,64,0,0,70,0,0,0,0,0,0,0,0,0,0,0,0,0,0,0,0,0,0,0,0,0,0,0,0,0,0,0,0,0,
0,0,0,0,0,0,0,0,0,0,0,0,0,0,0,0,0,64,0,0,82,0,0,0,0,0,0,64,0,0,82,0,0,0,0,0,0,0,0,0,0,0,0,0,0,0,0,0,0,0,0,0,0,0,0,0,0,0,0,0,
0,0,0,0,0,0,0,0,0,0,0,0,0,0,0,0,0,64,0,0,82,0,0,0,0,0,0,64,0,0,82,0,0,0,0,0,0,0,0,0,0,0,0,0,0,0,0,0,0,0,0,0,0,0,0,0,0,0,0,0,
0,0,0,0,0,0,0,0,0,0,0,0,0,0,0,0,0,64,0,0,82,0,0,0,0,0,0,64,0,0,82,0,0,0,0,0,0,0,0,0,0,0,0,0,0,0,0,0,0,0,0,0,0,0,0,0,0,0,0,0,
0,0,0,0,0,0,0,0,0,0,0,0,0,0,0,0,0,64,0,0,82,0,0,0,0,0,0,64,0,0,82,0,0,0,0,0,0,0,0,0,0,0,0,0,0,0,0,0,0,0,0,0,0,0,0,0,0,0,0,0,
0,0,0,0,0,0,0,0,0,0,0,0,0,0,0,0,0,64,0,0,82,0,0,0,0,0,0,64,0,0,82,0,0,0,0,0,0,0,0,0,0,0,0,0,0,0,0,0,0,0,0,0,0,0,0,0,0,0,0,0,
0,65,65,65,65,65,65,69,69,69,69,69,65,65,65,65,65,73,0,0,90,81,65,65,65,65,65,73,0,0,90,81,65,65,105,65,65,65,65,65,65,65,65,65,65,65,65,65,65,65,78,0,0,0,0,0,0,0,0,0,
0,242,0,0,0,0,0,0,0,0,0,0,0,0,0,0,0,0,0,0,0,0,0,0,0,0,0,0,0,0,0,0,0,0,0,0,0,0,0,0,0,0,0,0,0,0,0,0,0,0,70,0,0,0,0,0,0,0,0,0,
0,241,0,0,0,0,0,0,0,0,0,0,0,0,0,0,0,0,0,0,0,0,0,0,0,0,0,0,0,0,0,0,0,0,0,0,0,0,0,0,0,0,0,0,0,0,0,0,0,0,82,0,0,0,0,0,0,0,0,0,
0,83,83,83,83,83,83,88,0,0,91,83,83,83,83,83,83,88,0,0,91,83,83,83,83,83,83,88,0,0,91,83,83,83,83,83,83,88,0,0,91,83,83,83,83,83,83,88,0,0,82,0,0,0,0,0,0,0,0,0,
0,0,0,0,0,0,0,80,0,0,82,0,0,0,0,0,0,80,0,0,82,0,0,0,0,0,0,80,0,0,82,0,0,0,0,0,0,80,0,0,82,0,0,0,0,0,0,80,0,0,82,0,0,0,0,0,0,0,0,0,
0,0,0,0,0,0,0,64,0,0,82,0,0,0,0,0,0,80,0,0,82,0,0,0,0,0,0,64,0,0,82,0,0,0,0,0,0,64,0,0,82,0,0,0,0,0,0,64,0,0,90,81,69,0,0,0,0,0,0,0,
0,0,0,0,0,0,0,64,0,0,82,0,0,77,69,69,69,73,0,0,90,81,69,69,78,0,0,64,0,0,82,0,0,0,0,0,0,64,0,0,82,0,0,0,0,0,0,64,0,0,0,0,240,0,0,0,0,0,0,0,
0,0,0,0,0,0,0,108,0,0,82,0,0,64,196,197,0,0,0,0,0,0,198,199,70,0,0,64,0,0,82,0,0,0,0,0,0,64,0,0,82,0,0,0,0,0,0,64,0,0,0,0,240,0,0,0,0,0,0,0,
0,0,0,0,0,0,0,108,0,0,82,0,0,106,128,0,0,0,0,0,0,0,0,130,82,0,0,68,0,0,82,0,0,0,0,0,0,64,0,0,82,0,0,0,0,0,0,64,0,0,91,83,83,0,0,0,0,0,0,0,
0,0,0,0,0,0,0,64,0,0,82,0,0,64,196,197,0,0,0,0,0,0,198,199,82,0,0,64,0,0,82,0,0,0,0,0,0,64,0,0,82,0,0,0,0,0,0,64,0,0,82,0,0,0,0,0,0,0,0,0,
77,65,65,65,65,65,65,73,0,0,82,0,0,106,128,0,0,0,0,0,0,0,0,130,82,0,0,68,0,0,90,81,65,65,65,65,65,73,0,0,90,81,65,65,65,65,65,73,0,0,82,0,0,0,0,0,0,0,0,0,
64,0,0,0,0,0,0,0,0,0,82,0,0,98,0,0,0,0,0,0,0,0,0,0,82,0,0,68,0,0,0,0,0,0,0,0,0,0,0,0,0,0,0,0,0,0,0,0,0,0,82,0,0,0,0,0,0,0,0,0,
64,0,0,0,0,0,0,0,0,0,82,0,0,106,128,0,0,0,0,0,0,0,0,130,82,0,0,64,0,0,0,0,0,0,0,0,0,0,0,0,0,0,0,0,0,0,0,0,0,0,82,0,0,0,0,0,0,0,0,0,
76,71,83,83,83,83,83,88,0,0,82,0,0,64,196,197,0,0,0,0,0,0,198,199,82,0,0,68,0,0,91,83,83,83,83,83,83,83,83,83,83,83,83,83,83,83,83,83,83,83,95,0,0,0,0,0,0,0,0,0,
0,0,0,0,0,0,0,80,0,0,82,0,0,106,128,0,0,0,0,0,0,0,0,130,82,0,0,68,0,0,82,0,0,0,0,0,0,0,0,0,0,0,0,0,0,0,0,0,0,0,0,0,0,0,0,0,0,0,0,0,
0,0,0,0,0,0,0,64,0,0,82,0,0,64,196,197,0,0,0,0,0,0,198,199,82,0,0,64,0,0,82,0,0,0,0,0,0,0,0,0,0,0,0,0,0,0,0,0,0,0,0,0,0,0,0,0,0,0,0,0,
0,0,0,0,0,0,0,108,0,0,82,0,0,104,0,0,0,0,0,0,0,0,0,0,82,0,0,64,0,0,82,0,0,0,0,0,0,0,0,0,0,0,0,0,0,0,0,0,0,0,0,0,0,0,0,0,0,0,0,0,
0,0,0,0,0,0,0,64,0,0,82,0,0,76,71,83,83,88,0,0,91,83,83,83,95,0,0,68,0,0,82,0,0,0,0,0,0,0,0,0,0,0,0,0,0,0,0,0,0,0,0,0,0,0,0,0,0,0,0,0,
0,0,0,0,0,0,0,64,0,0,82,0,0,0,0,0,0,80,0,0,82,0,0,0,0,0,0,64,0,0,82,0,0,0,0,0,0,0,0,0,0,0,0,0,0,0,0,0,0,0,0,0,0,0,0,0,0,0,0,0,
0,0,0,0,0,0,0,64,0,0,82,0,0,0,0,0,0,64,0,0,82,0,0,0,0,0,0,64,0,0,82,0,0,0,0,0,0,0,0,0,0,0,0,0,0,0,0,0,0,0,0,0,0,0,0,0,0,0,0,0,
77,65,103,109,105,65,65,65,103,113,103,65,65,65,65,65,65,73,0,0,90,81,65,65,105,65,65,73,0,0,90,81,103,65,65,65,65,65,65,65,78,0,0,0,0,0,0,0,0,0,0,0,0,0,0,0,0,0,0,0,
64,110,149,110,0,0,0,0,0,0,0,0,0,0,0,0,0,0,0,0,0,0,0,0,0,0,0,0,0,0,0,0,0,0,0,0,0,0,0,0,70,0,0,0,0,0,0,0,0,0,0,0,0,0,0,0,0,0,0,0,
64,0,0,0,0,193,121,0,0,0,0,0,0,0,0,0,0,0,0,0,0,0,0,0,0,0,0,0,0,0,0,0,0,0,0,0,0,0,0,0,82,0,0,0,0,0,0,0,0,0,0,0,0,0,0,0,0,0,0,0,
64,0,137,0,0,0,122,0,0,0,91,83,83,83,83,83,83,88,0,0,91,83,83,83,83,83,83,88,0,0,91,83,83,83,83,83,83,88,0,0,82,0,0,0,0,0,0,0,0,0,0,0,0,0,0,0,0,0,0,0,
64,202,203,0,0,0,122,0,0,0,82,0,0,0,0,0,0,80,0,0,82,0,0,0,0,0,0,80,0,0,82,0,0,0,0,0,0,80,0,0,82,0,0,0,0,0,0,0,0,0,0,0,0,0,0,0,0,0,0,0,
100,146,0,0,0,0,119,167,0,0,82,0,0,0,0,0,0,64,0,0,82,0,0,0,0,0,0,64,0,0,82,0,0,0,0,0,0,64,0,0,82,0,0,0,0,0,0,0,0,0,0,0,0,0,0,0,0,0,0,0,
100,202,203,0,0,0,0,0,0,0,82,0,0,0,0,0,0,64,0,0,82,0,0,0,0,0,0,64,0,0,82,0,0,0,0,0,0,64,0,0,82,0,0,0,0,0,0,0,0,0,0,0,0,0,0,0,0,0,0,0,
108,136,0,0,0,0,0,0,0,0,82,0,0,0,0,0,0,64,0,0,82,0,0,0,0,0,0,64,0,0,82,0,0,0,0,0,0,64,0,0,82,0,0,0,0,0,0,0,0,0,0,0,0,0,0,0,0,0,0,0,
64,0,192,0,0,0,121,167,0,0,82,0,0,0,0,0,0,104,0,0,82,0,0,0,0,0,0,64,0,0,82,0,0,0,0,0,0,64,0,0,82,0,0,0,0,0,0,0,0,0,0,0,0,0,0,0,0,0,0,0,
104,202,203,144,0,0,122,0,0,0,82,0,0,0,0,0,0,64,0,0,82,0,0,0,0,0,0,64,0,0,82,0,0,0,0,0,0,64,0,0,82,88,120,123,123,123,123,124,0,0,0,0,0,0,0,0,0,0,0,0,
64,163,192,0,0,0,122,0,0,0,90,81,65,65,105,65,65,73,0,0,90,81,65,65,103,65,65,73,0,0,90,81,65,65,105,65,65,73,0,0,90,89,0,0,0,0,128,122,0,0,0,0,0,0,0,0,0,0,0,0,
96,202,203,0,0,0,119,0,0,0,0,0,0,0,0,0,0,0,0,0,0,0,0,0,0,0,0,0,0,0,0,0,0,0,0,0,0,0,0,0,0,0,0,0,0,127,123,125,0,0,0,0,0,0,0,0,0,0,0,0,
64,0,0,0,0,0,0,0,0,0,0,0,0,0,0,0,0,0,0,0,0,0,0,0,0,0,0,0,0,0,0,0,0,0,0,0,0,0,0,0,0,0,0,0,0,122,0,0,0,0,0,0,0,0,0,0,0,0,0,0,
76,71,83,83,83,83,83,88,0,0,0,0,0,0,0,0,0,0,0,0,0,0,0,0,0,0,0,0,0,0,91,83,83,83,83,83,83,88,0,0,0,0,0,0,0,122,0,0,0,0,0,0,0,0,0,0,0,0,0,0,
0,0,0,0,0,0,0,80,0,0,0,0,0,0,0,0,0,0,0,0,0,0,0,0,0,0,0,0,0,0,82,0,0,0,0,0,0,80,0,0,0,0,0,0,0,122,0,0,0,0,0,0,0,0,0,0,0,0,0,0,
0,0,0,0,0,0,0,64,0,0,0,0,0,0,0,0,0,0,0,0,0,0,0,0,0,0,0,0,0,0,82,0,0,0,0,0,0,64,0,0,0,0,0,0,0,122,0,0,0,0,0,0,0,0,0,0,0,0,0,0,
0,0,0,0,0,0,0,64,0,0,0,0,0,75,72,0,0,0,0,0,0,0,0,75,72,0,0,0,0,0,82,0,0,0,0,0,0,64,0,0,0,0,0,0,0,122,0,0,0,0,0,0,0,0,0,0,0,0,0,0,
0,0,0,0,0,0,0,102,0,0,0,0,0,74,73,0,0,0,0,0,0,0,0,74,73,0,0,0,0,0,82,0,0,0,0,0,0,64,0,0,0,0,0,0,0,122,0,0,0,0,0,0,0,0,0,0,0,0,0,0,
0,0,0,0,0,0,0,104,0,0,0,0,0,0,0,0,0,0,0,0,0,0,0,0,0,0,0,0,0,0,82,0,0,0,0,0,0,106,0,0,0,0,0,0,0,122,0,0,0,0,0,0,0,0,0,0,0,0,0,0,
0,0,0,0,0,0,0,64,0,0,0,0,0,0,0,0,0,0,0,0,0,0,0,0,0,0,0,0,0,0,82,0,0,0,0,0,0,64,148,0,0,0,0,0,0,122,0,0,0,0,0,0,0,0,0,0,0,0,0,0,
77,65,65,65,65,105,65,73,0,0,0,0,0,0,0,0,0,0,0,0,0,0,0,0,0,0,0,0,0,0,90,81,65,65,65,65,65,73,0,0,0,0,0,0,167,119,0,0,0,0,0,0,0,0,0,0,0,0,0,0,
64,0,0,0,0,0,0,0,0,0,0,0,0,0,0,0,0,0,0,0,0,0,0,0,0,0,0,0,0,0,0,0,0,0,0,0,0,0,0,0,0,0,0,0,0,0,0,0,0,0,0,0,0,0,0,0,0,0,0,0,
64,0,0,0,0,0,0,0,0,0,0,0,0,0,0,0,0,0,0,0,0,0,0,0,0,0,0,0,0,0,0,0,0,0,0,0,0,0,0,0,0,0,0,0,0,0,0,0,0,0,0,0,0,0,0,0,0,0,0,0,
76,71,83,83,83,83,83,88,0,0,0,0,0,0,0,0,0,0,0,0,0,0,0,0,0,0,0,0,0,0,91,83,83,83,83,83,83,88,0,0,0,0,0,0,167,121,0,0,0,0,0,0,0,0,0,0,0,0,0,0,
0,0,0,0,0,0,0,80,0,0,0,0,0,0,0,0,0,0,0,0,0,0,0,0,0,0,0,0,0,0,82,0,0,0,0,0,0,80,148,0,0,0,0,0,0,122,0,0,0,0,0,0,0,0,0,0,0,0,0,0,
0,0,0,0,0,0,0,64,0,0,0,0,0,0,0,0,0,0,0,0,0,0,0,0,0,0,0,0,0,0,82,0,0,0,0,0,0,104,0,0,0,0,0,0,0,122,0,0,0,0,0,0,0,0,0,0,0,0,0,0,
0,0,0,0,0,0,0,64,0,0,0,0,0,75,72,0,0,0,0,0,0,0,0,75,72,0,0,0,0,0,82,0,0,0,0,0,0,106,0,0,0,0,0,0,0,122,0,0,0,0,0,0,0,0,0,0,0,0,0,0,
0,0,0,0,0,0,0,104,0,0,0,0,0,74,73,0,0,0,0,0,0,0,0,74,73,0,0,0,0,0,82,0,0,0,0,0,0,64,0,0,0,0,0,0,0,122,0,0,0,0,0,0,0,0,0,0,0,0,0,0,
0,0,0,0,0,0,0,108,0,0,0,0,0,0,0,0,0,0,0,0,0,0,0,0,0,0,0,0,0,0,82,0,0,0,0,0,0,64,0,0,0,0,0,0,0,122,0,0,0,0,0,0,0,0,0,0,0,0,0,0,
0,0,0,0,0,0,0,64,0,0,0,0,0,0,0,0,0,0,0,0,0,0,0,0,0,0,0,0,0,0,82,0,0,0,0,0,0,104,0,0,0,0,0,0,0,122,0,0,0,0,0,0,0,0,0,0,0,0,0,0,
77,65,99,65,65,65,65,73,0,0,0,0,0,0,0,0,0,0,0,0,0,0,0,0,0,0,0,0,0,0,90,81,65,65,65,65,65,73,0,0,0,0,0,0,0,122,0,0,0,0,0,0,0,0,0,0,0,0,0,0,
64,0,0,0,0,0,0,0,0,0,0,0,0,0,0,0,0,0,0,0,0,0,0,0,0,0,0,0,0,0,0,0,0,0,0,0,0,0,0,0,0,0,0,0,0,122,0,0,0,0,0,0,0,0,0,0,0,0,0,0,
64,0,0,0,0,0,0,0,0,0,0,0,0,0,0,0,0,0,0,0,0,0,0,0,0,0,0,0,0,0,0,0,0,0,0,0,0,0,0,0,0,0,0,0,0,126,123,124,0,0,0,0,0,0,0,0,0,0,0,0,
76,71,83,83,83,83,83,88,0,0,91,83,83,83,83,83,83,88,0,0,91,83,83,83,83,83,83,88,0,0,91,83,83,83,83,83,83,88,0,0,91,88,0,0,0,0,128,122,0,0,0,0,0,0,0,0,0,0,0,0,
0,0,0,0,0,0,0,80,0,0,82,0,0,0,0,0,0,80,0,0,82,0,0,0,0,0,0,80,0,0,82,0,0,0,0,0,0,80,0,0,82,89,120,123,123,123,123,125,0,0,0,0,0,0,0,0,0,0,0,0,
0,0,0,0,0,0,0,64,0,0,82,0,0,0,0,0,0,64,0,0,82,0,0,0,0,0,0,64,0,0,82,0,0,0,0,0,0,64,0,0,82,0,0,0,0,0,0,0,0,0,0,0,0,0,0,0,0,0,0,0,
0,0,0,0,0,0,0,64,0,0,82,0,0,0,0,0,0,64,0,0,82,0,0,0,0,0,0,104,0,0,82,0,0,0,0,0,0,64,0,0,82,0,0,0,0,0,0,0,0,0,0,0,0,0,0,0,0,0,0,0,
0,0,0,0,0,0,0,64,0,0,82,0,0,0,0,0,0,64,0,0,82,0,0,0,0,0,0,64,0,0,82,0,0,0,0,0,0,64,0,0,82,0,0,0,0,0,0,0,0,0,0,0,0,0,0,0,0,0,0,0,
0,0,0,0,0,0,0,64,0,0,82,0,0,0,0,0,0,108,0,0,82,0,0,0,0,0,0,64,0,0,82,0,0,0,0,0,0,64,0,0,82,0,0,0,0,0,0,0,0,0,0,0,0,0,0,0,0,0,0,0,
0,0,0,0,0,0,0,64,0,0,82,0,0,0,0,0,0,64,0,0,82,0,0,0,0,0,0,64,0,0,82,0,0,0,0,0,0,64,0,0,82,0,0,0,0,0,0,0,0,0,0,0,0,0,0,0,0,0,0,0,
0,0,0,0,0,0,0,64,0,0,90,81,65,65,65,105,65,73,0,0,90,81,65,65,65,65,65,73,0,0,90,81,65,105,65,65,65,73,0,0,82,0,0,0,0,0,0,0,0,0,0,0,0,0,0,0,0,0,0,0,
0,0,0,0,0,0,0,64,0,0,0,0,0,0,0,0,0,0,0,0,0,0,0,0,0,0,0,0,0,0,0,0,0,0,0,0,0,0,0,0,82,0,0,0,0,0,0,0,0,0,0,0,0,0,0,0,0,0,0,0,
0,0,0,0,0,0,0,64,0,0,0,0,0,0,0,0,0,0,0,0,0,0,0,0,0,0,0,0,0,0,0,0,0,0,0,0,0,0,0,0,82,0,0,0,0,0,0,0,0,0,0,0,0,0,0,0,0,0,0,0,
0,0,0,0,0,0,0,76,71,83,83,83,83,83,83,83,83,83,83,83,83,83,83,83,83,83,83,88,0,0,91,83,83,83,83,83,83,83,83,83,95,0,0,0,0,0,0,0,0,0,0,0,0,0,0,0,0,0,0,0,
0,0,0,0,0,0,0,0,0,0,0,0,0,0,0,0,0,0,0,0,0,0,0,0,0,0,0,80,0,0,82,0,0,0,0,0,0,0,0,0,0,0,0,0,0,0,0,0,0,0,0,0,0,0,0,0,0,0,0,0,
0,0,0,0,0,0,0,0,0,0,0,0,0,0,0,0,0,0,0,0,0,0,0,0,0,0,0,64,0,0,82,0,0,0,0,0,0,0,0,0,0,0,0,0,0,0,0,0,0,0,0,0,0,0,0,0,0,0,0,0,
0,0,0,0,0,0,0,0,0,0,0,0,0,0,0,0,0,0,0,0,0,0,0,0,0,0,0,64,0,0,82,0,0,0,0,0,0,0,0,0,0,0,0,0,0,0,0,0,0,0,0,0,0,0,0,0,0,0,0,0,
0,0,0,0,0,0,0,0,0,0,0,0,0,0,0,0,0,0,0,0,0,0,0,0,0,0,0,64,0,0,82,0,0,0,0,0,0,0,0,0,0,0,0,0,0,0,0,0,0,0,0,0,0,0,0,0,0,0,0,0,
0,0,0,0,0,0,0,0,0,0,0,0,0,0,0,0,0,0,0,0,0,0,0,0,0,0,0,64,0,0,82,0,0,0,0,0,0,0,0,0,0,0,0,0,0,0,0,0,0,0,0,0,0,0,0,0,0,0,0,0,
0,0,0,0,0,0,0,0,0,0,0,0,0,0,0,0,0,0,0,0,0,0,0,0,0,0,0,64,0,0,82,0,0,0,0,0,0,0,0,0,0,0,0,0,0,0,0,0,0,0,0,0,0,0,0,0,0,0,0,0,
0,0,0,0,0,0,0,0,0,0,0,0,0,0,0,0,0,0,0,0,0,0,0,0,0,0,0,114,0,0,82,0,0,0,0,0,0,0,0,0,0,0,0,0,0,0,0,0,0,0,0,0,0,0,0,0,0,0,0,0,
0,0,0,0,0,0,0,0,0,0,0,0,0,0,0,0,0,0,0,0,0,0,0,0,0,0,0,64,144,147,82,0,0,0,0,0,0,0,0,0,0,0,0,0,0,0,0,0,0,0,0,0,0,0,0,0,0,0,0,0,
0,0,0,0,0,0,0,0,0,0,0,0,0,0,0,0,0,0,0,0,0,0,0,0,0,0,0,76,71,83,95,0,0,0,0,0,0,0,0,0,0,0,0,0,0,0,0,0,0,0,0,0,0,0,0,0,0,0,0,0

[layer]
id=collision
format=dec
data=
3,3,3,3,3,3,3,3,3,3,3,3,3,3,3,3,3,1,1,1,1,3,3,3,3,3,3,1,1,1,1,3,3,3,3,3,3,3,3,3,3,3,3,3,3,3,3,3,3,3,3,3,3,3,3,3,3,3,3,3,
3,3,3,3,3,3,3,3,3,3,3,3,3,3,3,3,3,1,0,0,1,3,3,3,3,3,3,1,0,0,1,3,3,3,3,3,3,3,3,3,3,3,3,3,3,3,3,3,3,3,3,3,3,3,3,3,3,3,3,3,
3,3,3,3,3,3,3,3,3,3,3,3,3,3,3,3,3,1,0,0,1,3,3,3,3,3,3,1,0,0,1,3,3,3,3,3,3,3,3,3,3,3,3,3,3,3,3,3,3,3,3,3,3,3,3,3,3,3,3,3,
3,3,3,3,3,3,3,3,3,3,3,3,3,3,3,3,3,1,0,0,1,3,3,3,3,3,3,1,0,0,1,3,3,3,3,3,3,3,3,3,3,3,3,3,3,3,3,3,3,3,3,3,3,3,3,3,3,3,3,3,
3,3,3,3,3,3,3,3,3,3,3,3,3,3,3,3,3,1,0,0,1,3,3,3,3,3,3,1,0,0,1,3,3,3,3,3,3,3,3,3,3,3,3,3,3,3,3,3,3,3,3,3,3,3,3,3,3,3,3,3,
3,3,3,3,3,3,3,3,3,3,3,3,3,3,3,3,3,1,0,0,1,3,3,3,3,3,3,1,0,0,1,3,3,3,3,3,3,3,3,3,3,3,3,3,3,3,3,3,3,3,3,3,3,3,3,3,3,3,3,3,
3,3,3,3,3,3,3,3,3,3,3,3,3,3,3,3,3,1,0,0,1,3,3,3,3,3,3,1,0,0,1,3,3,3,3,3,3,3,3,3,3,3,3,3,3,3,3,3,3,3,3,3,3,3,3,3,3,3,3,3,
3,1,1,1,1,1,1,1,1,1,1,1,1,1,1,1,1,1,0,0,1,1,1,1,1,1,1,1,0,0,1,1,1,1,1,1,1,1,1,1,1,1,1,1,1,1,1,1,1,1,1,3,3,3,3,3,3,3,3,3,
3,0,0,0,0,0,0,0,0,0,0,0,0,0,0,0,0,0,0,0,0,0,0,0,0,0,0,0,0,0,0,0,0,0,0,0,0,0,0,0,0,0,0,0,0,0,0,0,0,0,1,3,3,3,3,3,3,3,3,3,
3,0,0,0,0,0,0,0,0,0,0,0,0,0,0,0,0,0,0,0,0,0,0,0,0,0,0,0,0,0,0,0,0,0,0,0,0,0,0,0,0,0,0,0,0,0,0,0,0,0,1,3,3,3,3,3,3,3,3,3,
3,1,1,1,1,1,1,1,0,0,1,1,1,1,1,1,1,1,0,0,1,1,1,1,1,1,1,1,0,0,1,1,1,1,1,1,1,1,0,0,1,1,1,1,1,1,1,1,0,0,1,3,3,3,3,3,3,3,3,3,
3,3,3,3,3,3,3,1,0,0,1,3,3,3,3,3,3,1,0,0,1,3,3,3,3,3,3,1,0,0,1,3,3,3,3,3,3,1,0,0,1,3,3,3,3,3,3,1,0,0,1,3,3,3,3,3,3,3,3,3,
3,3,3,3,3,3,3,1,0,0,1,3,3,3,3,3,3,1,0,0,1,3,3,3,3,3,3,1,0,0,1,3,3,3,3,3,3,1,0,0,1,3,3,3,3,3,3,1,0,0,1,1,1,3,3,3,3,3,3,3,
3,3,3,3,3,3,3,1,0,0,1,3,3,1,1,1,1,1,0,0,1,1,1,1,1,3,3,1,0,0,1,3,3,3,3,3,3,1,0,0,1,3,3,3,3,3,3,1,0,0,0,0,0,3,3,3,3,3,3,3,
3,3,3,3,3,3,3,1,0,0,1,3,3,1,2,2,0,0,0,0,0,0,2,2,1,3,3,1,0,0,1,3,3,3,3,3,3,1,0,0,1,3,3,3,3,3,3,1,0,0,0,0,0,3,3,3,3,3,3,3,
3,3,3,3,3,3,3,1,0,0,1,3,3,1,1,0,0,0,0,0,0,0,0,1,1,3,3,1,0,0,1,3,3,3,3,3,3,1,0,0,1,3,3,3,3,3,3,1,0,0,1,1,1,3,3,3,3,3,3,3,
3,3,3,3,3,3,3,1,0,0,1,3,3,1,2,2,0,0,0,0,0,0,2,2,1,3,3,1,0,0,1,3,3,3,3,3,3,1,0,0,1,3,3,3,3,3,3,1,0,0,1,3,3,3,3,3,3,3,3,3,
1,1,1,1,1,1,1,1,0,0,1,3,3,1,1,0,0,0,0,0,0,0,0,1,1,3,3,1,0,0,1,1,1,1,1,1,1,1,0,0,1,1,1,1,1,1,1,1,0,0,1,3,3,3,3,3,3,3,3,3,
1,0,0,0,0,0,0,0,0,0,1,3,3,1,0,0,0,0,0,0,0,0,0,0,1,3,3,1,0,0,0,0,0,0,0,0,0,0,0,0,0,0,0,0,0,0,0,0,0,0,1,3,3,3,3,3,3,3,3,3,
1,0,0,0,0,0,0,0,0,0,1,3,3,1,1,0,0,0,0,0,0,0,0,1,1,3,3,1,0,0,0,0,0,0,0,0,0,0,0,0,0,0,0,0,0,0,0,0,0,0,1,3,3,3,3,3,3,3,3,3,
1,1,1,1,1,1,1,1,0,0,1,3,3,1,2,2,0,0,0,0,0,0,2,2,1,3,3,1,0,0,1,1,1,1,1,1,1,1,1,1,1,1,1,1,1,1,1,1,1,1,1,3,3,3,3,3,3,3,3,3,
3,3,3,3,3,3,3,1,0,0,1,3,3,1,1,0,0,0,0,0,0,0,0,1,1,3,3,1,0,0,1,3,3,3,3,3,3,3,3,3,3,3,3,3,3,3,3,3,3,3,3,3,3,3,3,3,3,3,3,3,
3,3,3,3,3,3,3,1,0,0,1,3,3,1,2,2,0,0,0,0,0,0,2,2,1,3,3,1,0,0,1,3,3,3,3,3,3,3,3,3,3,3,3,3,3,3,3,3,3,3,3,3,3,3,3,3,3,3,3,3,
3,3,3,3,3,3,3,1,0,0,1,3,3,1,0,0,0,0,0,0,0,0,0,0,1,3,3,1,0,0,1,3,3,3,3,3,3,3,3,3,3,3,3,3,3,3,3,3,3,3,3,3,3,3,3,3,3,3,3,3,
3,3,3,3,3,3,3,1,0,0,1,3,3,1,1,1,1,1,0,0,1,1,1,1,1,3,3,1,0,0,1,3,3,3,3,3,3,3,3,3,3,3,3,3,3,3,3,3,3,3,3,3,3,3,3,3,3,3,3,3,
3,3,3,3,3,3,3,1,0,0,1,3,3,3,3,3,3,1,0,0,1,3,3,3,3,3,3,1,0,0,1,3,3,3,3,3,3,3,3,3,3,3,3,3,3,3,3,3,3,3,3,3,3,3,3,3,3,3,3,3,
3,3,3,3,3,3,3,1,0,0,1,3,3,3,3,3,3,1,0,0,1,3,3,3,3,3,3,1,0,0,1,3,3,3,3,3,3,3,3,3,3,3,3,3,3,3,3,3,3,3,3,3,3,3,3,3,3,3,3,3,
1,1,1,1,1,1,1,1,1,0,1,1,1,1,1,1,1,1,0,0,1,1,1,1,1,1,1,1,0,0,1,1,1,1,1,1,1,1,1,1,1,3,3,3,3,3,3,3,3,3,3,3,3,3,3,3,3,3,3,3,
1,1,2,1,0,0,0,0,0,0,0,0,0,0,0,0,0,0,0,0,0,0,0,0,0,0,0,0,0,0,0,0,0,0,0,0,0,0,0,0,1,3,3,3,3,3,3,3,3,3,3,3,3,3,3,3,3,3,3,3,
1,0,0,0,0,2,2,0,0,0,0,0,0,0,0,0,0,0,0,0,0,0,0,0,0,0,0,0,0,0,0,0,0,0,0,0,0,0,0,0,1,3,3,3,3,3,3,3,3,3,3,3,3,3,3,3,3,3,3,3,
1,0,2,0,0,0,2,0,0,0,1,1,1,1,1,1,1,1,0,0,1,1,1,1,1,1,1,1,0,0,1,1,1,1,1,1,1,1,0,0,1,3,3,3,3,3,3,3,3,3,3,3,3,3,3,3,3,3,3,3,
1,2,2,0,0,0,2,0,0,0,1,3,3,3,3,3,3,1,0,0,1,3,3,3,3,3,3,1,0,0,1,3,3,3,3,3,3,1,0,0,1,3,3,3,3,3,3,3,3,3,3,3,3,3,3,3,3,3,3,3,
1,2,0,0,0,0,2,2,0,0,1,3,3,3,3,3,3,1,0,0,1,3,3,3,3,3,3,1,0,0,1,3,3,3,3,3,3,1,0,0,1,4,4,4,4,4,4,4,4,4,4,4,4,4,4,4,4,4,4,3,
1,2,2,0,0,0,0,0,0,0,1,3,3,3,3,3,3,1,0,0,1,3,3,3,3,3,3,1,0,0,1,3,3,3,3,3,3,1,0,0,1,4,4,4,4,4,4,4,4,4,4,4,4,4,4,4,4,4,4,3,
1,2,0,0,0,0,0,0,0,0,1,3,3,3,3,3,3,1,0,0,1,3,3,3,3,3,3,1,0,0,1,3,3,3,3,3,3,1,0,0,1,4,4,4,4,4,4,4,4,4,4,4,4,4,4,4,4,4,4,3,
1,0,2,0,0,0,2,2,0,0,1,3,3,3,3,3,3,1,0,0,1,3,3,3,3,3,3,1,0,0,1,3,3,3,3,3,3,1,0,0,1,2,2,2,2,2,2,2,2,4,4,4,4,4,4,4,4,4,4,3,
1,2,2,2,0,0,2,0,0,0,1,3,3,3,3,3,3,1,0,0,1,3,3,3,3,3,3,1,0,0,1,3,3,3,3,3,3,1,0,0,1,1,2,2,2,2,2,2,2,4,4,4,4,4,4,4,4,4,4,3,
1,2,2,0,0,0,2,0,0,0,1,1,1,1,1,1,1,1,0,0,1,1,1,1,1,1,1,1,0,0,1,1,1,1,1,1,1,1,0,0,1,1,0,0,0,0,1,2,2,4,4,4,4,4,4,4,4,4,4,3,
1,2,2,0,0,0,2,0,0,0,0,0,0,0,0,0,0,0,0,0,0,0,0,0,0,0,0,0,0,0,0,0,0,0,0,0,0,0,0,0,0,0,0,0,0,2,2,2,2,4,4,4,4,4,4,4,4,4,4,3,
1,0,0,0,0,0,0,0,0,0,0,0,0,0,0,0,0,0,0,0,0,0,0,0,0,0,0,0,0,0,0,0,0,0,0,0,0,0,0,0,0,0,0,0,0,2,2,2,2,4,4,4,4,4,4,4,4,4,4,3,
1,1,1,1,1,1,1,1,0,0,2,2,2,2,2,2,2,0,0,0,2,2,2,2,2,2,2,0,0,0,1,1,1,1,1,1,1,1,0,0,0,0,0,0,0,2,2,4,4,4,4,4,4,4,4,4,4,4,4,3,
3,3,3,3,3,3,3,1,0,0,2,2,2,2,2,2,2,0,0,0,2,2,2,2,2,2,2,0,0,0,1,3,3,3,3,3,3,1,0,0,0,0,0,0,0,2,2,4,4,4,4,4,4,4,4,4,4,4,4,3,
3,3,3,3,3,3,3,1,0,0,2,2,2,2,2,2,2,0,0,0,2,2,2,2,2,2,2,0,0,0,1,3,3,3,3,3,3,1,0,0,0,0,0,0,0,2,2,4,4,4,4,4,4,4,4,4,4,4,4,3,
3,3,3,3,3,3,3,1,0,0,2,2,2,1,1,2,2,0,0,0,2,2,2,1,1,2,2,0,0,0,1,3,3,3,3,3,3,1,0,0,0,0,0,0,0,2,2,4,4,4,4,4,4,4,4,4,4,4,4,3,
3,3,3,3,3,3,3,1,0,0,2,2,2,1,1,2,2,0,0,0,2,2,2,1,1,2,2,0,0,0,1,3,3,3,3,3,3,1,0,0,0,0,0,0,0,2,2,4,4,4,4,4,4,4,4,4,4,4,4,3,
3,3,3,3,3,3,3,1,0,0,2,2,2,2,2,2,2,0,0,0,2,2,2,2,2,2,2,0,0,0,1,3,3,3,3,3,3,1,0,0,0,0,0,0,0,2,2,4,4,4,4,4,4,4,4,4,4,4,4,3,
3,3,3,3,3,3,3,1,0,0,2,2,2,2,2,2,2,0,0,0,2,2,2,2,2,2,2,0,0,0,1,3,3,3,3,3,3,1,2,0,0,0,0,0,0,2,2,4,4,4,4,4,4,4,4,4,4,4,4,3,
1,1,1,1,1,1,1,1,0,0,0,0,0,0,0,0,0,0,0,0,0,0,0,0,0,0,0,0,0,0,1,1,1,1,1,1,1,1,0,0,0,0,0,0,2,2,2,4,4,4,4,4,4,4,4,4,4,4,4,3,
1,0,0,0,0,0,0,0,0,0,0,0,0,0,0,0,0,0,0,0,0,0,0,0,0,0,0,0,0,0,0,0,0,0,0,0,0,0,0,0,0,0,0,0,0,0,2,4,4,4,4,4,4,4,4,4,4,4,4,3,
1,0,0,0,0,0,0,0,0,0,0,0,0,0,0,0,0,0,0,0,0,0,0,0,0,0,0,0,0,0,0,0,0,0,0,0,0,0,0,0,0,0,0,0,0,0,2,4,4,4,4,4,4,4,4,4,4,4,4,3,
1,1,1,1,1,1,1,1,0,0,2,2,2,2,2,2,2,0,0,0,0,0,0,0,0,0,0,0,0,0,1,1,1,1,1,1,1,1,0,0,0,0,0,0,2,2,2,4,4,4,4,4,4,4,4,4,4,4,4,3,
3,3,3,3,3,3,3,1,0,0,2,2,2,2,2,2,2,0,0,0,0,0,0,0,0,0,0,0,0,0,1,3,3,3,3,3,3,1,2,0,0,0,0,0,0,2,2,4,4,4,4,4,4,4,4,4,4,4,4,3,
3,3,3,3,3,3,3,1,0,0,2,2,2,2,2,2,2,0,0,0,0,0,0,0,0,0,0,0,0,0,1,3,3,3,3,3,3,1,0,0,0,0,0,0,0,2,2,4,4,4,4,4,4,4,4,4,4,4,4,3,
3,3,3,3,3,3,3,1,0,0,2,2,2,1,1,2,2,0,0,0,0,0,0,1,1,0,0,0,0,0,1,3,3,3,3,3,3,1,0,0,0,0,0,0,0,2,2,4,4,4,4,4,4,4,4,4,4,4,4,3,
3,3,3,3,3,3,3,1,0,0,2,2,2,1,1,2,2,0,0,0,0,0,0,1,1,0,0,0,0,0,1,3,3,3,3,3,3,1,0,0,0,0,0,0,0,2,2,4,4,4,4,4,4,4,4,4,4,4,4,3,
3,3,3,3,3,3,3,1,0,0,2,2,2,2,2,2,2,0,0,0,0,0,0,0,0,0,0,0,0,0,1,3,3,3,3,3,3,1,0,0,0,0,0,0,0,2,2,4,4,4,4,4,4,4,4,4,4,4,4,3,
3,3,3,3,3,3,3,1,0,0,2,2,2,2,2,2,2,0,0,0,0,0,0,0,0,0,0,0,0,0,1,3,3,3,3,3,3,1,0,0,0,0,0,0,0,2,2,4,4,4,4,4,4,4,4,4,4,4,4,3,
1,1,1,1,1,1,1,1,0,0,0,0,0,0,0,0,0,0,0,0,0,0,0,0,0,0,0,0,0,0,1,1,1,1,1,1,1,1,0,0,0,0,0,0,0,2,2,4,4,4,4,4,4,4,4,4,4,4,4,3,
1,0,0,0,0,0,0,0,0,0,0,0,0,0,0,0,0,0,0,0,0,0,0,0,0,0,0,0,0,0,0,0,0,0,0,0,0,0,0,0,0,0,0,0,0,2,2,2,2,4,4,4,4,4,4,4,4,4,4,3,
1,0,0,0,0,0,0,0,0,0,0,0,0,0,0,0,0,0,0,0,0,0,0,0,0,0,0,0,0,0,0,0,0,0,0,0,0,0,0,0,0,0,0,0,0,2,2,2,2,4,4,4,4,4,4,4,4,4,4,3,
1,1,1,1,1,1,1,1,0,0,1,1,1,1,1,1,1,1,0,0,1,1,1,1,1,1,1,1,0,0,1,1,1,1,1,1,1,1,0,0,1,1,0,0,0,0,1,2,2,4,4,4,4,4,4,4,4,4,4,3,
3,3,3,3,3,3,3,1,0,0,1,3,3,3,3,3,3,1,0,0,1,3,3,3,3,3,3,1,0,0,1,3,3,3,3,3,3,1,0,0,1,1,2,2,2,2,2,2,2,4,4,4,4,4,4,4,4,4,4,3,
3,3,3,3,3,3,3,1,0,0,1,3,3,3,3,3,3,1,0,0,1,3,3,3,3,3,3,1,0,0,1,3,3,3,3,3,3,1,0,0,1,2,2,2,2,2,2,2,2,4,4,4,4,4,4,4,4,4,4,3,
3,3,3,3,3,3,3,1,0,0,1,3,3,3,3,3,3,1,0,0,1,3,3,3,3,3,3,1,0,0,1,3,3,3,3,3,3,1,0,0,1,4,4,4,4,4,4,4,4,4,4,4,4,4,4,4,4,4,4,3,
3,3,3,3,3,3,3,1,0,0,1,3,3,3,3,3,3,1,0,0,1,3,3,3,3,3,3,1,0,0,1,3,3,3,3,3,3,1,0,0,1,4,4,4,4,4,4,4,4,4,4,4,4,4,4,4,4,4,4,3,
3,3,3,3,3,3,3,1,0,0,1,3,3,3,3,3,3,1,0,0,1,3,3,3,3,3,3,1,0,0,1,3,3,3,3,3,3,1,0,0,1,4,4,4,4,4,4,4,4,4,4,4,4,4,4,4,4,4,4,3,
3,3,3,3,3,3,3,1,0,0,1,3,3,3,3,3,3,1,0,0,1,3,3,3,3,3,3,1,0,0,1,3,3,3,3,3,3,1,0,0,1,3,3,3,3,3,3,3,3,3,3,3,3,3,3,3,3,3,3,3,
3,3,3,3,3,3,3,1,0,0,1,1,1,1,1,1,1,1,0,0,1,1,1,1,1,1,1,1,0,0,1,1,1,1,1,1,1,1,0,0,1,3,3,3,3,3,3,3,3,3,3,3,3,3,3,3,3,3,3,3,
3,3,3,3,3,3,3,1,0,0,0,0,0,0,0,0,0,0,0,0,0,0,0,0,0,0,0,0,0,0,0,0,0,0,0,0,0,0,0,0,1,3,3,3,3,3,3,3,3,3,3,3,3,3,3,3,3,3,3,3,
3,3,3,3,3,3,3,1,0,0,0,0,0,0,0,0,0,0,0,0,0,0,0,0,0,0,0,0,0,0,0,0,0,0,0,0,0,0,0,0,1,3,3,3,3,3,3,3,3,3,3,3,3,3,3,3,3,3,3,3,
3,3,3,3,3,3,3,1,1,1,1,1,1,1,1,1,1,1,1,1,1,1,1,1,1,1,1,1,0,0,1,1,1,1,1,1,1,1,1,1,1,3,3,3,3,3,3,3,3,3,3,3,3,3,3,3,3,3,3,3,
3,3,3,3,3,3,3,3,3,3,3,3,3,3,3,3,3,3,3,3,3,3,3,3,3,3,3,1,0,0,1,3,3,3,3,3,3,3,3,3,3,3,3,3,3,3,3,3,3,3,3,3,3,3,3,3,3,3,3,3,
3,3,3,3,3,3,3,3,3,3,3,3,3,3,3,3,3,3,3,3,3,3,3,3,3,3,3,1,0,0,1,3,3,3,3,3,3,3,3,3,3,3,3,3,3,3,3,3,3,3,3,3,3,3,3,3,3,3,3,3,
3,3,3,3,3,3,3,3,3,3,3,3,3,3,3,3,3,3,3,3,3,3,3,3,3,3,3,1,0,0,1,3,3,3,3,3,3,3,3,3,3,3,3,3,3,3,3,3,3,3,3,3,3,3,3,3,3,3,3,3,
3,3,3,3,3,3,3,3,3,3,3,3,3,3,3,3,3,3,3,3,3,3,3,3,3,3,3,1,0,0,1,3,3,3,3,3,3,3,3,3,3,3,3,3,3,3,3,3,3,3,3,3,3,3,3,3,3,3,3,3,
3,3,3,3,3,3,3,3,3,3,3,3,3,3,3,3,3,3,3,3,3,3,3,3,3,3,3,1,0,0,1,3,3,3,3,3,3,3,3,3,3,3,3,3,3,3,3,3,3,3,3,3,3,3,3,3,3,3,3,3,
3,3,3,3,3,3,3,3,3,3,3,3,3,3,3,3,3,3,3,3,3,3,3,3,3,3,3,1,0,0,1,3,3,3,3,3,3,3,3,3,3,3,3,3,3,3,3,3,3,3,3,3,3,3,3,3,3,3,3,3,
3,3,3,3,3,3,3,3,3,3,3,3,3,3,3,3,3,3,3,3,3,3,3,3,3,3,3,1,2,0,1,3,3,3,3,3,3,3,3,3,3,3,3,3,3,3,3,3,3,3,3,3,3,3,3,3,3,3,3,3,
3,3,3,3,3,3,3,3,3,3,3,3,3,3,3,3,3,3,3,3,3,3,3,3,3,3,3,1,2,2,1,3,3,3,3,3,3,3,3,3,3,3,3,3,3,3,3,3,3,3,3,3,3,3,3,3,3,3,3,3,
3,3,3,3,3,3,3,3,3,3,3,3,3,3,3,3,3,3,3,3,3,3,3,3,3,3,3,1,1,1,1,3,3,3,3,3,3,3,3,3,3,3,3,3,3,3,3,3,3,3,3,3,3,3,3,3,3,3,3,3

[event]
type=teleport
location=1,8,1,2
intermap=averguard_atrium.txt,17,10

[event]
type=teleport
location=52,13,1,2
intermap=cave1.txt,3,13

[event]
# dorm room chest
type=run_once
location=3,36,1,1
hotspot=-32,-32,64,64
mapmod=object,3,36,160
soundfx=soundfx/wood_open.ogg
loot=random,4,36,2

[event]
# dorm room barrel
type=run_once
location=1,32,1,1
hotspot=-32,-32,64,64
tooltip=Barrel of loot
mapmod=object,1,32,162
soundfx=soundfx/wood_open.ogg
loot=random,2,32,1

[event]
# dorm room book
type=run_once
location=2,28,1,1
hotspot=-32,-32,64,64
requires_status=ak_ukkonen_search
requires_not=ak_tome_found
mapmod=object,2,28,165
soundfx=soundfx/inventory/inventory_page.ogg
msg=This book bears the seal of the Averguard
loot=id,2,29,9000

[event]
#overlook book 1
type=run_once
location=38,51,1,1
hotspot=-32,-32,64,64
mapmod=object,38,51,164
soundfx=soundfx/inventory/inventory_page.ogg
msg="In the Age of Settlement, the Averguard Knights defended peasants against the chaos of the wilderness."

[event]
#overlook book 2
type=run_once
location=38,46,1,1
hotspot=-32,-32,64,64
mapmod=object,38,46,164
soundfx=soundfx/inventory/inventory_page.ogg
msg="Sir Evan Maddox led the Averguard when the plague struck.  Powerful clerics from the corners of the world were brought here.  By the time a cure was found it was too late."

[enemygroup]
category=goblin
level=1,3
number=6
area=8,38,21,21

[enemy]
type=brittle_skeleton
spawnpoint=15,18,5

[enemy]
type=brittle_skeleton
spawnpoint=22,18,1

[enemy]
type=ukkonen
spawnpoint=4,33,2

[enemy]
type=antlion
spawnpoint=8,67,7

[enemy]
type=antlion
spawnpoint=3,58,3

[enemy]
type=antlion
spawnpoint=38,16,2

[enemy]
type=antlion
spawnpoint=42,8,0

[enemy]
type=antlion
spawnpoint=18,1,3

[enemy]
type=antlion
spawnpoint=28,24,7

[enemy]
type=antlion
spawnpoint=35,28,2

[enemy]
type=goblin
spawnpoint=5,48,3

[enemy]
type=goblin
spawnpoint=2,58,0

[enemy]
type=goblin
spawnpoint=38,66,7

[enemy]
type=goblin
spawnpoint=38,58,0

[enemy]
type=goblin
spawnpoint=44,51,3

[enemy]
type=goblin
spawnpoint=44,46,7

[enemy]
type=goblin
spawnpoint=37,38,1

[enemy]
type=goblin
spawnpoint=38,34,5

[enemy]
type=goblin
spawnpoint=1,18,2

[enemy]
type=goblin
spawnpoint=2,19,6

[enemy]
type=rotting_zombie
spawnpoint=45,48,1

[npc]
id=wandering_trader
position=28,77

[npc]
id=clint_bellanger
position=28,71

[npc]
id=guill
position=28,74

