
image=images/enemies/antlion_hatchling.png

[stance]
frames=4
duration=120
type=back_forth
frame=0,0,2048,0,25,23,11,16
frame=0,1,1076,0,33,25,16,17
frame=0,2,2776,44,28,20,14,15
frame=0,3,1116,25,32,25,16,17
frame=0,4,2135,23,23,23,11,16
frame=0,5,1142,0,32,25,16,17
frame=0,6,2868,42,28,21,14,16
frame=0,7,1148,25,32,25,16,17
frame=1,0,2061,23,25,23,11,16
frame=1,1,1467,0,34,24,17,16
frame=1,2,3045,42,28,20,14,15
frame=1,3,1083,25,33,25,16,17
frame=1,4,2147,0,23,23,11,16
frame=1,5,1109,0,33,25,17,17
frame=1,6,2888,21,28,21,14,16
frame=1,7,1049,25,34,25,17,17
frame=2,0,2497,0,25,22,11,15
frame=2,1,1490,24,34,24,17,16
frame=2,2,2688,44,30,20,15,15
frame=2,3,1501,0,34,24,17,16
frame=2,4,2713,0,22,22,11,15
frame=2,5,1524,24,34,24,17,16
frame=2,6,2718,44,29,20,14,15
frame=2,7,1535,0,34,24,17,16
frame=3,0,2516,22,25,22,11,15
frame=3,1,1558,24,33,24,16,16
frame=3,2,3060,21,28,20,14,15
frame=3,3,1569,0,33,24,17,16
frame=3,4,2730,22,22,22,11,15
frame=3,5,1602,0,32,24,16,16
frame=3,6,3063,0,28,20,14,15
frame=3,7,1591,24,33,24,17,16

[spawn]
frames=6
duration=120
type=play_once
frame=0,0,942,52,5,12,2,9
frame=0,1,931,52,11,12,5,9
frame=0,2,729,54,11,10,5,9
frame=0,3,1046,50,10,13,5,10
frame=0,4,1056,50,7,13,3,10
frame=0,5,882,53,12,11,6,9
frame=0,6,750,54,12,7,6,7
frame=0,7,740,54,10,10,5,8
frame=1,0,1031,50,15,14,9,11
frame=1,1,3775,17,17,17,7,14
frame=1,2,3817,16,20,16,11,14
frame=1,3,3292,0,20,20,9,16
frame=1,4,3042,21,18,21,6,18
frame=1,5,3299,40,20,20,9,17
frame=1,6,3804,48,23,15,8,13
frame=1,7,911,52,20,12,8,9
frame=2,0,3835,0,20,16,15,13
frame=2,1,3804,32,22,16,15,14
frame=2,2,3042,0,21,21,11,19
frame=2,3,2231,0,17,23,3,21
frame=2,4,2757,0,20,22,5,19
frame=2,5,3254,40,24,20,5,13
frame=2,6,3826,32,22,15,8,8
frame=2,7,1012,50,19,14,14,10
frame=3,0,3291,20,21,20,14,14
frame=3,1,3681,35,27,17,17,14
frame=3,2,3596,37,23,18,12,15
frame=3,3,3640,18,20,18,5,15
frame=3,4,3758,34,21,17,7,13
frame=3,5,3595,19,25,18,8,11
frame=3,6,3653,0,20,18,8,11
frame=3,7,2773,22,20,22,15,13
frame=4,0,2777,0,20,22,11,16
frame=4,1,3269,0,23,20,13,16
frame=4,2,3267,20,24,20,12,16
frame=4,3,2392,0,27,22,12,17
frame=4,4,3312,0,20,20,8,15
frame=4,5,2690,0,23,22,9,14
frame=4,6,3619,37,22,18,10,12
frame=4,7,2859,21,29,21,15,14
frame=5,0,2597,0,24,22,10,16
frame=5,1,2862,0,29,21,14,16
frame=5,2,2996,21,25,21,12,16
frame=5,3,1259,0,26,25,10,17
frame=5,4,2707,22,23,22,12,16
frame=5,5,1694,0,30,24,15,16
frame=5,6,3194,20,25,20,13,15
frame=5,7,2916,21,28,21,16,14

[run]
frames=8
duration=60
type=looped
frame=0,0,3129,40,26,20,12,15
frame=0,1,2946,0,26,21,15,14
frame=0,2,3197,0,24,20,10,14
frame=0,3,3169,20,25,20,15,15
frame=0,4,2522,0,25,22,13,15
frame=0,5,3143,20,26,20,11,15
frame=0,6,3206,40,24,20,14,14
frame=0,7,2111,23,24,23,9,15
frame=1,0,2971,21,25,21,11,15
frame=1,1,1995,0,27,23,15,15
frame=1,2,3413,19,28,19,12,14
frame=1,3,2832,0,30,21,17,15
frame=1,4,2735,0,22,22,11,15
frame=1,5,2919,0,27,21,12,16
frame=1,6,3073,41,28,20,15,15
frame=1,7,2271,22,29,22,12,15
frame=2,0,2073,0,25,23,11,16
frame=2,1,1924,23,28,23,14,16
frame=2,2,1919,46,33,18,16,15
frame=2,3,1778,0,33,23,16,16
frame=2,4,2615,22,23,22,11,15
frame=2,5,1939,0,28,23,14,16
frame=2,6,2399,44,33,20,16,15
frame=2,7,1794,23,33,23,16,16
frame=3,0,2541,22,25,22,11,15
frame=3,1,2412,22,26,22,11,16
frame=3,2,3088,20,28,20,15,15
frame=3,3,1909,0,30,23,13,15
frame=3,4,3020,0,22,21,11,15
frame=3,5,2022,0,26,23,15,15
frame=3,6,2747,44,29,20,13,15
frame=3,7,2248,0,30,22,17,16
frame=4,0,2419,0,26,22,12,15
frame=4,1,3172,0,25,20,10,15
frame=4,2,3219,20,24,20,14,14
frame=4,3,2972,0,25,21,10,14
frame=4,4,3181,40,25,20,13,15
frame=4,5,2591,22,24,22,15,15
frame=4,6,3221,0,24,20,10,14
frame=4,7,3146,0,26,20,15,15
frame=5,0,2547,0,25,22,11,15
frame=5,1,2839,42,29,21,12,15
frame=5,2,3459,0,27,19,15,14
frame=5,3,2008,23,27,23,12,15
frame=5,4,3002,42,22,21,11,15
frame=5,5,1952,23,28,23,16,15
frame=5,6,3091,0,28,20,12,15
frame=5,7,2924,42,27,21,15,16
frame=6,0,2566,22,25,22,11,15
frame=6,1,1811,0,33,23,16,16
frame=6,2,1952,46,33,18,16,15
frame=6,3,1967,0,28,23,14,16
frame=6,4,2158,23,23,23,11,16
frame=6,5,1827,23,33,23,16,16
frame=6,6,2432,44,33,20,16,15
frame=6,7,1980,23,28,23,14,16
frame=7,0,2977,42,25,21,11,15
frame=7,1,1844,0,33,23,18,15
frame=7,2,3319,39,33,19,15,14
frame=7,3,3116,20,27,20,15,15
frame=7,4,2621,0,23,22,11,15
frame=7,5,2239,23,32,22,13,16
frame=7,6,2498,44,32,20,17,15
frame=7,7,2385,22,27,22,12,14

[ranged]
frames=4
duration=90
type=play_once
frame=0,0,786,27,28,27,13,20
frame=0,1,714,0,35,27,19,20
frame=0,2,1892,23,32,23,15,18
frame=0,3,691,31,38,29,16,21
frame=0,4,895,0,29,26,13,20
frame=0,5,1348,24,37,24,15,18
frame=0,6,2594,44,32,20,14,17
frame=0,7,1432,0,35,24,19,19
frame=1,0,42,0,21,38,7,32
frame=1,1,155,0,23,37,7,30
frame=1,2,596,0,35,31,14,26
frame=1,3,421,0,31,34,14,27
frame=1,4,178,0,23,37,12,31
frame=1,5,510,0,27,32,14,31
frame=1,6,1455,24,35,24,14,27
frame=1,7,634,31,31,31,11,30
frame=2,0,688,0,26,31,16,26
frame=2,1,452,0,31,34,17,28
frame=2,2,544,32,24,32,10,28
frame=2,3,265,0,32,36,13,29
frame=2,4,387,34,30,30,9,25
frame=2,5,2364,44,35,20,13,18
frame=2,6,3245,0,24,20,10,17
frame=2,7,2464,22,26,22,13,20
frame=3,0,3673,0,40,17,31,13
frame=3,1,165,37,38,27,25,21
frame=3,2,239,36,18,28,8,24
frame=3,3,1039,0,37,25,12,19
frame=3,4,1878,46,41,18,9,13
frame=3,5,3332,0,39,19,13,11
frame=3,6,2221,23,18,23,9,10
frame=3,7,2797,0,35,21,23,11

[ment]
frames=4
duration=90
type=play_once
frame=0,0,778,0,28,27,13,20
frame=0,1,292,36,35,27,19,20
frame=0,2,1877,0,32,23,15,18
frame=0,3,455,34,38,29,16,21
frame=0,4,882,27,29,26,13,20
frame=0,5,1325,0,37,24,15,18
frame=0,6,2562,44,32,20,14,17
frame=0,7,1397,0,35,24,19,19
frame=1,0,21,0,21,38,7,32
frame=1,1,109,0,23,37,7,30
frame=1,2,568,31,35,31,14,26
frame=1,3,359,0,31,34,14,27
frame=1,4,132,0,23,37,12,31
frame=1,5,493,32,27,32,14,31
frame=1,6,1420,24,35,24,14,27
frame=1,7,631,0,31,31,11,30
frame=2,0,665,31,26,31,16,26
frame=2,1,390,0,31,34,17,28
frame=2,2,537,0,24,32,10,28
frame=2,3,233,0,32,36,13,29
frame=2,4,357,34,30,30,9,25
frame=2,5,2329,44,35,20,13,18
frame=2,6,3243,20,24,20,10,17
frame=2,7,2445,0,26,22,13,20
frame=3,0,3660,18,40,17,31,13
frame=3,1,127,37,38,27,25,21
frame=3,2,221,36,18,28,8,24
frame=3,3,1012,25,37,25,12,19
frame=3,4,1837,46,41,18,9,13
frame=3,5,3312,20,39,19,13,11
frame=3,6,2213,0,18,23,9,10
frame=3,7,2804,43,35,21,23,11

[die]
frames=6
duration=120
type=play_once
frame=0,0,1238,25,27,25,10,19
frame=0,1,924,0,29,26,12,20
frame=0,2,2661,22,23,22,11,18
frame=0,3,30,38,30,26,15,20
frame=0,4,1210,25,28,25,15,20
frame=0,5,1664,0,30,24,15,19
frame=0,6,2667,0,23,22,10,19
frame=0,7,1180,25,30,25,12,20
frame=1,0,2357,22,28,22,9,17
frame=1,1,814,27,28,27,10,19
frame=1,2,855,0,20,27,10,19
frame=1,3,749,0,29,27,16,21
frame=1,4,1684,24,30,24,17,20
frame=1,5,2657,44,31,20,17,17
frame=1,6,3633,0,20,18,8,17
frame=1,7,3468,38,27,19,10,16
frame=2,0,1307,0,18,25,7,21
frame=2,1,992,26,20,26,10,22
frame=2,2,1290,25,21,25,10,21
frame=2,3,862,27,20,27,8,22
frame=2,4,875,0,20,27,9,23
frame=2,5,979,0,23,26,10,23
frame=2,6,3021,21,21,21,8,20
frame=2,7,2752,22,21,22,9,19
frame=3,0,2098,0,25,23,9,21
frame=3,1,2997,0,23,21,11,20
frame=3,2,3278,40,21,20,10,18
frame=3,3,2126,46,26,18,13,17
frame=3,4,2170,0,22,23,12,20
frame=3,5,834,0,21,27,8,22
frame=3,6,1285,0,22,25,8,21
frame=3,7,940,26,27,26,10,22
frame=4,0,2951,42,26,21,10,20
frame=4,1,1743,24,26,24,11,19
frame=4,2,3024,42,21,21,10,17
frame=4,3,3441,19,28,19,15,17
frame=4,4,2490,22,26,22,14,20
frame=4,5,1752,0,26,24,12,20
frame=4,6,2181,23,22,23,8,20
frame=4,7,2307,0,29,22,12,19
frame=5,0,2035,23,26,23,11,20
frame=5,1,967,26,25,26,11,20
frame=5,2,2192,0,21,23,10,18
frame=5,3,2364,0,28,22,14,19
frame=5,4,1769,24,25,24,13,22
frame=5,5,953,0,26,26,12,21
frame=5,6,2684,22,23,22,8,18
frame=5,7,2896,42,28,21,13,18

[melee]
frames=4
duration=60
type=play_once
frame=0,0,758,27,28,27,13,20
frame=0,1,257,36,35,27,19,20
frame=0,2,1860,23,32,23,15,18
frame=0,3,417,34,38,29,16,21
frame=0,4,60,38,29,26,13,20
frame=0,5,1311,25,37,24,15,18
frame=0,6,2530,44,32,20,14,17
frame=0,7,1362,0,35,24,19,19
frame=1,0,0,0,21,38,7,32
frame=1,1,63,0,23,37,7,30
frame=1,2,561,0,35,31,14,26
frame=1,3,297,0,31,34,14,27
frame=1,4,86,0,23,37,12,31
frame=1,5,483,0,27,32,14,31
frame=1,6,1385,24,35,24,14,27
frame=1,7,603,31,31,31,11,30
frame=2,0,662,0,26,31,16,26
frame=2,1,328,0,31,34,17,28
frame=2,2,520,32,24,32,10,28
frame=2,3,201,0,32,36,13,29
frame=2,4,327,34,30,30,9,25
frame=2,5,2294,44,35,20,13,18
frame=2,6,3230,40,24,20,10,17
frame=2,7,2438,22,26,22,13,20
frame=3,0,3641,36,40,17,31,13
frame=3,1,89,37,38,27,25,21
frame=3,2,203,36,18,28,8,24
frame=3,3,1002,0,37,25,12,19
frame=3,4,1796,46,41,18,9,13
frame=3,5,2255,45,39,19,13,11
frame=3,6,2203,23,18,23,9,10
frame=3,7,2793,22,35,21,23,11

[critdie]
frames=8
duration=120
type=play_once
frame=0,0,2828,21,31,21,13,13
frame=0,1,2465,44,33,20,19,12
frame=0,2,2016,46,29,18,16,9
frame=0,3,3412,38,29,19,16,12
frame=0,4,1985,46,31,18,18,14
frame=0,5,3351,19,32,19,13,13
frame=0,6,2944,21,27,21,11,14
frame=0,7,1724,0,28,24,12,14
frame=1,0,3586,0,23,19,10,12
frame=1,1,3469,19,27,19,15,11
frame=1,2,1620,48,26,16,14,9
frame=1,3,1311,49,26,15,16,10
frame=1,4,1337,49,24,15,13,11
frame=1,5,3700,17,25,17,10,12
frame=1,6,3713,0,25,17,11,12
frame=1,7,3155,40,26,20,10,13
frame=2,0,3547,19,24,19,10,12
frame=2,1,3512,0,25,19,14,11
frame=2,2,1646,48,25,16,14,9
frame=2,3,1511,48,28,16,16,10
frame=2,4,1671,48,25,16,14,11
frame=2,5,3571,38,25,18,11,12
frame=2,6,3811,0,24,16,10,12
frame=2,7,3101,40,28,20,12,13
frame=3,0,3562,0,24,19,10,12
frame=3,1,3521,38,25,19,14,11
frame=3,2,1696,48,25,16,14,9
frame=3,3,1361,48,30,16,16,10
frame=3,4,1721,48,25,16,14,11
frame=3,5,3522,19,25,19,11,12
frame=3,6,3708,34,25,17,11,12
frame=3,7,3371,0,30,19,14,12
frame=4,0,2152,46,26,18,10,11
frame=4,1,2045,46,27,18,14,10
frame=4,2,1746,48,25,16,14,9
frame=4,3,1391,48,30,16,16,10
frame=4,4,1539,48,27,16,16,11
frame=4,5,3486,0,26,19,12,12
frame=4,6,3725,17,25,17,11,12
frame=4,7,3352,38,30,19,14,12
frame=5,0,3571,19,24,19,10,12
frame=5,1,3537,0,25,19,14,11
frame=5,2,1771,48,25,16,14,9
frame=5,3,1421,48,30,16,16,10
frame=5,4,3786,0,25,16,14,11
frame=5,5,3546,38,25,19,11,12
frame=5,6,3738,0,25,17,11,12
frame=5,7,3382,38,30,19,14,12
frame=6,0,2178,46,26,18,10,11
frame=6,1,2072,46,27,18,14,10
frame=6,2,3779,34,25,16,14,9
frame=6,3,1451,48,30,16,16,10
frame=6,4,1566,48,27,16,16,11
frame=6,5,3495,38,26,19,12,12
frame=6,6,3733,34,25,17,11,12
frame=6,7,3383,19,30,19,14,12
frame=7,0,2204,46,26,18,10,11
frame=7,1,2099,46,27,18,14,10
frame=7,2,3792,16,25,16,14,9
frame=7,3,1481,48,30,16,16,10
frame=7,4,1593,48,27,16,16,11
frame=7,5,3496,19,26,19,12,12
frame=7,6,3750,17,25,17,11,12
frame=7,7,3401,0,30,19,14,12

[hit]
frames=2
duration=60
type=back_forth
frame=0,0,1232,0,27,25,10,19
frame=0,1,911,26,29,26,12,20
frame=0,2,2638,22,23,22,11,18
frame=0,3,0,38,30,26,15,20
frame=0,4,1204,0,28,25,15,20
frame=0,5,1634,0,30,24,15,19
frame=0,6,2644,0,23,22,10,19
frame=0,7,1174,0,30,25,12,20
frame=1,0,2336,0,28,22,9,17
frame=1,1,806,0,28,27,10,19
frame=1,2,842,27,20,27,10,19
frame=1,3,729,27,29,27,16,21
frame=1,4,1654,24,30,24,17,20
frame=1,5,2626,44,31,20,17,17
frame=1,6,3620,18,20,18,8,17
frame=1,7,3441,38,27,19,10,16

[block]
frames=2
duration=90
type=play_once
frame=0,0,2278,0,29,22,14,16
frame=0,1,2329,22,28,22,12,15
frame=0,2,2230,46,25,18,13,13
frame=0,3,2300,22,29,22,16,14
frame=0,4,2572,0,25,22,11,16
frame=0,5,1624,24,30,24,16,18
frame=0,6,1265,25,25,25,12,18
frame=0,7,1714,24,29,24,13,18
frame=1,0,2891,0,28,21,12,15
frame=1,1,3431,0,28,19,11,12
frame=1,2,3763,0,23,17,12,12
frame=1,3,3609,0,24,18,14,11
frame=1,4,3119,0,27,20,13,15
frame=1,5,2471,0,26,22,14,19
frame=1,6,2123,0,24,23,11,19
frame=1,7,2086,23,25,23,9,19
