
image=images/enemies/stealth.png

[stance]
frames=4
duration=8
type=back_forth
frame=0,0,53,402,50,43,18,38
frame=0,1,89,100,49,44,18,40
frame=0,2,138,100,31,51,12,41
frame=0,3,436,179,32,49,13,39
frame=0,4,169,130,48,42,29,38
frame=0,5,311,135,46,41,28,37
frame=0,6,293,359,32,46,14,37
frame=0,7,357,360,25,46,9,37
frame=1,0,321,49,49,43,18,38
frame=1,1,406,54,49,44,18,40
frame=1,2,118,349,31,52,12,41
frame=1,3,320,260,31,49,13,39
frame=1,4,268,92,49,42,29,38
frame=1,5,357,137,46,41,28,37
frame=1,6,325,360,32,46,14,37
frame=1,7,456,308,24,46,9,37
frame=2,0,221,47,50,43,18,38
frame=2,1,169,87,49,43,18,39
frame=2,2,344,309,31,51,12,41
frame=2,3,463,354,31,49,13,39
frame=2,4,406,98,49,41,29,37
frame=2,5,403,139,46,40,28,36
frame=2,6,237,356,31,45,14,36
frame=2,7,480,308,24,46,9,37
frame=3,0,317,92,49,43,18,38
frame=3,1,271,49,50,43,18,39
frame=3,2,382,355,30,51,11,41
frame=3,3,247,306,31,50,13,40
frame=3,4,218,90,50,41,29,37
frame=3,5,264,134,47,40,29,36
frame=3,6,223,401,31,44,14,35
frame=3,7,268,356,25,45,9,36

[hit]
frames=1
duration=0
type=play_once
active_frame=10
frame=0,0,53,402,50,43,18,38
frame=0,1,89,100,49,44,18,40
frame=0,2,138,100,31,51,12,41
frame=0,3,436,179,32,49,13,39
frame=0,4,169,130,48,42,29,38
frame=0,5,311,135,46,41,28,37
frame=0,6,293,359,32,46,14,37
frame=0,7,357,360,25,46,9,37

[run]
frames=8
duration=3
type=looped
active_frame=10
frame=0,0,181,401,42,44,15,40
frame=0,1,85,303,39,46,12,43
frame=0,2,185,306,28,52,10,45
frame=0,3,458,259,32,49,10,42
frame=0,4,455,86,49,42,24,39
frame=0,5,455,128,46,37,25,36
frame=0,6,238,215,28,39,12,35
frame=0,7,431,313,25,42,12,37
frame=1,0,169,172,46,42,15,39
frame=1,1,44,303,41,46,13,42
frame=1,2,412,355,26,51,10,44
frame=1,3,370,49,36,48,14,42
frame=1,4,169,47,52,40,27,38
frame=1,5,304,176,45,39,24,36
frame=1,6,395,406,26,38,10,35
frame=1,7,365,406,30,38,12,37
frame=2,0,462,44,47,42,15,38
frame=2,1,468,165,41,47,14,41
frame=2,2,438,355,25,51,10,43
frame=2,3,304,215,39,45,17,40
frame=2,4,49,56,53,40,28,37
frame=2,5,215,173,44,42,23,35
frame=2,6,281,405,25,40,9,34
frame=2,7,420,275,33,38,13,35
frame=3,0,462,0,47,44,15,40
frame=3,1,468,212,41,47,13,43
frame=3,2,197,254,26,52,10,44
frame=3,3,87,255,37,48,15,42
frame=3,4,0,402,53,43,28,39
frame=3,5,259,174,45,40,24,36
frame=3,6,421,406,26,37,10,35
frame=3,7,306,406,30,39,12,37
frame=4,0,181,401,42,44,15,40
frame=4,1,85,303,39,46,12,43
frame=4,2,185,306,28,52,10,45
frame=4,3,458,259,32,49,10,42
frame=4,4,455,86,49,42,24,39
frame=4,5,455,128,46,37,25,36
frame=4,6,238,215,28,39,12,35
frame=4,7,431,313,25,42,12,37
frame=5,0,103,402,35,43,15,39
frame=5,1,424,228,34,47,15,42
frame=5,2,90,349,28,53,10,44
frame=5,3,213,306,34,50,12,41
frame=5,4,349,178,44,42,19,38
frame=5,5,199,215,39,39,18,35
frame=5,6,463,403,27,42,12,35
frame=5,7,159,306,26,43,12,36
frame=6,0,266,214,38,42,18,38
frame=6,1,389,221,35,46,17,41
frame=6,2,223,254,28,52,10,43
frame=6,3,286,260,34,49,12,41
frame=6,4,124,151,45,43,20,38
frame=6,5,161,214,38,40,17,35
frame=6,6,185,358,26,43,11,34
frame=6,7,254,401,27,44,12,35
frame=7,0,124,306,35,43,15,39
frame=7,1,278,309,33,47,13,42
frame=7,2,375,303,28,52,10,44
frame=7,3,311,309,33,50,11,42
frame=7,4,393,179,43,42,18,38
frame=7,5,366,97,40,40,19,36
frame=7,6,403,313,28,42,12,35
frame=7,7,211,358,26,43,12,36

[swing]
frames=4
duration=3
type=play_once
active_frame=10
frame=0,0,217,131,47,42,21,37
frame=0,1,138,401,43,44,16,42
frame=0,2,88,149,36,51,14,45
frame=0,3,251,256,35,49,9,42
frame=0,4,102,59,53,41,22,37
frame=0,5,343,220,46,33,22,32
frame=0,6,385,267,35,35,16,30
frame=0,7,336,406,29,39,16,33
frame=1,0,350,0,56,49,39,43
frame=1,1,351,253,34,50,18,47
frame=1,2,87,200,36,55,17,49
frame=1,3,406,0,56,54,15,48
frame=1,4,234,0,59,47,15,44
frame=1,5,124,254,38,52,14,41
frame=1,6,149,349,36,52,13,40
frame=1,7,293,0,57,49,36,41
frame=2,0,39,200,48,52,31,47
frame=2,1,0,349,56,53,39,50
frame=2,2,0,215,39,67,23,60
frame=2,3,0,144,38,71,17,64
frame=2,4,111,0,58,59,15,56
frame=2,5,169,0,65,47,15,46
frame=2,6,44,252,43,51,7,45
frame=2,7,162,254,35,52,11,45
frame=3,0,123,200,38,54,19,48
frame=3,1,38,96,51,53,33,50
frame=3,2,0,282,44,67,28,60
frame=3,3,0,69,38,75,17,67
frame=3,4,0,0,49,69,16,65
frame=3,5,49,0,62,56,16,55
frame=3,6,38,149,50,51,8,46
frame=3,7,56,349,34,53,10,46
