
image=images/enemies/wyvern_air.png

[stance]
frames=8
duration=3
type=looped
frame=0,0,14232,0,45,75,12,60
frame=0,1,14491,73,65,73,22,61
frame=0,2,7993,81,80,69,34,61
frame=0,3,14554,0,65,73,30,61
frame=0,4,14182,0,50,75,20,60
frame=0,5,6454,82,65,68,30,59
frame=0,6,3404,88,80,62,34,58
frame=0,7,6519,82,65,68,22,59
frame=1,0,1373,0,52,97,17,79
frame=1,1,2356,0,97,91,42,75
frame=1,2,10002,78,106,72,44,64
frame=1,3,2453,0,97,91,38,75
frame=1,4,1318,0,55,97,21,79
frame=1,5,2160,0,98,91,38,73
frame=1,6,7801,81,106,69,44,64
frame=1,7,2550,0,97,91,42,73
frame=2,0,271,0,54,109,15,96
frame=2,1,325,0,89,108,33,96
frame=2,2,1425,0,99,96,37,87
frame=2,3,112,0,94,109,34,96
frame=2,4,206,0,65,109,23,96
frame=2,5,728,0,94,100,34,90
frame=2,6,7180,0,99,81,37,79
frame=2,7,822,0,89,100,33,90
frame=3,0,59,0,53,113,15,93
frame=3,1,414,0,106,107,45,91
frame=3,2,4727,0,114,84,50,76
frame=3,3,520,0,104,107,40,91
frame=3,4,0,0,59,114,21,93
frame=3,5,624,0,104,100,40,82
frame=3,6,7251,81,114,69,50,66
frame=3,7,1063,0,107,99,46,81
frame=4,0,4138,0,56,87,20,64
frame=4,1,7279,0,97,81,49,65
frame=4,2,9891,78,111,72,50,65
frame=4,3,7376,0,96,81,35,65
frame=4,4,4194,0,52,87,20,64
frame=4,5,4432,0,96,85,36,62
frame=4,6,7365,81,111,69,50,61
frame=4,7,4946,0,97,84,49,62
frame=5,0,11163,78,52,72,20,65
frame=5,1,14168,75,51,75,23,67
frame=5,2,14381,0,40,74,13,67
frame=5,3,14219,75,49,75,19,67
frame=5,4,14746,0,51,72,18,65
frame=5,5,14375,74,49,74,19,63
frame=5,6,14748,72,40,72,13,62
frame=5,7,14330,0,51,74,23,63
frame=6,0,14268,75,55,74,23,64
frame=6,1,14064,0,64,75,30,65
frame=6,2,14277,0,53,74,21,66
frame=6,3,14110,75,58,75,24,65
frame=6,4,14323,74,52,74,20,64
frame=6,5,12281,0,59,77,24,63
frame=6,6,11110,78,53,72,21,61
frame=6,7,11057,0,64,78,30,63
frame=7,0,11171,0,45,78,12,62
frame=7,1,13971,75,71,75,28,62
frame=7,2,8418,80,80,70,35,63
frame=7,3,13995,0,69,75,31,62
frame=7,4,11121,0,50,78,19,62
frame=7,5,12267,77,69,73,31,60
frame=7,6,3796,87,81,63,35,59
frame=7,7,12196,77,71,73,28,60

[run]
frames=8
duration=2
type=looped
frame=0,0,5738,0,78,83,25,61
frame=0,1,11466,77,88,73,35,56
frame=0,2,10108,78,105,72,47,57
frame=0,3,11554,77,87,73,40,56
frame=0,4,5816,0,77,83,37,61
frame=0,5,12813,76,87,74,40,59
frame=0,6,12517,76,105,74,47,64
frame=0,7,12900,76,87,74,35,59
frame=1,0,1977,0,77,92,24,70
frame=1,1,8111,0,97,80,48,66
frame=1,2,12404,76,113,74,50,56
frame=1,3,8208,0,95,80,34,66
frame=1,4,1898,0,79,92,41,70
frame=1,5,5139,0,95,84,34,63
frame=1,6,7026,82,114,64,50,55
frame=1,7,5043,0,96,84,47,63
frame=2,0,1612,0,80,96,37,75
frame=2,1,3354,0,102,88,57,76
frame=2,2,5965,0,113,82,49,65
frame=2,3,3456,0,92,88,28,76
frame=2,4,1524,0,88,96,35,75
frame=2,5,2962,0,92,90,28,64
frame=2,6,5350,83,113,67,49,51
frame=2,7,2860,0,102,90,57,64
frame=3,0,1242,0,76,98,35,75
frame=3,1,1790,0,108,92,58,79
frame=3,2,4609,0,118,84,54,69
frame=3,3,1692,0,98,94,34,80
frame=3,4,911,0,86,100,33,76
frame=3,5,2258,0,98,91,34,65
frame=3,6,4432,85,118,65,54,51
frame=3,7,2647,0,108,90,58,65
frame=4,0,997,0,66,100,25,75
frame=4,1,2755,0,105,90,49,72
frame=4,2,9773,78,118,72,54,57
frame=4,3,2054,0,106,91,42,72
frame=4,4,1170,0,72,99,32,75
frame=4,5,4326,0,106,85,42,64
frame=4,6,4314,86,118,64,54,54
frame=4,7,4841,0,105,84,49,63
frame=5,0,6792,82,79,65,27,54
frame=5,1,13621,76,65,74,20,55
frame=5,2,14128,0,54,75,23,57
frame=5,3,13549,76,72,74,38,55
frame=5,4,6871,82,79,65,37,54
frame=5,5,12124,77,72,73,38,66
frame=5,6,7042,0,54,82,23,71
frame=5,7,14556,73,65,73,20,66
frame=6,0,4949,84,79,66,27,52
frame=6,1,14042,75,68,75,19,55
frame=6,2,14421,0,67,73,29,57
frame=6,3,13474,76,75,74,41,55
frame=6,4,5028,84,76,66,35,52
frame=6,5,9196,79,75,71,41,64
frame=6,6,8793,0,68,80,30,69
frame=6,7,9488,79,67,71,19,64
frame=7,0,11826,0,79,77,26,56
frame=7,1,13073,76,82,74,29,55
frame=7,2,10419,78,99,72,45,57
frame=7,3,13155,76,82,74,42,55
frame=7,4,12061,0,76,77,36,56
frame=7,5,13237,76,82,74,42,61
frame=7,6,12543,0,99,76,45,66
frame=7,7,11728,77,82,73,29,61

[shoot]
frames=8
duration=3
type=play_once
frame=0,0,9629,79,73,69,19,54
frame=0,1,14619,0,65,73,22,58
frame=0,2,12213,0,68,77,31,60
frame=0,3,14684,0,62,73,32,58
frame=0,4,9555,79,74,69,40,54
frame=0,5,6649,82,62,68,32,58
frame=0,6,8795,80,67,70,30,63
frame=0,7,6584,82,65,68,22,58
frame=1,0,6304,82,75,68,20,53
frame=1,1,14621,73,65,73,22,58
frame=1,2,13555,0,68,76,31,59
frame=1,3,14686,73,62,73,32,58
frame=1,4,6379,82,75,68,40,53
frame=1,5,14797,0,62,69,32,58
frame=1,6,9420,79,68,71,31,64
frame=1,7,14788,72,65,69,22,58
frame=2,0,6149,82,78,68,22,51
frame=2,1,12336,77,68,73,24,56
frame=2,2,13482,0,73,76,34,58
frame=2,3,14424,73,67,73,35,56
frame=2,4,6227,82,77,68,41,51
frame=2,5,8862,80,67,70,35,58
frame=2,6,11037,78,73,72,34,64
frame=2,7,8727,80,68,70,24,58
frame=3,0,8498,80,80,70,24,49
frame=3,1,9346,79,74,71,25,52
frame=3,2,10614,78,94,72,44,54
frame=3,3,9271,79,75,71,41,52
frame=3,4,9116,79,80,71,42,49
frame=3,5,8578,80,75,70,41,58
frame=3,6,12720,76,93,74,44,64
frame=3,7,8653,80,74,70,25,58
frame=4,0,3548,0,77,88,25,71
frame=4,1,10180,0,82,78,18,58
frame=4,2,5155,84,101,65,42,48
frame=4,3,9524,0,79,79,49,58
frame=4,4,3625,0,75,88,38,71
frame=4,5,7815,0,79,81,49,74
frame=4,6,13686,75,101,75,42,65
frame=4,7,6434,0,82,82,18,75
frame=5,0,3054,0,79,90,25,72
frame=5,1,8558,0,82,80,18,59
frame=5,2,5463,83,103,67,43,50
frame=5,3,8640,0,79,80,48,59
frame=5,4,3133,0,78,90,40,72
frame=5,5,6677,0,79,82,48,75
frame=5,6,12340,0,102,76,43,66
frame=5,7,6516,0,82,82,18,75
frame=6,0,3759,0,82,87,25,68
frame=6,1,10262,0,82,78,18,57
frame=6,2,8929,79,102,71,43,53
frame=6,3,10590,0,81,78,49,57
frame=6,4,3841,0,80,87,42,68
frame=6,5,10671,0,81,78,49,72
frame=6,6,13623,0,102,75,43,65
frame=6,7,10344,0,82,78,18,72
frame=7,0,4528,0,81,85,24,67
frame=7,1,10426,0,82,78,18,56
frame=7,2,10318,78,101,72,43,54
frame=7,3,10508,0,82,78,50,56
frame=7,4,4246,0,80,86,41,67
frame=7,5,11582,0,82,77,50,71
frame=7,6,12442,0,101,76,43,67
frame=7,7,11664,0,82,77,18,71

[cast]
frames=8
duration=3
type=play_once
frame=0,0,9629,79,73,69,19,54
frame=0,1,14619,0,65,73,22,58
frame=0,2,12213,0,68,77,31,60
frame=0,3,14684,0,62,73,32,58
frame=0,4,9555,79,74,69,40,54
frame=0,5,6649,82,62,68,32,58
frame=0,6,8795,80,67,70,30,63
frame=0,7,6584,82,65,68,22,58
frame=1,0,6304,82,75,68,20,53
frame=1,1,14621,73,65,73,22,58
frame=1,2,13555,0,68,76,31,59
frame=1,3,14686,73,62,73,32,58
frame=1,4,6379,82,75,68,40,53
frame=1,5,14797,0,62,69,32,58
frame=1,6,9420,79,68,71,31,64
frame=1,7,14788,72,65,69,22,58
frame=2,0,6149,82,78,68,22,51
frame=2,1,12336,77,68,73,24,56
frame=2,2,13482,0,73,76,34,58
frame=2,3,14424,73,67,73,35,56
frame=2,4,6227,82,77,68,41,51
frame=2,5,8862,80,67,70,35,58
frame=2,6,11037,78,73,72,34,64
frame=2,7,8727,80,68,70,24,58
frame=3,0,8498,80,80,70,24,49
frame=3,1,9346,79,74,71,25,52
frame=3,2,10614,78,94,72,44,54
frame=3,3,9271,79,75,71,41,52
frame=3,4,9116,79,80,71,42,49
frame=3,5,8578,80,75,70,41,58
frame=3,6,12720,76,93,74,44,64
frame=3,7,8653,80,74,70,25,58
frame=4,0,3548,0,77,88,25,71
frame=4,1,10180,0,82,78,18,58
frame=4,2,5155,84,101,65,42,48
frame=4,3,9524,0,79,79,49,58
frame=4,4,3625,0,75,88,38,71
frame=4,5,7815,0,79,81,49,74
frame=4,6,13686,75,101,75,42,65
frame=4,7,6434,0,82,82,18,75
frame=5,0,3054,0,79,90,25,72
frame=5,1,8558,0,82,80,18,59
frame=5,2,5463,83,103,67,43,50
frame=5,3,8640,0,79,80,48,59
frame=5,4,3133,0,78,90,40,72
frame=5,5,6677,0,79,82,48,75
frame=5,6,12340,0,102,76,43,66
frame=5,7,6516,0,82,82,18,75
frame=6,0,3759,0,82,87,25,68
frame=6,1,10262,0,82,78,18,57
frame=6,2,8929,79,102,71,43,53
frame=6,3,10590,0,81,78,49,57
frame=6,4,3841,0,80,87,42,68
frame=6,5,10671,0,81,78,49,72
frame=6,6,13623,0,102,75,43,65
frame=6,7,10344,0,82,78,18,72
frame=7,0,4528,0,81,85,24,67
frame=7,1,10426,0,82,78,18,56
frame=7,2,10318,78,101,72,43,54
frame=7,3,10508,0,82,78,50,56
frame=7,4,4246,0,80,86,41,67
frame=7,5,11582,0,82,77,50,71
frame=7,6,12442,0,101,76,43,67
frame=7,7,11664,0,82,77,18,71

[die]
frames=8
duration=4
type=play_once
frame=0,0,8719,0,74,80,25,58
frame=0,1,7907,81,86,69,34,51
frame=0,2,14859,0,106,64,48,49
frame=0,3,9031,79,85,71,40,53
frame=0,4,5893,0,72,83,35,61
frame=0,5,10708,78,86,72,40,57
frame=0,6,7693,81,108,69,48,59
frame=0,7,8251,80,86,70,34,55
frame=1,0,14488,0,66,73,23,53
frame=1,1,2115,91,82,59,32,44
frame=1,2,1352,97,101,53,45,39
frame=1,3,5743,83,78,67,36,50
frame=1,4,9680,0,64,79,32,57
frame=1,5,8337,80,81,70,38,55
frame=1,6,2706,90,104,60,47,50
frame=1,7,6711,82,81,65,33,51
frame=2,0,15030,0,56,64,21,49
frame=2,1,1680,96,68,53,26,42
frame=2,2,1038,100,85,47,34,35
frame=2,3,3339,89,65,61,26,47
frame=2,4,11215,78,52,72,26,53
frame=2,5,3553,88,68,62,31,48
frame=2,6,1517,96,87,53,41,42
frame=2,7,2047,92,68,57,30,46
frame=3,0,3943,87,59,63,22,46
frame=3,1,2387,91,63,56,24,41
frame=3,2,3080,90,86,44,38,30
frame=3,3,1973,92,74,57,34,42
frame=3,4,14853,69,55,69,30,51
frame=3,5,14965,0,65,64,32,49
frame=3,6,1265,98,87,52,39,41
frame=3,7,1604,96,76,53,32,43
frame=4,0,4002,87,56,63,23,43
frame=4,1,1919,92,54,58,20,38
frame=4,2,336,108,87,42,42,27
frame=4,3,1181,99,84,47,43,30
frame=4,4,4119,87,52,61,28,43
frame=4,5,4058,87,61,61,34,44
frame=4,6,821,100,87,48,38,36
frame=4,7,908,100,85,48,34,39
frame=5,0,2249,91,58,57,23,37
frame=5,1,2503,91,51,56,18,33
frame=5,2,80,113,84,37,41,23
frame=5,3,164,109,86,41,46,22
frame=5,4,2930,90,54,52,30,33
frame=5,5,2879,90,51,53,29,35
frame=5,6,470,107,84,41,39,29
frame=5,7,250,109,86,41,36,32
frame=6,0,2984,90,54,45,23,27
frame=6,1,993,100,45,48,17,26
frame=6,2,3264,90,75,32,35,17
frame=6,3,0,114,80,32,44,16
frame=6,4,607,107,54,39,30,20
frame=6,5,423,107,47,43,27,25
frame=6,6,4240,87,74,30,38,18
frame=6,7,4171,118,80,30,35,21
frame=7,0,554,107,53,40,23,24
frame=7,1,3038,90,42,45,17,24
frame=7,2,4171,87,69,31,31,15
frame=7,3,14974,64,75,29,41,16
frame=7,4,3211,90,53,37,29,18
frame=7,5,3166,90,45,39,25,21
frame=7,6,14974,93,68,26,37,14
frame=7,7,3264,122,75,25,34,16

[swing]
frames=8
duration=4
type=play_once
frame=0,0,12734,0,89,76,43,62
frame=0,1,9442,0,82,79,46,69
frame=0,2,6756,0,77,82,32,68
frame=0,3,9193,0,83,79,24,69
frame=0,4,12642,0,92,76,33,62
frame=0,5,13077,0,83,76,24,55
frame=0,6,10960,78,77,72,32,53
frame=0,7,13160,0,83,76,47,55
frame=1,0,9837,0,90,78,45,63
frame=1,1,8475,0,83,80,48,70
frame=1,2,6598,0,79,82,33,68
frame=1,3,9108,0,85,79,24,70
frame=1,4,9744,0,93,78,33,63
frame=1,5,11414,0,84,77,23,55
frame=1,6,11892,77,79,73,33,53
frame=1,7,11498,0,84,77,48,55
frame=2,0,6172,0,89,82,46,64
frame=2,1,5655,0,83,83,51,72
frame=2,2,5303,0,90,83,39,68
frame=2,3,7472,0,89,81,25,72
frame=2,4,6078,0,94,82,33,64
frame=2,5,8303,0,86,80,22,57
frame=2,6,13881,75,90,75,39,55
frame=2,7,9022,0,86,79,51,57
frame=3,0,3211,0,67,90,35,69
frame=3,1,5393,0,90,83,55,73
frame=3,2,11216,0,106,77,47,65
frame=3,3,7561,0,85,81,21,73
frame=3,4,3278,0,76,89,26,69
frame=3,5,6349,0,85,82,21,58
frame=3,6,10213,78,105,72,46,57
frame=3,7,6261,0,88,82,54,58
frame=4,0,9276,0,83,79,32,61
frame=4,1,5483,0,86,83,23,59
frame=4,2,11322,0,92,77,40,59
frame=4,3,5569,0,86,83,51,59
frame=4,4,10012,0,84,78,40,60
frame=4,5,11641,77,87,73,52,64
frame=4,6,13824,0,91,75,40,61
frame=4,7,12987,76,86,74,23,65
frame=5,0,8861,0,68,80,28,61
frame=5,1,6833,0,74,82,17,61
frame=5,2,12622,76,98,74,43,61
frame=5,3,7894,0,77,81,46,61
frame=5,4,8047,0,64,81,29,61
frame=5,5,12049,77,75,73,45,62
frame=5,6,11368,77,98,73,44,60
frame=5,7,8073,81,80,69,23,62
frame=6,0,7139,0,41,82,17,62
frame=6,1,11746,0,80,77,37,63
frame=6,2,5566,83,98,67,44,63
frame=6,3,11905,0,79,77,32,63
frame=6,4,7096,0,43,82,11,62
frame=6,5,13324,0,79,76,32,60
frame=6,6,4762,84,99,66,44,59
frame=6,7,13403,0,79,76,36,60
frame=7,0,9603,0,77,79,40,63
frame=7,1,13397,76,77,74,46,66
frame=7,2,9927,0,85,78,36,64
frame=7,3,10832,0,79,78,19,67
frame=7,4,9359,0,83,79,30,63
frame=7,5,10096,0,84,78,24,57
frame=7,6,10794,78,85,72,37,55
frame=7,7,10911,0,75,78,46,57

[critdie]
frames=8
duration=4
type=play_once
frame=0,0,8719,0,74,80,25,58
frame=0,1,7907,81,86,69,34,51
frame=0,2,14859,0,106,64,48,49
frame=0,3,9031,79,85,71,40,53
frame=0,4,5893,0,72,83,35,61
frame=0,5,10708,78,86,72,40,57
frame=0,6,7693,81,108,69,48,59
frame=0,7,8251,80,86,70,34,55
frame=1,0,14488,0,66,73,23,53
frame=1,1,2115,91,82,59,32,44
frame=1,2,1352,97,101,53,45,39
frame=1,3,5743,83,78,67,36,50
frame=1,4,9680,0,64,79,32,57
frame=1,5,8337,80,81,70,38,55
frame=1,6,2706,90,104,60,47,50
frame=1,7,6711,82,81,65,33,51
frame=2,0,15030,0,56,64,21,49
frame=2,1,1680,96,68,53,26,42
frame=2,2,1038,100,85,47,34,35
frame=2,3,3339,89,65,61,26,47
frame=2,4,11215,78,52,72,26,53
frame=2,5,3553,88,68,62,31,48
frame=2,6,1517,96,87,53,41,42
frame=2,7,2047,92,68,57,30,46
frame=3,0,3943,87,59,63,22,46
frame=3,1,2387,91,63,56,24,41
frame=3,2,3080,90,86,44,38,30
frame=3,3,1973,92,74,57,34,42
frame=3,4,14853,69,55,69,30,51
frame=3,5,14965,0,65,64,32,49
frame=3,6,1265,98,87,52,39,41
frame=3,7,1604,96,76,53,32,43
frame=4,0,4002,87,56,63,23,43
frame=4,1,1919,92,54,58,20,38
frame=4,2,336,108,87,42,42,27
frame=4,3,1181,99,84,47,43,30
frame=4,4,4119,87,52,61,28,43
frame=4,5,4058,87,61,61,34,44
frame=4,6,821,100,87,48,38,36
frame=4,7,908,100,85,48,34,39
frame=5,0,2249,91,58,57,23,37
frame=5,1,2503,91,51,56,18,33
frame=5,2,80,113,84,37,41,23
frame=5,3,164,109,86,41,46,22
frame=5,4,2930,90,54,52,30,33
frame=5,5,2879,90,51,53,29,35
frame=5,6,470,107,84,41,39,29
frame=5,7,250,109,86,41,36,32
frame=6,0,2984,90,54,45,23,27
frame=6,1,993,100,45,48,17,26
frame=6,2,3264,90,75,32,35,17
frame=6,3,0,114,80,32,44,16
frame=6,4,607,107,54,39,30,20
frame=6,5,423,107,47,43,27,25
frame=6,6,4240,87,74,30,38,18
frame=6,7,4171,118,80,30,35,21
frame=7,0,554,107,53,40,23,24
frame=7,1,3038,90,42,45,17,24
frame=7,2,4171,87,69,31,31,15
frame=7,3,14974,64,75,29,41,16
frame=7,4,3211,90,53,37,29,18
frame=7,5,3166,90,45,39,25,21
frame=7,6,14974,93,68,26,37,14
frame=7,7,3264,122,75,25,34,16

[hit]
frames=8
duration=2
type=play_once
frame=0,0,3921,0,74,87,22,67
frame=0,1,12823,0,85,76,37,61
frame=0,2,13725,0,99,75,43,60
frame=0,3,12993,0,84,76,35,61
frame=0,4,3995,0,74,87,37,67
frame=0,5,7731,0,84,81,35,64
frame=0,6,8153,80,98,70,43,62
frame=0,7,7646,0,85,81,37,64
frame=1,0,5234,0,69,84,22,62
frame=1,1,10518,78,96,72,44,57
frame=1,2,7476,81,109,69,48,56
frame=1,3,12908,0,85,76,36,59
frame=1,4,4069,0,69,87,32,64
frame=1,5,8929,0,93,79,39,62
frame=1,6,7585,81,108,69,50,61
frame=1,7,8389,0,86,80,37,60
frame=2,0,6981,0,61,82,20,59
frame=2,1,4662,84,100,66,47,51
frame=2,2,4550,85,112,65,50,54
frame=2,3,11984,0,77,77,35,58
frame=2,4,3700,0,59,88,26,64
frame=2,5,11267,77,101,73,43,60
frame=2,6,7140,82,111,64,51,57
frame=2,7,10752,0,80,78,30,56
frame=3,0,10986,0,71,78,24,55
frame=3,1,5952,83,92,65,42,48
frame=3,2,6044,82,105,68,47,50
frame=3,3,5664,83,79,67,38,48
frame=3,4,12137,0,76,77,39,54
frame=3,5,4861,84,88,66,40,52
frame=3,6,1748,94,104,56,49,47
frame=3,7,13319,76,78,74,30,54
frame=4,0,5104,84,51,66,23,49
frame=4,1,3484,88,69,62,25,45
frame=4,2,2307,91,80,56,35,44
frame=4,3,2810,90,69,60,35,43
frame=4,4,3686,88,57,62,23,43
frame=4,5,1852,92,67,58,36,45
frame=4,6,2554,91,78,55,39,45
frame=4,7,3877,87,66,63,26,50
frame=5,0,1123,99,58,51,24,41
frame=5,1,2450,91,53,56,20,44
frame=5,2,3743,88,53,62,20,48
frame=5,3,2197,91,52,59,26,47
frame=5,4,1453,96,64,54,29,43
frame=5,5,764,100,57,49,25,42
frame=5,6,661,100,53,50,24,40
frame=5,7,714,100,50,50,17,42
frame=6,0,9702,79,71,69,23,53
frame=6,1,5887,83,65,67,25,52
frame=6,2,11971,77,78,73,34,55
frame=6,3,5821,83,66,67,32,53
frame=6,4,6950,82,76,65,39,50
frame=6,5,3621,88,65,62,31,50
frame=6,6,2632,91,74,55,33,46
frame=6,7,14908,64,66,64,25,52
frame=7,0,6907,0,74,82,22,63
frame=7,1,11810,77,82,73,35,58
frame=7,2,13787,75,94,75,41,58
frame=7,3,10879,78,81,72,35,57
frame=7,4,7971,0,76,81,39,62
frame=7,5,13915,0,80,75,35,59
frame=7,6,5256,84,94,65,41,57
frame=7,7,13243,0,81,76,35,60

[block]
frames=2
duration=3
type=play_once
frame=0,0,14232,0,45,75,12,60
frame=0,1,14491,73,65,73,22,61
frame=0,2,7993,81,80,69,34,61
frame=0,3,14554,0,65,73,30,61
frame=0,4,14182,0,50,75,20,60
frame=0,5,6454,82,65,68,30,59
frame=0,6,3404,88,80,62,34,58
frame=0,7,6519,82,65,68,22,59
frame=1,0,1373,0,52,97,17,79
frame=1,1,2356,0,97,91,42,75
frame=1,2,10002,78,106,72,44,64
frame=1,3,2453,0,97,91,38,75
frame=1,4,1318,0,55,97,21,79
frame=1,5,2160,0,98,91,38,73
frame=1,6,7801,81,106,69,44,64
frame=1,7,2550,0,97,91,42,73
