
image=images/enemies/zombie.png

[stance]
frames=4
duration=1
type=back_forth
frame=0,0,102,4189,26,56,11,50
frame=0,1,95,4765,31,54,14,51
frame=0,2,92,5023,30,53,11,50
frame=0,3,29,5414,28,53,7,49
frame=0,4,0,5471,28,51,7,47
frame=0,5,78,5770,26,49,8,46
frame=0,6,57,5416,28,52,9,47
frame=0,7,0,5660,26,55,9,48
frame=1,0,102,4245,26,56,11,50
frame=1,1,63,4767,31,54,14,51
frame=1,2,61,5024,30,53,11,50
frame=1,3,0,5418,28,53,7,49
frame=1,4,56,5468,28,51,7,47
frame=1,5,52,5777,26,49,8,46
frame=1,6,28,5467,28,52,9,47
frame=1,7,81,5663,26,55,9,48
frame=2,0,103,991,25,55,11,50
frame=2,1,31,4789,31,54,14,51
frame=2,2,62,4970,30,54,11,51
frame=2,3,90,5263,29,53,7,49
frame=2,4,29,5334,29,51,7,47
frame=2,5,26,5784,26,49,8,46
frame=2,6,84,5468,28,51,9,46
frame=2,7,54,5670,26,55,9,48
frame=3,0,26,5875,25,55,11,50
frame=3,1,0,4792,31,54,14,51
frame=3,2,93,4968,30,55,11,51
frame=3,3,60,5266,29,53,6,49
frame=3,4,91,5076,30,51,7,47
frame=3,5,28,5570,27,48,8,45
frame=3,6,28,5519,28,51,9,46
frame=3,7,26,5678,26,55,9,48

[spawn]
frames=8
duration=4
type=play_once
frame=0,0,117,282,7,13,1,10
frame=0,1,117,235,9,12,4,9
frame=0,2,117,247,9,10,6,9
frame=0,3,117,295,7,10,5,10
frame=0,4,117,305,6,11,4,12
frame=0,5,117,316,6,11,2,12
frame=0,6,117,270,8,12,1,11
frame=0,7,117,257,8,13,0,11
frame=1,0,110,520,17,12,15,10
frame=1,1,113,3634,15,13,9,13
frame=1,2,113,3620,15,14,4,13
frame=1,3,110,469,18,12,0,10
frame=1,4,109,4060,19,7,2,4
frame=1,5,114,3569,14,9,4,3
frame=1,6,115,376,13,10,9,4
frame=1,7,111,3689,17,10,16,5
frame=2,0,107,669,21,18,15,15
frame=2,1,109,4020,19,20,10,16
frame=2,2,110,501,17,19,7,16
frame=2,3,104,5824,24,17,8,14
frame=2,4,107,687,21,16,6,12
frame=2,5,109,4040,19,20,8,12
frame=2,6,110,481,17,20,9,12
frame=2,7,104,5841,23,19,15,14
frame=3,0,104,5798,24,26,15,22
frame=3,1,108,532,20,29,11,24
frame=3,2,108,561,20,29,8,25
frame=3,3,76,5932,25,26,9,23
frame=3,4,27,5656,27,22,9,20
frame=3,5,107,647,21,22,7,17
frame=3,6,108,590,19,24,8,17
frame=3,7,106,769,22,24,11,19
frame=4,0,101,5902,25,29,16,25
frame=4,1,106,703,22,33,13,29
frame=4,2,107,614,21,33,8,30
frame=4,3,52,5868,26,29,8,28
frame=4,4,29,5385,29,29,7,24
frame=4,5,104,905,24,29,6,20
frame=4,6,105,847,23,27,11,19
frame=4,7,56,5566,28,27,18,21
frame=5,0,25,5930,25,32,15,27
frame=5,1,106,736,22,33,11,30
frame=5,2,54,5633,27,37,12,32
frame=5,3,78,5867,26,35,8,30
frame=5,4,0,4983,31,30,9,26
frame=5,5,84,5555,28,30,10,23
frame=5,6,104,5770,24,28,11,21
frame=5,7,101,5931,25,27,15,23
frame=6,0,84,5519,28,36,13,31
frame=6,1,30,5243,30,38,13,34
frame=6,2,0,5867,26,42,11,35
frame=6,3,0,4436,33,41,15,33
frame=6,4,36,4065,36,34,14,30
frame=6,5,0,4193,34,32,16,27
frame=6,6,104,874,24,31,10,26
frame=6,7,0,4948,31,35,13,28
frame=7,0,0,4387,33,49,14,44
frame=7,1,66,4406,33,49,16,46
frame=7,2,0,5262,29,54,10,47
frame=7,3,94,1890,34,53,12,45
frame=7,4,82,2979,41,46,17,42
frame=7,5,0,4014,36,41,16,39
frame=7,6,87,5369,29,46,12,39
frame=7,7,0,5369,29,49,12,41

[run]
frames=8
duration=3
type=looped
frame=0,0,0,2800,43,54,25,48
frame=0,1,0,3855,37,55,21,51
frame=0,2,34,4211,33,57,13,52
frame=0,3,0,3138,40,56,9,50
frame=0,4,49,1275,49,51,15,47
frame=0,5,0,2663,44,45,14,45
frame=0,6,60,5128,30,48,11,44
frame=0,7,0,3910,37,53,22,46
frame=1,0,90,2487,38,55,26,48
frame=1,1,37,3735,37,58,22,51
frame=1,2,0,4225,33,56,13,51
frame=1,3,47,1807,47,53,16,50
frame=1,4,0,1841,47,52,11,47
frame=1,5,78,3427,39,49,7,44
frame=1,6,30,5196,30,47,11,44
frame=1,7,38,3619,38,50,22,46
frame=2,0,0,2343,45,54,26,48
frame=2,1,74,3748,37,58,22,50
frame=2,2,0,4735,31,57,11,50
frame=2,3,0,1280,49,51,18,49
frame=2,4,0,514,54,50,17,46
frame=2,5,0,3608,38,52,7,44
frame=2,6,93,4871,31,50,12,43
frame=2,7,41,2975,41,48,22,45
frame=3,0,0,2092,46,54,25,49
frame=3,1,90,2314,38,59,22,51
frame=3,2,32,4525,32,57,12,51
frame=3,3,0,1094,50,50,20,49
frame=3,4,0,744,53,51,19,47
frame=3,5,76,3569,38,51,7,44
frame=3,6,62,4873,31,50,11,44
frame=3,7,44,2653,44,48,22,46
frame=4,0,42,2920,41,55,25,49
frame=4,1,37,3793,37,58,22,51
frame=4,2,67,4249,33,56,13,52
frame=4,3,48,1525,48,54,17,50
frame=4,4,47,1860,47,52,13,47
frame=4,5,39,3430,39,49,7,45
frame=4,6,31,4945,31,45,11,44
frame=4,7,0,2982,41,47,22,46
frame=5,0,40,3145,40,54,25,48
frame=5,1,74,3862,37,54,23,50
frame=5,2,97,4522,31,58,12,51
frame=5,3,81,3136,40,56,9,49
frame=5,4,0,1579,48,52,14,47
frame=5,5,46,2144,46,45,14,44
frame=5,6,30,5148,30,48,10,44
frame=5,7,37,3961,37,51,22,45
frame=6,0,0,2929,41,53,25,47
frame=6,1,74,3916,37,53,22,50
frame=6,2,95,4709,31,56,12,50
frame=6,3,90,2431,38,56,8,49
frame=6,4,49,1326,49,51,15,46
frame=6,5,45,2490,45,46,14,44
frame=6,6,60,5077,30,51,10,43
frame=6,7,37,3907,37,54,22,45
frame=7,0,43,2828,43,53,23,47
frame=7,1,40,3199,40,53,22,50
frame=7,2,64,4709,31,58,12,51
frame=7,3,0,3301,39,56,10,49
frame=7,4,50,1104,50,50,18,46
frame=7,5,46,2098,46,46,16,44
frame=7,6,90,5127,30,50,10,43
frame=7,7,37,4012,36,53,21,44

[ranged]
frames=4
duration=3
type=play_once
frame=0,0,0,2448,45,47,28,42
frame=0,1,78,3375,39,52,23,48
frame=0,2,99,4412,29,56,11,49
frame=0,3,80,3192,40,54,10,47
frame=0,4,52,873,52,44,16,40
frame=0,5,45,2536,45,36,15,34
frame=0,6,55,5593,27,40,10,33
frame=0,7,66,4455,33,43,22,35
frame=1,0,86,2801,42,49,25,44
frame=1,1,94,1837,34,53,19,49
frame=1,2,0,4477,32,58,11,51
frame=1,3,0,3553,38,55,9,48
frame=1,4,0,1380,49,47,15,42
frame=1,5,42,2881,42,39,14,37
frame=1,6,60,5224,30,42,12,35
frame=1,7,62,4923,31,47,20,38
frame=2,0,0,3409,39,50,24,45
frame=2,1,96,4580,32,53,19,49
frame=2,2,65,4498,32,58,11,51
frame=2,3,37,3851,37,56,8,50
frame=2,4,48,1629,48,50,14,45
frame=2,5,40,3252,40,44,13,41
frame=2,6,0,5170,30,48,12,40
frame=2,7,0,4898,31,50,20,41
frame=3,0,74,3969,37,51,21,46
frame=3,1,31,4843,31,52,17,48
frame=3,2,64,4556,32,56,11,49
frame=3,3,92,2196,36,56,9,49
frame=3,4,0,2397,45,51,15,47
frame=3,5,39,3479,39,47,14,45
frame=3,6,0,5119,30,51,12,44
frame=3,7,0,4846,31,52,18,44

[ment]
frames=4
duration=3
type=play_once
frame=0,0,45,2443,45,47,28,42
frame=0,1,0,3357,39,52,23,48
frame=0,2,99,4356,29,56,11,49
frame=0,3,0,3194,40,54,10,47
frame=0,4,0,865,52,44,16,40
frame=0,5,0,2532,45,36,15,34
frame=0,6,84,5585,27,40,10,33
frame=0,7,33,4424,33,43,22,35
frame=1,0,86,2752,42,49,25,44
frame=1,1,94,1784,34,53,19,49
frame=1,2,96,1654,32,58,11,51
frame=1,3,90,2542,38,55,9,48
frame=1,4,49,1377,49,47,15,42
frame=1,5,0,2854,42,39,14,37
frame=1,6,90,5221,30,42,12,35
frame=1,7,93,4921,31,47,20,38
frame=2,0,39,3380,39,50,24,45
frame=2,1,0,4591,32,53,19,49
frame=2,2,33,4467,32,58,11,51
frame=2,3,74,3806,37,56,8,50
frame=2,4,48,1579,48,50,14,45
frame=2,5,80,3246,40,44,13,41
frame=2,6,60,5176,30,48,12,40
frame=2,7,31,4895,31,50,20,41
frame=3,0,0,3963,37,51,21,46
frame=3,1,94,4819,31,52,17,48
frame=3,2,0,4535,32,56,11,49
frame=3,3,92,2140,36,56,9,49
frame=3,4,45,2392,45,51,15,47
frame=3,5,78,3476,39,47,14,45
frame=3,6,30,5097,30,51,12,44
frame=3,7,62,4821,31,52,18,44

[die]
frames=6
duration=2
type=play_once
frame=0,0,52,5725,26,52,15,47
frame=0,1,0,4336,33,51,18,50
frame=0,2,0,5013,30,54,11,51
frame=0,3,89,5316,29,53,5,49
frame=0,4,33,4374,33,50,6,45
frame=0,5,90,5177,30,44,8,41
frame=0,6,0,5569,28,47,9,40
frame=0,7,0,5768,26,51,12,42
frame=1,0,64,4664,32,45,20,40
frame=1,1,78,5819,26,48,15,45
frame=1,2,58,5319,29,53,11,47
frame=1,3,0,4644,32,50,7,44
frame=1,4,0,3029,41,44,11,39
frame=1,5,73,4020,36,37,12,35
frame=1,6,82,5625,27,38,10,33
frame=1,7,26,5833,26,42,15,35
frame=2,0,39,3526,39,39,21,33
frame=2,1,32,4686,32,45,16,39
frame=2,2,56,5519,28,47,12,41
frame=2,3,78,3523,39,46,14,38
frame=2,4,0,2495,45,37,16,33
frame=2,5,40,3296,40,31,16,30
frame=2,6,76,5902,25,30,9,28
frame=2,7,96,4678,32,31,16,29
frame=3,0,80,3290,40,32,22,26
frame=3,1,71,4121,35,41,16,32
frame=3,2,0,5616,27,44,12,35
frame=3,3,86,2850,42,40,18,31
frame=3,4,46,2189,46,32,18,27
frame=3,5,82,3025,41,28,19,23
frame=3,6,50,5934,25,25,11,21
frame=3,7,71,4162,35,27,17,23
frame=4,0,55,497,55,25,26,17
frame=4,1,0,2146,46,37,18,23
frame=4,2,35,4171,34,40,17,26
frame=4,3,0,564,54,35,30,22
frame=4,4,58,331,58,24,29,17
frame=4,5,0,1942,47,31,26,21
frame=4,6,72,4091,36,30,17,21
frame=4,7,53,749,53,25,22,19
frame=5,0,58,355,58,21,28,11
frame=5,1,0,2568,45,32,19,17
frame=5,2,0,4092,36,33,20,19
frame=5,3,55,469,55,28,29,15
frame=5,4,0,404,57,23,28,16
frame=5,5,0,2183,46,33,26,21
frame=5,6,73,4057,36,34,15,20
frame=5,7,54,569,54,27,25,18

[melee]
frames=4
duration=4
type=play_once
frame=0,0,37,3669,37,66,16,61
frame=0,1,47,1746,47,61,18,58
frame=0,2,0,1783,47,58,16,53
frame=0,3,90,2373,38,58,14,53
frame=0,4,98,1232,30,61,11,56
frame=0,5,74,3689,37,59,14,57
frame=0,6,0,2600,44,63,16,55
frame=0,7,76,3620,37,69,10,60
frame=1,0,101,1046,27,64,15,59
frame=1,1,0,3733,37,64,19,61
frame=1,2,0,1719,47,64,17,58
frame=1,3,0,3073,40,65,7,59
frame=1,4,89,2597,39,62,12,58
frame=1,5,45,2337,45,55,12,52
frame=1,6,0,2037,46,55,15,47
frame=1,7,90,2252,38,62,19,53
frame=2,0,0,1893,47,49,30,44
frame=2,1,0,3248,40,53,26,49
frame=2,2,32,4731,31,58,11,51
frame=2,3,46,2043,46,55,9,48
frame=2,4,54,522,54,47,15,43
frame=2,5,47,1912,47,40,14,38
frame=2,6,58,5372,29,44,11,37
frame=2,7,0,3459,39,47,28,39
frame=3,0,44,2701,44,45,26,40
frame=3,1,66,4305,33,51,17,47
frame=3,2,100,1176,28,56,11,49
frame=3,3,80,3322,39,53,10,46
frame=3,4,0,909,52,43,17,39
frame=3,5,0,2893,42,36,15,32
frame=3,6,51,5897,25,37,9,30
frame=3,7,0,4694,32,41,21,33

[critdie]
frames=8
duration=3
type=play_once
frame=0,0,98,1407,30,56,11,50
frame=0,1,94,1943,34,52,15,49
frame=0,2,0,5067,30,52,11,49
frame=0,3,0,5715,26,53,9,49
frame=0,4,105,793,23,54,7,49
frame=0,5,0,5909,25,53,8,50
frame=0,6,100,4301,28,55,9,50
frame=0,7,103,934,25,57,7,50
frame=1,0,0,3660,37,73,12,69
frame=1,1,36,4099,35,72,14,70
frame=1,2,94,1712,34,72,9,69
frame=1,3,92,2069,36,71,9,67
frame=1,4,0,4125,35,68,9,64
frame=1,5,100,1110,28,66,7,63
frame=1,6,97,1463,31,71,9,65
frame=1,7,93,1995,35,74,10,67
frame=2,0,0,2708,43,92,14,87
frame=2,1,88,2659,40,93,13,88
frame=2,2,47,1952,46,91,11,86
frame=2,3,51,1017,50,87,14,81
frame=2,4,45,2572,44,81,12,77
frame=2,5,41,3067,40,78,13,76
frame=2,6,82,3053,40,83,11,79
frame=2,7,45,2251,45,86,13,83
frame=3,0,49,1424,48,101,18,96
frame=3,1,0,1973,46,64,16,59
frame=3,2,53,774,52,99,12,95
frame=3,3,0,230,59,95,16,89
frame=3,4,0,1631,47,88,11,84
frame=3,5,84,2890,41,89,12,83
frame=3,6,0,2248,45,95,15,86
frame=3,7,52,917,51,100,17,92
frame=4,0,54,596,53,101,21,94
frame=4,1,0,1179,49,101,19,96
frame=4,2,58,376,57,93,14,91
frame=4,3,0,70,65,88,19,84
frame=4,4,0,599,53,82,15,77
frame=4,5,43,2746,43,82,11,75
frame=4,6,0,1427,48,90,18,80
frame=4,7,59,235,58,96,22,87
frame=5,0,0,952,51,88,19,80
frame=5,1,49,1188,49,87,23,81
frame=5,2,68,0,60,77,17,76
frame=5,3,0,0,68,70,23,66
frame=5,4,0,681,53,63,18,58
frame=5,5,47,1679,47,67,13,60
frame=5,6,0,795,52,70,23,62
frame=5,7,65,129,62,78,26,71
frame=6,0,0,1517,48,62,18,53
frame=6,1,0,453,55,61,29,55
frame=6,2,0,325,58,53,23,50
frame=6,3,0,158,64,44,25,40
frame=6,4,0,1331,49,49,21,43
frame=6,5,0,1040,50,54,15,47
frame=6,6,53,697,53,52,23,45
frame=6,7,65,77,63,52,28,45
frame=7,0,0,2216,46,32,22,19
frame=7,1,0,1144,50,35,34,21
frame=7,2,0,378,57,26,27,15
frame=7,3,0,202,62,28,30,21
frame=7,4,46,2221,46,30,23,17
frame=7,5,50,1154,50,34,15,20
frame=7,6,0,427,56,26,28,16
frame=7,7,62,207,62,28,30,12

[hit]
frames=2
duration=2
type=play_once
frame=0,0,80,5718,26,52,15,47
frame=0,1,33,4323,33,51,18,50
frame=0,2,31,4990,30,54,11,51
frame=0,3,29,5281,29,53,5,49
frame=0,4,66,4356,33,50,6,45
frame=0,5,0,5218,30,44,8,41
frame=0,6,0,5522,28,47,9,40
frame=0,7,26,5733,26,51,12,42
frame=1,0,96,4633,32,45,20,40
frame=1,1,0,5819,26,48,15,45
frame=1,2,0,5316,29,53,11,47
frame=1,3,32,4636,32,50,7,44
frame=1,4,41,3023,41,44,11,39
frame=1,5,0,4055,36,37,12,35
frame=1,6,27,5618,27,38,10,33
frame=1,7,52,5826,26,42,15,35

[block]
frames=2
duration=3
type=play_once
frame=0,0,87,5415,28,53,16,48
frame=0,1,32,4582,32,54,17,50
frame=0,2,96,1595,32,59,13,54
frame=0,3,98,1293,30,58,7,53
frame=0,4,38,3565,38,54,11,50
frame=0,5,0,3506,39,47,11,45
frame=0,6,64,4612,32,52,9,45
frame=0,7,99,4468,29,54,14,46
frame=1,0,30,5044,30,53,13,48
frame=1,1,33,4268,33,55,16,51
frame=1,2,69,4189,33,60,13,53
frame=1,3,96,1534,32,61,9,54
frame=1,4,0,3797,37,58,16,53
frame=1,5,39,3327,39,53,14,51
frame=1,6,0,4281,33,55,9,49
frame=1,7,98,1351,30,56,12,48
