
image=images/avatar/male/chain_boots.png

[stance]
frames=4
duration=6
type=back_forth
frame=0,0,0,391,18,10,7,7
frame=0,1,0,703,17,10,8,8
frame=0,2,17,771,11,13,5,9
frame=0,3,18,356,10,13,5,9
frame=0,4,0,626,17,11,9,8
frame=0,5,0,780,17,8,9,7
frame=0,6,18,594,10,10,5,6
frame=0,7,19,270,9,12,3,8
frame=1,0,0,401,18,10,8,7
frame=1,1,0,411,18,10,8,8
frame=1,2,17,784,11,13,5,9
frame=1,3,18,369,10,13,5,9
frame=1,4,0,314,18,11,9,8
frame=1,5,0,788,17,8,9,7
frame=1,6,18,604,10,10,5,6
frame=1,7,18,1301,9,11,3,7
frame=2,0,0,531,18,9,8,7
frame=2,1,0,421,18,10,8,8
frame=2,2,17,659,11,14,5,10
frame=2,3,18,382,10,13,5,8
frame=2,4,0,325,18,11,9,8
frame=2,5,0,796,17,8,9,6
frame=2,6,0,1271,10,10,5,6
frame=2,7,9,1305,9,11,3,7
frame=3,0,0,431,18,10,8,7
frame=3,1,0,713,17,10,8,8
frame=3,2,17,797,11,13,5,9
frame=3,3,18,395,10,13,5,8
frame=3,4,0,336,18,11,9,8
frame=3,5,0,804,17,8,9,7
frame=3,6,10,1273,10,10,5,6
frame=3,7,0,1315,9,11,3,7

[run]
frames=8
duration=2
type=looped
frame=0,0,16,899,12,14,-1,12
frame=0,1,16,967,12,12,1,9
frame=0,2,18,1312,9,11,3,8
frame=0,3,9,1316,9,10,6,8
frame=0,4,16,991,12,10,10,11
frame=0,5,16,941,12,13,9,14
frame=0,6,20,87,8,15,3,16
frame=0,7,18,282,10,15,0,15
frame=1,0,0,1178,15,8,1,8
frame=1,1,18,434,10,12,0,8
frame=1,2,0,1385,7,12,2,7
frame=1,3,0,1210,14,10,10,7
frame=1,4,0,916,16,10,12,9
frame=1,5,0,1241,11,10,9,11
frame=1,6,14,1392,7,8,3,10
frame=1,7,14,1225,14,8,2,10
frame=2,0,0,12,25,8,7,9
frame=2,1,0,870,16,13,4,9
frame=2,2,20,102,8,14,3,9
frame=2,3,0,67,20,10,12,8
frame=2,4,0,20,23,12,15,11
frame=2,5,0,1100,15,18,10,15
frame=2,6,20,1273,8,14,3,11
frame=2,7,0,40,22,16,7,14
frame=3,0,0,77,20,10,4,11
frame=3,1,15,1101,13,11,2,8
frame=3,2,0,1365,8,11,3,8
frame=3,3,0,1016,16,9,11,8
frame=3,4,0,287,18,14,14,13
frame=3,5,16,862,12,19,9,16
frame=3,6,19,116,9,17,3,15
frame=3,7,0,271,18,16,4,15
frame=4,0,16,1001,12,10,-1,11
frame=4,1,0,1281,10,10,1,8
frame=4,2,16,1374,8,11,3,8
frame=4,3,16,979,12,12,9,9
frame=4,4,16,913,12,14,10,12
frame=4,5,19,133,9,15,6,15
frame=4,6,19,148,9,15,3,16
frame=4,7,16,954,12,13,1,14
frame=5,0,0,926,16,10,2,9
frame=5,1,14,1215,14,10,2,7
frame=5,2,8,1326,8,13,3,8
frame=5,3,16,1077,11,12,8,8
frame=5,4,0,1025,16,9,12,8
frame=5,5,0,1186,15,8,10,10
frame=5,6,0,1376,8,9,3,11
frame=5,7,18,506,10,11,0,11
frame=6,0,0,0,25,12,7,11
frame=6,1,0,56,21,11,7,8
frame=6,2,20,1287,8,14,3,8
frame=6,3,0,1133,15,13,10,9
frame=6,4,0,32,23,8,15,9
frame=6,5,0,104,19,16,12,14
frame=6,6,18,1323,8,14,3,11
frame=6,7,0,852,16,18,4,15
frame=7,0,0,301,18,13,3,12
frame=7,1,0,723,17,10,3,8
frame=7,2,8,1376,8,11,3,7
frame=7,3,11,1244,11,10,8,7
frame=7,4,0,733,17,10,13,10
frame=7,5,0,1118,15,15,11,14
frame=7,6,20,69,8,18,3,16
frame=7,7,16,881,12,18,1,16

[shoot]
frames=4
duration=3
type=play_once
frame=0,0,0,936,16,10,6,8
frame=0,1,0,946,16,10,7,8
frame=0,2,16,1089,11,12,5,9
frame=0,3,19,192,9,13,5,9
frame=0,4,0,956,16,10,9,8
frame=0,5,0,1061,16,8,8,7
frame=0,6,15,1193,11,11,5,7
frame=0,7,16,1350,8,12,2,8
frame=1,0,0,1146,15,11,6,8
frame=1,1,0,966,16,10,7,8
frame=1,2,17,810,11,13,5,9
frame=1,3,0,1291,9,12,5,8
frame=1,4,0,1168,15,10,9,8
frame=1,5,0,1194,15,8,8,7
frame=1,6,18,517,10,11,5,8
frame=1,7,7,1387,7,12,2,9
frame=2,0,0,1157,15,11,6,9
frame=2,1,0,1034,16,9,7,8
frame=2,2,15,1133,11,12,5,9
frame=2,3,9,1293,9,12,4,8
frame=2,4,0,976,16,10,9,8
frame=2,5,0,1202,15,8,8,7
frame=2,6,15,1204,11,11,5,8
frame=2,7,8,1352,8,12,2,9
frame=3,0,0,883,16,11,6,8
frame=3,1,0,1043,16,9,7,8
frame=3,2,15,1145,11,12,5,9
frame=3,3,19,205,9,13,5,9
frame=3,4,0,986,16,10,9,8
frame=3,5,0,1069,16,8,8,7
frame=3,6,18,528,10,11,5,7
frame=3,7,0,1353,8,12,2,8

[cast]
frames=4
duration=3
type=play_once
frame=0,0,0,637,17,11,8,8
frame=0,1,0,441,18,10,9,8
frame=0,2,17,823,11,13,5,9
frame=0,3,19,218,9,13,4,9
frame=0,4,0,648,17,11,8,8
frame=0,5,0,812,17,8,8,6
frame=0,6,0,1230,11,11,5,7
frame=0,7,16,1362,8,12,3,8
frame=1,0,0,894,16,11,8,9
frame=1,1,0,753,17,9,8,8
frame=1,2,17,836,11,13,5,9
frame=1,3,19,231,9,13,4,9
frame=1,4,0,996,16,10,8,8
frame=1,5,0,1052,16,9,8,7
frame=1,6,18,539,10,11,5,7
frame=1,7,8,1364,8,12,3,8
frame=2,0,0,659,17,11,8,9
frame=2,1,0,743,17,10,8,8
frame=2,2,17,849,11,13,5,9
frame=2,3,16,1337,8,13,4,9
frame=2,4,0,1006,16,10,8,8
frame=2,5,0,1077,16,8,8,7
frame=2,6,15,1157,11,12,5,8
frame=2,7,8,1339,8,13,3,9
frame=3,0,0,670,17,11,8,9
frame=3,1,0,762,17,9,8,8
frame=3,2,16,1051,11,13,5,9
frame=3,3,19,244,9,13,4,9
frame=3,4,0,905,16,11,8,8
frame=3,5,0,820,17,8,8,7
frame=3,6,11,1233,11,11,5,7
frame=3,7,0,1340,8,13,3,9

[die]
frames=6
duration=4
type=play_once
frame=0,0,0,175,19,10,7,7
frame=0,1,0,205,19,9,7,8
frame=0,2,19,178,9,14,3,9
frame=0,3,18,408,10,13,4,8
frame=0,4,0,681,17,11,10,8
frame=0,5,0,540,18,9,10,6
frame=0,6,18,446,10,12,6,8
frame=0,7,0,1303,9,12,4,8
frame=1,0,0,549,18,9,7,7
frame=1,1,0,185,19,10,8,9
frame=1,2,17,673,11,14,4,10
frame=1,3,0,1326,8,14,3,9
frame=1,4,0,692,17,11,9,8
frame=1,5,0,567,18,8,10,6
frame=1,6,15,1169,11,12,6,8
frame=1,7,21,56,7,13,3,9
frame=2,0,0,214,19,9,6,7
frame=2,1,0,347,18,11,6,8
frame=2,2,18,297,10,15,3,9
frame=2,3,16,927,12,14,6,8
frame=2,4,0,232,19,8,12,6
frame=2,5,0,558,18,9,11,7
frame=2,6,19,257,9,13,5,9
frame=2,7,16,1064,11,13,4,9
frame=3,0,0,223,19,9,6,7
frame=3,1,0,614,17,12,5,8
frame=3,2,19,163,9,15,3,9
frame=3,3,15,1112,13,11,7,5
frame=3,4,0,87,20,9,12,7
frame=3,5,0,240,19,8,12,6
frame=3,6,16,1385,8,7,3,4
frame=3,7,15,1181,11,12,4,9
frame=4,0,0,264,19,7,4,2
frame=4,1,0,828,17,8,7,1
frame=4,2,16,1011,12,10,10,3
frame=4,3,11,1264,11,9,13,4
frame=4,4,0,1093,16,7,15,7
frame=4,5,0,1085,16,8,9,7
frame=4,6,0,1251,11,10,0,8
frame=4,7,0,1220,14,10,1,6
frame=5,0,0,607,18,7,2,2
frame=5,1,0,836,17,8,6,1
frame=5,2,16,1021,12,10,12,3
frame=5,3,16,1031,12,10,14,6
frame=5,4,0,575,18,8,15,8
frame=5,5,0,844,17,8,9,9
frame=5,6,16,1041,12,10,0,9
frame=5,7,15,1123,13,10,-1,7

[swing]
frames=4
duration=3
type=play_once
frame=0,0,0,451,18,10,7,8
frame=0,1,0,461,18,10,8,8
frame=0,2,18,342,10,14,4,10
frame=0,3,17,687,11,14,5,10
frame=0,4,0,358,18,11,9,8
frame=0,5,0,583,18,8,9,7
frame=0,6,18,550,10,11,5,8
frame=0,7,18,458,10,12,3,8
frame=1,0,0,471,18,10,8,7
frame=1,1,0,481,18,10,8,9
frame=1,2,18,312,10,15,4,11
frame=1,3,17,614,11,15,5,10
frame=1,4,0,120,19,11,9,9
frame=1,5,0,248,19,8,9,6
frame=1,6,18,561,10,11,5,7
frame=1,7,18,470,10,12,4,8
frame=2,0,0,491,18,10,8,7
frame=2,1,0,131,19,11,8,9
frame=2,2,18,327,10,15,4,10
frame=2,3,17,629,11,15,5,10
frame=2,4,0,142,19,11,10,9
frame=2,5,0,256,19,8,10,6
frame=2,6,11,1254,11,10,5,6
frame=2,7,18,482,10,12,4,8
frame=3,0,0,195,19,10,7,8
frame=3,1,0,153,19,11,8,9
frame=3,2,17,644,11,15,4,10
frame=3,3,17,701,11,14,5,9
frame=3,4,0,164,19,11,10,9
frame=3,5,0,96,20,8,11,6
frame=3,6,18,572,10,11,5,7
frame=3,7,18,421,10,13,4,9

[hit]
frames=2
duration=2
type=play_once
frame=0,0,0,175,19,10,7,7
frame=0,1,0,205,19,9,7,8
frame=0,2,19,178,9,14,3,9
frame=0,3,18,408,10,13,4,8
frame=0,4,0,681,17,11,10,8
frame=0,5,0,540,18,9,10,6
frame=0,6,18,446,10,12,6,8
frame=0,7,0,1303,9,12,4,8
frame=1,0,0,549,18,9,7,7
frame=1,1,0,185,19,10,8,9
frame=1,2,17,673,11,14,4,10
frame=1,3,0,1326,8,14,3,9
frame=1,4,0,692,17,11,9,8
frame=1,5,0,567,18,8,10,6
frame=1,6,15,1169,11,12,6,8
frame=1,7,21,56,7,13,3,9

[block]
frames=2
duration=1
type=play_once
frame=0,0,0,501,18,10,7,7
frame=0,1,0,511,18,10,8,9
frame=0,2,17,715,11,14,5,10
frame=0,3,17,729,11,14,5,9
frame=0,4,0,369,18,11,10,8
frame=0,5,0,591,18,8,9,6
frame=0,6,0,1261,11,10,5,7
frame=0,7,18,494,10,12,3,8
frame=1,0,0,771,17,9,7,7
frame=1,1,0,521,18,10,8,9
frame=1,2,17,743,11,14,5,10
frame=1,3,17,757,11,14,5,9
frame=1,4,0,380,18,11,9,8
frame=1,5,0,599,18,8,9,6
frame=1,6,10,1283,10,10,5,6
frame=1,7,18,583,10,11,3,7
