
image=images/avatar/male/cloth_pants.png

[stance]
frames=4
duration=6
type=back_forth
frame=0,0,541,0,13,12,6,13
frame=0,1,458,26,12,10,5,12
frame=0,2,799,24,9,10,3,11
frame=0,3,703,0,9,12,3,12
frame=0,4,640,12,11,12,3,12
frame=0,5,567,0,12,12,4,13
frame=0,6,662,12,10,12,4,13
frame=0,7,702,24,9,12,3,13
frame=1,0,530,24,13,12,6,13
frame=1,1,470,26,12,10,5,12
frame=1,2,806,10,9,10,3,11
frame=1,3,711,24,9,12,3,12
frame=1,4,556,24,12,12,3,12
frame=1,5,568,12,12,12,4,13
frame=1,6,662,24,10,12,4,12
frame=1,7,370,0,9,13,3,13
frame=2,0,110,26,13,11,6,13
frame=2,1,482,26,12,10,5,12
frame=2,2,811,0,9,10,3,11
frame=2,3,712,0,9,12,3,12
frame=2,4,294,26,11,11,3,11
frame=2,5,579,0,12,12,4,13
frame=2,6,672,12,10,12,4,12
frame=2,7,712,12,9,12,3,12
frame=3,0,542,12,13,12,6,13
frame=3,1,494,26,12,10,5,12
frame=3,2,808,20,9,10,3,11
frame=3,3,720,24,9,12,3,12
frame=3,4,162,26,12,11,4,11
frame=3,5,568,24,12,12,4,13
frame=3,6,673,0,10,12,4,13
frame=3,7,372,13,9,13,3,13

[run]
frames=8
duration=2
type=looped
frame=0,0,83,0,8,14,0,16
frame=0,1,20,0,9,14,1,15
frame=0,2,379,0,9,13,3,14
frame=0,3,381,13,9,13,4,15
frame=0,4,20,14,9,14,4,16
frame=0,5,672,24,10,12,4,14
frame=0,6,262,13,10,13,3,16
frame=0,7,721,0,9,12,1,15
frame=1,0,388,0,9,13,1,15
frame=1,1,29,0,9,14,1,15
frame=1,2,390,13,9,13,3,14
frame=1,3,270,0,10,13,5,15
frame=1,4,272,13,10,13,5,15
frame=1,5,29,14,9,14,4,16
frame=1,6,280,0,10,13,3,15
frame=1,7,282,13,10,13,2,15
frame=2,0,91,14,12,13,3,15
frame=2,1,38,0,9,14,1,14
frame=2,2,397,0,9,13,3,13
frame=2,3,99,0,12,13,6,14
frame=2,4,103,13,12,13,6,15
frame=2,5,399,13,9,13,4,15
frame=2,6,406,0,9,13,3,15
frame=2,7,580,12,12,12,3,15
frame=3,0,0,0,10,14,2,15
frame=3,1,83,14,8,14,1,14
frame=3,2,408,13,9,13,3,14
frame=3,3,290,0,10,13,5,15
frame=3,4,682,12,10,12,5,14
frame=3,5,38,14,9,14,4,16
frame=3,6,292,13,10,13,3,15
frame=3,7,640,24,11,12,3,15
frame=4,0,91,0,8,14,0,16
frame=4,1,415,0,9,13,1,15
frame=4,2,417,13,9,13,3,14
frame=4,3,424,0,9,13,4,15
frame=4,4,47,0,9,14,4,16
frame=4,5,721,12,9,12,3,15
frame=4,6,300,0,10,13,3,16
frame=4,7,729,24,9,12,1,14
frame=5,0,338,26,10,11,2,13
frame=5,1,302,13,10,13,2,15
frame=5,2,426,13,9,13,3,13
frame=5,3,47,14,9,14,4,14
frame=5,4,56,0,9,14,5,15
frame=5,5,683,0,10,12,5,15
frame=5,6,56,14,9,14,3,16
frame=5,7,433,0,9,13,1,15
frame=6,0,111,0,12,13,3,15
frame=6,1,115,13,12,13,3,14
frame=6,2,435,13,9,13,3,13
frame=6,3,442,0,9,13,4,14
frame=6,4,123,0,12,13,6,15
frame=6,5,163,13,11,13,6,15
frame=6,6,444,13,9,13,3,15
frame=6,7,451,0,9,13,1,15
frame=7,0,730,0,9,12,1,14
frame=7,1,310,0,10,13,2,15
frame=7,2,312,13,10,13,3,14
frame=7,3,0,14,10,14,4,14
frame=7,4,65,0,9,14,5,15
frame=7,5,682,24,10,12,5,15
frame=7,6,65,14,9,14,3,16
frame=7,7,74,0,9,14,1,16

[shoot]
frames=4
duration=3
type=play_once
frame=0,0,127,13,12,13,5,14
frame=0,1,174,26,12,11,5,13
frame=0,2,730,12,9,12,3,13
frame=0,3,775,12,8,12,3,13
frame=0,4,171,0,11,13,3,13
frame=0,5,174,13,11,13,4,14
frame=0,6,320,0,10,13,4,13
frame=0,7,453,13,9,13,2,14
frame=1,0,182,0,11,13,4,14
frame=1,1,186,26,12,11,4,13
frame=1,2,738,24,9,12,3,13
frame=1,3,480,13,8,13,3,14
frame=1,4,322,13,10,13,3,13
frame=1,5,185,13,11,13,5,14
frame=1,6,193,0,11,13,4,14
frame=1,7,487,0,8,13,2,14
frame=2,0,196,13,11,13,4,14
frame=2,1,305,26,11,11,4,13
frame=2,2,739,0,9,12,3,13
frame=2,3,488,13,8,13,3,13
frame=2,4,330,0,10,13,3,13
frame=2,5,591,0,12,12,5,14
frame=2,6,204,0,11,13,4,14
frame=2,7,460,0,9,13,2,14
frame=3,0,135,0,12,13,5,14
frame=3,1,198,26,12,11,5,13
frame=3,2,739,12,9,12,3,13
frame=3,3,783,12,8,12,3,13
frame=3,4,207,13,11,13,3,13
frame=3,5,215,0,11,13,4,14
frame=3,6,332,13,10,13,4,13
frame=3,7,462,13,9,13,2,14

[cast]
frames=4
duration=3
type=play_once
frame=0,0,139,13,12,13,6,14
frame=0,1,210,26,12,11,6,13
frame=0,2,388,26,9,11,3,13
frame=0,3,784,0,8,12,2,13
frame=0,4,340,0,10,13,2,13
frame=0,5,580,24,12,12,4,13
frame=0,6,342,13,10,13,4,13
frame=0,7,469,0,9,13,3,13
frame=1,0,218,13,11,13,5,14
frame=1,1,222,26,12,11,5,14
frame=1,2,747,24,9,12,3,14
frame=1,3,495,0,8,13,2,14
frame=1,4,350,0,10,13,2,13
frame=1,5,592,12,12,12,4,13
frame=1,6,226,0,11,13,4,13
frame=1,7,471,13,9,13,3,13
frame=2,0,229,13,11,13,5,14
frame=2,1,234,26,12,11,5,14
frame=2,2,748,0,9,12,3,14
frame=2,3,496,13,8,13,2,14
frame=2,4,352,13,10,13,3,14
frame=2,5,603,0,12,12,4,13
frame=2,6,237,0,11,13,4,13
frame=2,7,503,0,8,13,2,14
frame=3,0,240,13,11,13,5,14
frame=3,1,592,24,12,12,5,14
frame=3,2,748,12,9,12,3,14
frame=3,3,504,13,8,13,2,14
frame=3,4,10,0,10,14,3,14
frame=3,5,604,12,12,12,4,14
frame=3,6,248,0,11,13,4,13
frame=3,7,511,0,8,13,2,14

[die]
frames=6
duration=4
type=play_once
frame=0,0,246,26,12,11,5,13
frame=0,1,506,26,12,10,5,12
frame=0,2,397,26,9,11,2,11
frame=0,3,783,24,8,12,3,12
frame=0,4,316,26,11,11,3,11
frame=0,5,651,0,11,12,4,12
frame=0,6,756,24,9,12,4,12
frame=0,7,478,0,9,13,3,14
frame=1,0,615,0,12,12,5,13
frame=1,1,97,27,13,10,5,12
frame=1,2,348,26,10,11,3,12
frame=1,3,757,0,9,12,2,12
frame=1,4,358,26,10,11,3,11
frame=1,5,258,26,12,11,4,11
frame=1,6,406,26,9,11,4,11
frame=1,7,799,12,7,12,2,13
frame=2,0,651,12,11,12,5,13
frame=2,1,270,26,12,11,4,12
frame=2,2,415,26,9,11,1,11
frame=2,3,791,12,8,12,2,11
frame=2,4,327,26,11,11,4,11
frame=2,5,56,28,12,8,5,9
frame=2,6,792,0,8,12,4,13
frame=2,7,757,12,9,12,3,13
frame=3,0,800,0,11,10,5,10
frame=3,1,518,26,12,10,4,9
frame=3,2,442,26,8,11,1,10
frame=3,3,817,20,8,10,2,8
frame=3,4,26,28,12,9,4,8
frame=3,5,832,19,12,6,5,7
frame=3,6,450,26,8,11,4,10
frame=3,7,824,10,8,10,3,10
frame=4,0,68,28,10,8,4,6
frame=4,1,808,30,11,7,5,5
frame=4,2,819,30,9,7,4,4
frame=4,3,828,30,9,6,6,4
frame=4,4,838,0,8,6,6,5
frame=4,5,838,6,8,6,3,6
frame=4,6,832,8,6,8,2,6
frame=4,7,48,28,8,9,2,6
frame=5,0,88,28,9,8,2,6
frame=5,1,38,28,10,9,4,5
frame=5,2,78,28,10,8,4,4
frame=5,3,837,30,9,6,7,4
frame=5,4,825,25,10,5,7,4
frame=5,5,835,25,10,5,5,5
frame=5,6,838,12,7,7,3,6
frame=5,7,829,0,9,8,2,6

[swing]
frames=4
duration=3
type=play_once
frame=0,0,604,24,12,12,6,14
frame=0,1,282,26,12,11,6,13
frame=0,2,765,24,9,12,3,13
frame=0,3,512,13,8,13,2,13
frame=0,4,147,0,12,13,3,13
frame=0,5,151,13,12,13,4,14
frame=0,6,10,14,10,14,4,13
frame=0,7,74,14,9,14,3,14
frame=1,0,616,12,12,12,7,13
frame=1,1,123,26,13,11,7,13
frame=1,2,368,26,10,11,3,12
frame=1,3,519,0,8,13,2,13
frame=1,4,627,0,12,12,2,12
frame=1,5,554,0,13,12,4,12
frame=1,6,360,0,10,13,4,12
frame=1,7,424,26,9,11,4,11
frame=2,0,251,13,11,13,7,14
frame=2,1,543,24,13,12,7,14
frame=2,2,692,12,10,12,3,13
frame=2,3,766,0,9,12,1,12
frame=2,4,159,0,12,13,2,12
frame=2,5,527,0,14,12,4,12
frame=2,6,693,0,10,12,4,11
frame=2,7,520,13,8,13,3,12
frame=3,0,651,24,11,12,7,14
frame=3,1,555,12,13,12,6,15
frame=3,2,662,0,11,12,3,13
frame=3,3,766,12,9,12,0,12
frame=3,4,259,0,11,13,2,12
frame=3,5,528,12,14,12,5,12
frame=3,6,362,13,10,13,5,12
frame=3,7,791,24,8,12,4,12

[hit]
frames=2
duration=2
type=play_once
frame=0,0,246,26,12,11,5,13
frame=0,1,506,26,12,10,5,12
frame=0,2,397,26,9,11,2,11
frame=0,3,783,24,8,12,3,12
frame=0,4,316,26,11,11,3,11
frame=0,5,651,0,11,12,4,12
frame=0,6,756,24,9,12,4,12
frame=0,7,478,0,9,13,3,14
frame=1,0,615,0,12,12,5,13
frame=1,1,97,27,13,10,5,12
frame=1,2,348,26,10,11,3,12
frame=1,3,757,0,9,12,2,12
frame=1,4,358,26,10,11,3,11
frame=1,5,258,26,12,11,4,11
frame=1,6,406,26,9,11,4,11
frame=1,7,799,12,7,12,2,13

[block]
frames=2
duration=1
type=play_once
frame=0,0,136,26,13,11,6,13
frame=0,1,0,28,13,9,6,11
frame=0,2,815,10,9,10,3,11
frame=0,3,774,24,9,12,3,12
frame=0,4,616,24,12,12,4,12
frame=0,5,628,12,12,12,4,12
frame=0,6,692,24,10,12,4,12
frame=0,7,775,0,9,12,3,12
frame=1,0,149,26,13,11,6,12
frame=1,1,13,28,13,9,6,11
frame=1,2,820,0,9,10,3,11
frame=1,3,433,26,9,11,3,11
frame=1,4,639,0,12,12,4,11
frame=1,5,628,24,12,12,4,12
frame=1,6,702,12,10,12,4,12
frame=1,7,378,26,10,11,4,11
