
image=images/avatar/male/leather_boots.png

[stance]
frames=4
duration=800ms
type=back_forth
frame=0,0,0,374,18,10,7,7
frame=0,1,0,677,17,10,8,8
frame=0,2,17,731,11,13,5,9
frame=0,3,18,302,10,14,5,9
frame=0,4,0,600,17,11,9,8
frame=0,5,0,773,17,8,9,7
frame=0,6,18,458,10,11,5,7
frame=0,7,0,1303,9,12,3,8
frame=1,0,0,384,18,10,8,7
frame=1,1,0,394,18,10,8,8
frame=1,2,17,744,11,13,5,9
frame=1,3,18,316,10,14,5,9
frame=1,4,0,611,17,11,9,8
frame=1,5,0,781,17,8,9,7
frame=1,6,15,1186,11,11,5,7
frame=1,7,18,1303,9,11,3,7
frame=2,0,0,404,18,10,8,7
frame=2,1,0,414,18,10,8,8
frame=2,2,17,757,11,13,5,9
frame=2,3,18,330,10,14,5,9
frame=2,4,0,297,18,11,9,8
frame=2,5,0,789,17,8,9,6
frame=2,6,0,1260,11,10,5,6
frame=2,7,9,1304,9,11,3,7
frame=3,0,0,424,18,10,8,7
frame=3,1,0,687,17,10,8,8
frame=3,2,17,770,11,13,5,9
frame=3,3,18,372,10,13,5,8
frame=3,4,0,308,18,11,9,8
frame=3,5,0,797,17,8,9,7
frame=3,6,15,1197,11,11,5,7
frame=3,7,18,1314,9,11,3,7

[run]
frames=8
duration=533ms
type=looped
frame=0,0,16,898,12,14,-1,12
frame=0,1,15,1098,13,12,1,9
frame=0,2,0,1315,9,11,3,8
frame=0,3,18,546,10,10,6,8
frame=0,4,16,978,12,10,10,11
frame=0,5,16,940,12,13,9,14
frame=0,6,9,1315,8,15,3,16
frame=0,7,19,120,9,15,-1,15
frame=1,0,0,1194,15,9,1,9
frame=1,1,18,398,10,12,-1,8
frame=1,2,8,1357,8,12,2,7
frame=1,3,0,1141,15,11,10,7
frame=1,4,0,958,16,10,12,9
frame=1,5,11,1262,11,10,9,11
frame=1,6,15,1399,7,8,3,10
frame=1,7,15,1142,13,8,2,10
frame=2,0,0,12,25,8,7,9
frame=2,1,0,878,16,14,4,10
frame=2,2,17,1325,8,14,3,8
frame=2,3,0,68,20,11,12,8
frame=2,4,0,20,23,12,15,11
frame=2,5,0,1095,15,18,10,15
frame=2,6,20,87,8,16,3,13
frame=2,7,0,40,22,16,7,14
frame=3,0,0,79,20,10,4,11
frame=3,1,15,1110,13,11,2,8
frame=3,2,16,1377,8,11,3,8
frame=3,3,0,1018,16,9,11,8
frame=3,4,0,270,18,14,14,13
frame=3,5,16,861,12,19,9,16
frame=3,6,19,103,9,17,3,15
frame=3,7,0,254,18,16,4,15
frame=4,0,16,988,12,10,-1,11
frame=4,1,18,556,10,10,1,8
frame=4,2,8,1381,8,11,3,8
frame=4,3,16,966,12,12,9,9
frame=4,4,16,912,12,14,10,12
frame=4,5,19,135,9,15,6,15
frame=4,6,0,1326,8,15,3,16
frame=4,7,16,953,12,13,1,14
frame=5,0,0,1174,15,10,1,9
frame=5,1,0,1228,14,10,2,7
frame=5,2,16,1339,8,13,3,8
frame=5,3,16,1038,11,12,8,8
frame=5,4,0,968,16,10,12,9
frame=5,5,0,1212,15,8,10,10
frame=5,6,0,1399,8,9,3,11
frame=5,7,18,469,10,11,0,11
frame=6,0,0,0,25,12,7,11
frame=6,1,0,56,21,12,7,9
frame=6,2,8,1330,8,14,3,8
frame=6,3,0,1128,15,13,10,9
frame=6,4,0,32,23,8,15,9
frame=6,5,0,97,19,16,12,14
frame=6,6,22,40,6,14,1,11
frame=6,7,0,860,16,18,4,15
frame=7,0,0,284,18,13,3,12
frame=7,1,0,697,17,10,3,8
frame=7,2,16,1388,8,11,3,7
frame=7,3,0,1270,11,10,8,7
frame=7,4,0,707,17,10,13,10
frame=7,5,0,1113,15,15,11,14
frame=7,6,20,69,8,18,3,16
frame=7,7,16,880,12,18,1,16

[shoot]
frames=4
duration=400ms
type=play_once
frame=0,0,0,892,16,11,6,8
frame=0,1,0,1027,16,9,7,8
frame=0,2,16,1050,11,12,5,9
frame=0,3,19,179,9,13,5,9
frame=0,4,0,903,16,11,9,8
frame=0,5,0,1063,16,8,8,7
frame=0,6,15,1208,11,11,5,7
frame=0,7,0,1368,8,12,2,8
frame=1,0,0,1152,15,11,6,8
frame=1,1,0,978,16,10,7,8
frame=1,2,17,783,11,13,5,9
frame=1,3,19,192,9,13,5,9
frame=1,4,0,1184,15,10,9,8
frame=1,5,0,1220,15,8,8,7
frame=1,6,18,480,10,11,5,8
frame=1,7,8,1392,7,12,2,9
frame=2,0,0,1163,15,11,6,9
frame=2,1,0,1036,16,9,7,8
frame=2,2,16,1062,11,12,5,9
frame=2,3,19,205,9,13,4,9
frame=2,4,0,988,16,10,9,8
frame=2,5,0,1203,15,9,8,7
frame=2,6,15,1219,11,11,5,8
frame=2,7,16,1365,8,12,2,9
frame=3,0,0,914,16,11,6,8
frame=3,1,0,1045,16,9,7,8
frame=3,2,16,1074,11,12,5,9
frame=3,3,19,218,9,13,5,9
frame=3,4,0,925,16,11,9,8
frame=3,5,0,1071,16,8,8,7
frame=3,6,18,491,10,11,5,7
frame=3,7,8,1369,8,12,2,8

[cast]
frames=4
duration=400ms
type=play_once
frame=0,0,0,622,17,11,8,8
frame=0,1,0,434,18,10,9,8
frame=0,2,17,796,11,13,5,9
frame=0,3,19,165,9,14,4,10
frame=0,4,0,633,17,11,8,8
frame=0,5,0,805,17,8,8,6
frame=0,6,0,1238,11,11,5,7
frame=0,7,0,1380,8,12,3,8
frame=1,0,0,936,16,11,8,9
frame=1,1,0,737,17,9,8,8
frame=1,2,17,809,11,13,5,9
frame=1,3,19,231,9,13,4,9
frame=1,4,0,998,16,10,8,8
frame=1,5,0,1054,16,9,8,7
frame=1,6,18,502,10,11,5,7
frame=1,7,8,1344,8,13,3,9
frame=2,0,0,644,17,11,8,9
frame=2,1,0,717,17,10,8,8
frame=2,2,17,822,11,13,5,9
frame=2,3,19,244,9,13,4,9
frame=2,4,0,1008,16,10,8,8
frame=2,5,0,1079,16,8,8,7
frame=2,6,16,1086,11,12,5,8
frame=2,7,0,1355,8,13,3,9
frame=3,0,0,655,17,11,8,9
frame=3,1,0,746,17,9,8,8
frame=3,2,17,835,11,13,5,9
frame=3,3,18,576,9,13,4,9
frame=3,4,0,947,16,11,8,8
frame=3,5,0,813,17,8,8,7
frame=3,6,11,1240,11,11,5,7
frame=3,7,16,1352,8,13,3,9

[die]
frames=6
duration=800ms
type=play_once
frame=0,0,0,157,19,10,7,7
frame=0,1,0,197,19,9,7,8
frame=0,2,0,1290,9,13,3,9
frame=0,3,18,344,10,14,4,9
frame=0,4,0,727,17,10,10,7
frame=0,5,0,504,18,9,10,6
frame=0,6,15,1150,11,12,6,8
frame=0,7,18,1291,9,12,4,8
frame=1,0,0,513,18,9,7,7
frame=1,1,0,167,19,10,8,8
frame=1,2,17,619,11,14,4,10
frame=1,3,0,1341,8,14,3,9
frame=1,4,0,666,17,11,9,8
frame=1,5,0,549,18,8,10,6
frame=1,6,15,1162,11,12,6,8
frame=1,7,21,56,7,13,3,9
frame=2,0,0,206,19,9,6,7
frame=2,1,0,319,18,11,6,8
frame=2,2,18,257,10,15,3,9
frame=2,3,16,926,12,14,6,8
frame=2,4,0,215,19,8,12,6
frame=2,5,0,755,17,9,11,7
frame=2,6,9,1291,9,13,5,9
frame=2,7,17,848,11,13,4,9
frame=3,0,0,522,18,9,5,7
frame=3,1,0,588,17,12,5,8
frame=3,2,19,150,9,15,3,9
frame=3,3,15,1121,13,11,7,5
frame=3,4,0,89,20,8,12,6
frame=3,5,0,557,18,8,12,6
frame=3,6,0,1392,8,7,4,4
frame=3,7,15,1174,11,12,4,9
frame=4,0,0,247,19,7,4,2
frame=4,1,0,821,17,8,7,1
frame=4,2,16,998,12,10,10,3
frame=4,3,11,1282,11,9,13,4
frame=4,4,0,853,17,7,15,7
frame=4,5,0,1087,16,8,9,7
frame=4,6,11,1272,11,10,0,8
frame=4,7,14,1230,14,10,1,6
frame=5,0,0,581,18,7,2,2
frame=5,1,0,829,17,8,6,1
frame=5,2,16,1008,12,10,12,3
frame=5,3,16,1018,12,10,14,6
frame=5,4,0,565,18,8,15,8
frame=5,5,0,837,17,8,9,9
frame=5,6,16,1028,12,10,0,9
frame=5,7,15,1132,13,10,-1,7

[swing]
frames=4
duration=400ms
type=play_once
frame=0,0,0,444,18,10,7,8
frame=0,1,0,330,18,11,8,9
frame=0,2,18,358,10,14,4,10
frame=0,3,17,633,11,14,5,10
frame=0,4,0,341,18,11,9,8
frame=0,5,0,531,18,9,9,7
frame=0,6,18,513,10,11,5,8
frame=0,7,18,410,10,12,3,8
frame=1,0,0,454,18,10,8,7
frame=1,1,0,540,18,9,8,8
frame=1,2,18,272,10,15,4,11
frame=1,3,17,589,11,15,5,10
frame=1,4,0,113,19,11,9,9
frame=1,5,0,223,19,8,9,6
frame=1,6,0,1249,11,11,5,7
frame=1,7,18,422,10,12,4,8
frame=2,0,0,464,18,10,8,7
frame=2,1,0,124,19,11,8,9
frame=2,2,18,287,10,15,4,10
frame=2,3,17,647,11,14,5,9
frame=2,4,0,135,19,11,10,8
frame=2,5,0,231,19,8,10,6
frame=2,6,11,1251,11,11,5,7
frame=2,7,18,434,10,12,4,8
frame=3,0,0,177,19,10,7,8
frame=3,1,0,146,19,11,8,9
frame=3,2,17,604,11,15,4,10
frame=3,3,17,661,11,14,5,9
frame=3,4,0,187,19,10,10,8
frame=3,5,0,239,19,8,11,6
frame=3,6,18,524,10,11,5,7
frame=3,7,18,385,10,13,4,9

[hit]
frames=2
duration=133ms
type=play_once
frame=0,0,0,157,19,10,7,7
frame=0,1,0,197,19,9,7,8
frame=0,2,0,1290,9,13,3,9
frame=0,3,18,344,10,14,4,9
frame=0,4,0,727,17,10,10,7
frame=0,5,0,504,18,9,10,6
frame=0,6,15,1150,11,12,6,8
frame=0,7,18,1291,9,12,4,8
frame=1,0,0,513,18,9,7,7
frame=1,1,0,167,19,10,8,8
frame=1,2,17,619,11,14,4,10
frame=1,3,0,1341,8,14,3,9
frame=1,4,0,666,17,11,9,8
frame=1,5,0,549,18,8,10,6
frame=1,6,15,1162,11,12,6,8
frame=1,7,21,56,7,13,3,9

[block]
frames=2
duration=66ms
type=play_once
frame=0,0,0,474,18,10,7,7
frame=0,1,0,484,18,10,8,9
frame=0,2,17,675,11,14,5,10
frame=0,3,17,689,11,14,5,9
frame=0,4,0,352,18,11,10,8
frame=0,5,0,845,17,8,9,6
frame=0,6,0,1280,11,10,5,7
frame=0,7,18,446,10,12,3,8
frame=1,0,0,764,17,9,7,7
frame=1,1,0,494,18,10,8,9
frame=1,2,17,703,11,14,5,10
frame=1,3,17,717,11,14,5,9
frame=1,4,0,363,18,11,9,8
frame=1,5,0,573,18,8,9,6
frame=1,6,18,566,10,10,5,6
frame=1,7,18,535,10,11,4,7
