
image=images/avatar/male/plate_boots.png

[stance]
frames=4
duration=800ms
type=back_forth
frame=0,0,490,54,18,10,8,8
frame=0,1,476,33,18,10,8,8
frame=0,2,158,41,11,13,5,9
frame=0,3,188,13,10,13,5,9
frame=0,4,329,22,18,11,9,8
frame=0,5,579,29,17,9,9,7
frame=0,6,453,44,11,11,5,7
frame=0,7,222,39,9,13,3,8
frame=1,0,483,22,18,10,8,8
frame=1,1,484,10,18,10,8,8
frame=1,2,161,26,11,13,5,9
frame=1,3,194,26,10,13,5,9
frame=1,4,336,45,18,11,9,8
frame=1,5,594,19,17,9,9,7
frame=1,6,443,11,11,11,5,7
frame=1,7,297,0,9,12,3,8
frame=2,0,499,0,18,10,8,7
frame=2,1,494,32,18,10,8,8
frame=2,2,166,13,11,13,5,9
frame=2,3,202,39,10,13,5,8
frame=2,4,343,33,18,11,9,8
frame=2,5,631,8,17,8,9,6
frame=2,6,448,0,11,11,5,7
frame=2,7,280,48,9,12,4,8
frame=3,0,501,20,18,10,8,7
frame=3,1,502,10,18,10,8,8
frame=3,2,169,39,11,13,5,9
frame=3,3,189,0,10,13,5,8
frame=3,4,354,44,18,11,9,8
frame=3,5,595,9,17,9,9,7
frame=3,6,454,11,11,11,5,7
frame=3,7,288,36,9,12,3,8

[run]
frames=8
duration=533ms
type=looped
frame=0,0,97,0,12,14,-1,12
frame=0,1,233,52,13,12,1,10
frame=0,2,470,0,10,11,3,9
frame=0,3,567,10,10,10,7,9
frame=0,4,430,22,12,11,10,11
frame=0,5,153,13,13,13,9,14
frame=0,6,87,30,8,15,3,16
frame=0,7,42,32,8,16,-1,15
frame=1,0,627,18,15,9,1,9
frame=1,1,270,48,10,12,-1,8
frame=1,2,299,12,8,12,2,7
frame=1,3,438,44,15,11,10,7
frame=1,4,382,22,16,11,12,9
frame=1,5,459,0,11,11,9,11
frame=1,6,629,27,8,9,3,11
frame=1,7,642,16,13,9,2,11
frame=2,0,52,47,25,9,8,9
frame=2,1,148,0,17,13,5,9
frame=2,2,132,0,8,14,3,8
frame=2,3,307,12,21,11,13,8
frame=2,4,172,52,24,12,15,11
frame=2,5,0,19,16,19,10,15
frame=2,6,16,19,9,18,3,14
frame=2,7,26,0,22,16,7,14
frame=3,0,314,0,21,11,5,11
frame=3,1,421,0,14,11,2,8
frame=3,2,475,22,8,11,3,8
frame=3,3,530,30,17,10,12,9
frame=3,4,95,30,19,14,14,13
frame=3,5,0,38,12,19,9,16
frame=3,6,24,37,9,18,3,15
frame=3,7,48,0,19,16,5,15
frame=4,0,555,10,12,10,-1,11
frame=4,1,570,0,10,10,1,9
frame=4,2,476,11,8,11,3,9
frame=4,3,246,52,13,12,9,10
frame=4,4,109,0,12,14,10,12
frame=4,5,78,0,10,15,7,15
frame=4,6,87,15,9,15,3,16
frame=4,7,165,0,13,13,1,14
frame=5,0,406,0,15,11,1,9
frame=5,1,544,50,14,10,2,7
frame=5,2,240,39,8,13,3,8
frame=5,3,278,36,10,12,8,8
frame=5,4,530,40,16,10,12,9
frame=5,5,622,36,15,9,10,10
frame=5,6,571,30,8,10,3,11
frame=5,7,465,22,10,11,0,11
frame=6,0,99,44,25,12,8,11
frame=6,1,77,45,22,11,7,8
frame=6,2,137,14,8,14,3,8
frame=6,3,146,28,15,13,10,9
frame=6,4,354,55,24,9,16,9
frame=6,5,33,16,20,16,13,14
frame=6,6,25,18,8,18,3,14
frame=6,7,0,0,17,19,4,15
frame=7,0,96,15,18,14,3,12
frame=7,1,517,0,18,10,4,9
frame=7,2,467,33,9,11,3,7
frame=7,3,560,30,11,10,9,7
frame=7,4,537,20,17,10,13,10
frame=7,5,50,32,16,15,11,14
frame=7,6,17,0,9,18,3,16
frame=7,7,12,38,12,18,1,16

[shoot]
frames=4
duration=400ms
type=play_once
frame=0,0,372,44,17,11,7,8
frame=0,1,611,18,16,9,7,8
frame=0,2,250,25,11,12,5,9
frame=0,3,209,0,9,13,5,9
frame=0,4,396,33,16,11,9,8
frame=0,5,612,9,16,9,8,7
frame=0,6,454,22,11,11,5,8
frame=0,7,306,0,8,12,3,8
frame=1,0,406,44,16,11,6,8
frame=1,1,538,10,17,10,7,8
frame=1,2,172,26,11,13,5,9
frame=1,3,218,0,9,13,5,9
frame=1,4,415,11,15,11,9,8
frame=1,5,615,0,16,9,8,7
frame=1,6,456,33,11,11,5,8
frame=1,7,289,48,8,12,2,9
frame=2,0,398,22,16,11,6,9
frame=2,1,598,47,16,9,7,8
frame=2,2,256,12,11,12,5,9
frame=2,3,293,24,9,12,4,8
frame=2,4,412,33,16,11,9,8
frame=2,5,606,37,16,9,8,7
frame=2,6,264,0,11,12,5,8
frame=2,7,236,0,8,13,2,9
frame=3,0,365,11,17,11,7,8
frame=3,1,614,46,16,9,7,8
frame=3,2,256,37,11,12,5,9
frame=3,3,218,13,9,13,5,9
frame=3,4,422,44,16,11,9,8
frame=3,5,615,55,16,9,8,7
frame=3,6,464,44,11,11,5,8
frame=3,7,297,36,8,12,3,8

[cast]
frames=4
duration=400ms
type=play_once
frame=0,0,372,0,17,11,8,8
frame=0,1,494,42,18,10,9,8
frame=0,2,146,41,12,13,5,9
frame=0,3,224,26,9,13,4,9
frame=0,4,365,22,17,11,8,8
frame=0,5,436,55,18,9,8,7
frame=0,6,244,13,12,12,6,7
frame=0,7,236,13,8,13,3,8
frame=1,0,379,33,17,11,8,9
frame=1,1,598,0,17,9,9,8
frame=1,2,180,39,11,13,5,9
frame=1,3,231,39,9,13,4,9
frame=1,4,399,11,16,11,8,8
frame=1,5,581,49,17,9,8,7
frame=1,6,261,24,11,12,5,8
frame=1,7,227,0,9,13,4,9
frame=2,0,389,44,17,11,8,9
frame=2,1,553,0,17,10,8,8
frame=2,2,177,13,11,13,5,9
frame=2,3,242,26,8,13,4,9
frame=2,4,414,22,16,11,8,8
frame=2,5,613,27,16,9,8,7
frame=2,6,267,12,11,12,5,8
frame=2,7,140,0,8,14,3,9
frame=3,0,382,11,17,11,8,9
frame=3,1,454,55,18,9,9,8
frame=3,2,183,26,11,13,5,9
frame=3,3,248,39,8,13,4,9
frame=3,4,428,33,16,11,8,8
frame=3,5,589,38,17,9,8,7
frame=3,6,275,0,11,12,6,8
frame=3,7,145,14,8,14,4,9

[die]
frames=6
duration=800ms
type=play_once
frame=0,0,480,0,19,10,8,7
frame=0,1,398,55,19,9,7,8
frame=0,2,198,13,10,13,4,9
frame=0,3,204,26,10,13,4,8
frame=0,4,508,52,18,10,10,7
frame=0,5,472,55,18,9,10,6
frame=0,6,191,39,11,13,6,8
frame=0,7,227,13,9,13,4,8
frame=1,0,512,30,18,10,8,7
frame=1,1,152,54,20,10,8,8
frame=1,2,114,14,12,14,5,10
frame=1,3,302,24,8,12,3,7
frame=1,4,389,0,17,11,9,8
frame=1,5,33,48,19,8,10,6
frame=1,6,259,49,11,12,6,8
frame=1,7,244,0,8,13,3,9
frame=2,0,417,55,19,9,7,7
frame=2,1,305,36,19,11,6,8
frame=2,2,88,0,9,15,3,9
frame=2,3,442,22,12,11,6,5
frame=2,4,40,56,19,8,12,6
frame=2,5,519,20,18,10,12,7
frame=2,6,233,26,9,13,5,9
frame=2,7,178,0,11,13,4,9
frame=3,0,576,20,18,9,5,7
frame=3,1,215,52,18,12,5,8
frame=3,2,33,32,9,16,3,9
frame=3,3,430,11,13,11,7,5
frame=3,4,0,57,20,7,13,5
frame=3,5,59,56,19,8,12,6
frame=3,6,567,20,9,10,4,7
frame=3,7,252,0,12,12,4,9
frame=4,0,78,56,19,8,4,2
frame=4,1,596,28,17,9,7,2
frame=4,2,444,33,12,11,11,3
frame=4,3,560,40,11,10,13,5
frame=4,4,637,43,17,7,15,7
frame=4,5,598,56,17,8,9,7
frame=4,6,570,50,11,10,0,8
frame=4,7,546,40,14,10,1,6
frame=5,0,116,56,18,8,2,2
frame=5,1,637,27,17,8,7,1
frame=5,2,435,0,13,11,12,3
frame=5,3,558,50,12,10,14,6
frame=5,4,134,56,18,8,15,8
frame=5,5,637,35,17,8,9,9
frame=5,6,547,30,13,10,0,9
frame=5,7,554,20,13,10,-1,7

[swing]
frames=4
duration=400ms
type=play_once
frame=0,0,310,23,19,11,8,8
frame=0,1,520,10,18,10,8,9
frame=0,2,77,30,10,15,4,10
frame=0,3,65,16,11,15,5,10
frame=0,4,347,11,18,11,9,8
frame=0,5,577,10,18,9,10,7
frame=0,6,267,36,11,12,5,8
frame=0,7,212,39,10,13,3,9
frame=1,0,475,44,19,10,8,7
frame=1,1,580,0,18,9,9,8
frame=1,2,67,0,11,15,5,11
frame=1,3,66,31,11,15,5,10
frame=1,4,196,52,19,12,9,9
frame=1,5,97,56,19,8,9,6
frame=1,6,272,24,11,12,5,7
frame=1,7,199,0,10,13,4,8
frame=2,0,354,0,18,11,8,8
frame=2,1,328,11,19,11,8,9
frame=2,2,76,15,11,15,5,10
frame=2,3,121,0,11,14,5,9
frame=2,4,335,0,19,11,10,8
frame=2,5,20,56,20,8,10,6
frame=2,6,278,12,11,12,5,8
frame=2,7,208,13,10,13,4,8
frame=3,0,317,47,19,11,8,8
frame=3,1,297,48,20,11,8,9
frame=3,2,53,16,12,15,5,10
frame=3,3,114,28,11,14,5,9
frame=3,4,324,34,19,11,10,8
frame=3,5,378,55,20,9,11,7
frame=3,6,283,24,10,12,5,8
frame=3,7,136,28,10,14,4,9

[hit]
frames=2
duration=133ms
type=play_once
frame=0,0,480,0,19,10,8,7
frame=0,1,398,55,19,9,7,8
frame=0,2,198,13,10,13,4,9
frame=0,3,204,26,10,13,4,8
frame=0,4,508,52,18,10,10,7
frame=0,5,472,55,18,9,10,6
frame=0,6,191,39,11,13,6,8
frame=0,7,227,13,9,13,4,8
frame=1,0,512,30,18,10,8,7
frame=1,1,152,54,20,10,8,8
frame=1,2,114,14,12,14,5,10
frame=1,3,302,24,8,12,3,7
frame=1,4,389,0,17,11,9,8
frame=1,5,33,48,19,8,10,6
frame=1,6,259,49,11,12,6,8
frame=1,7,244,0,8,13,3,9

[block]
frames=2
duration=66ms
type=play_once
frame=0,0,535,0,18,10,7,7
frame=0,1,512,40,18,10,8,9
frame=0,2,124,42,11,14,5,10
frame=0,3,125,28,11,14,5,9
frame=0,4,347,22,18,11,10,8
frame=0,5,336,56,18,8,10,6
frame=0,6,286,0,11,12,5,8
frame=0,7,214,26,10,13,3,8
frame=1,0,571,40,18,9,7,7
frame=1,1,526,50,18,10,8,9
frame=1,2,135,42,11,14,5,10
frame=1,3,126,14,11,14,5,9
frame=1,4,361,33,18,11,9,8
frame=1,5,631,0,18,8,9,6
frame=1,6,465,11,11,11,5,7
frame=1,7,289,12,10,12,3,7
