
image=images/avatar/male/shortsword.png

[stance]
frames=4
duration=6
type=back_forth
frame=0,0,773,22,14,10,6,17
frame=0,1,932,0,5,9,-7,14
frame=0,2,570,0,9,13,-6,14
frame=0,3,125,22,15,10,-1,10
frame=0,4,201,21,14,11,5,9
frame=0,5,596,0,7,13,7,10
frame=0,6,579,13,8,13,12,14
frame=0,7,815,20,11,10,12,16
frame=1,0,713,22,15,10,6,18
frame=1,1,587,13,8,13,-4,18
frame=1,2,570,13,9,13,-7,15
frame=1,3,728,22,15,10,-2,10
frame=1,4,156,21,15,11,5,9
frame=1,5,659,12,7,12,7,10
frame=1,6,588,0,8,13,12,14
frame=1,7,819,10,11,10,13,16
frame=2,0,215,21,14,11,6,18
frame=2,1,541,15,8,14,-4,19
frame=2,2,579,0,9,13,-7,15
frame=2,3,743,22,15,10,-2,10
frame=2,4,171,21,15,11,4,9
frame=2,5,663,0,7,12,7,10
frame=2,6,595,13,8,13,12,14
frame=2,7,879,9,12,9,13,16
frame=3,0,229,21,14,11,6,18
frame=3,1,603,0,7,13,-4,18
frame=3,2,560,0,10,13,-6,15
frame=3,3,758,22,15,10,-2,10
frame=3,4,787,22,14,10,4,8
frame=3,5,666,12,7,12,7,10
frame=3,6,651,12,8,12,12,13
frame=3,7,887,18,12,9,13,15

[run]
frames=8
duration=2
type=looped
frame=0,0,61,23,16,9,11,16
frame=0,1,620,13,11,12,4,18
frame=0,2,550,0,5,14,-4,18
frame=0,3,285,20,13,12,-3,14
frame=0,4,93,22,16,10,1,11
frame=0,5,631,12,10,12,2,11
frame=0,6,555,0,5,14,6,13
frame=0,7,298,20,13,12,12,15
frame=1,0,903,9,11,9,7,15
frame=1,1,846,20,7,10,-3,14
frame=1,2,854,10,5,10,-4,13
frame=1,3,891,9,12,9,0,11
frame=1,4,243,21,14,11,4,11
frame=1,5,423,18,9,14,6,13
frame=1,6,539,0,4,15,6,15
frame=1,7,350,19,13,13,9,15
frame=2,0,784,0,7,11,0,16
frame=2,1,920,18,8,9,-4,13
frame=2,2,937,0,5,9,-3,11
frame=2,3,830,10,9,10,2,10
frame=2,4,363,19,11,13,7,12
frame=2,5,520,0,7,15,8,15
frame=2,6,522,15,7,15,6,17
frame=2,7,560,13,10,13,5,17
frame=3,0,724,11,13,11,3,15
frame=3,1,911,18,9,9,-2,13
frame=3,2,935,18,5,9,-4,11
frame=3,3,914,9,9,9,1,10
frame=3,4,762,11,11,11,6,11
frame=3,5,791,0,6,11,7,14
frame=3,6,534,0,5,15,5,15
frame=3,7,636,0,10,12,5,14
frame=4,0,801,22,14,10,7,14
frame=4,1,41,24,12,8,3,13
frame=4,2,938,9,5,9,-3,12
frame=4,3,915,0,9,9,-1,11
frame=4,4,806,10,13,10,3,11
frame=4,5,413,18,10,14,5,12
frame=4,6,610,0,5,13,4,12
frame=4,7,512,0,8,15,7,15
frame=5,0,698,23,15,9,13,14
frame=5,1,826,20,11,10,8,17
frame=5,2,859,10,5,10,-3,15
frame=5,3,374,19,11,13,-4,16
frame=5,4,77,23,16,9,-1,11
frame=5,5,726,0,13,11,2,10
frame=5,6,680,12,6,12,4,10
frame=5,7,625,0,11,12,11,13
frame=6,0,257,21,14,11,14,17
frame=6,1,450,17,13,15,9,22
frame=6,2,484,0,7,17,-1,24
frame=6,3,473,0,11,17,-5,22
frame=6,4,385,18,16,14,-4,16
frame=6,5,696,12,14,11,0,11
frame=6,6,670,0,7,12,3,11
frame=6,7,775,0,9,11,11,13
frame=7,0,109,22,16,10,13,16
frame=7,1,646,0,9,12,7,20
frame=7,2,536,15,5,15,-3,21
frame=7,3,401,18,12,14,-4,18
frame=7,4,140,21,16,11,-2,13
frame=7,5,750,11,12,11,0,11
frame=7,6,615,0,5,13,4,11
frame=7,7,764,0,11,11,12,13

[shoot]
frames=4
duration=3
type=play_once
frame=0,0,311,20,13,12,3,12
frame=0,1,514,15,8,15,3,13
frame=0,2,527,0,7,15,5,14
frame=0,3,324,20,13,12,9,13
frame=0,4,620,25,14,7,8,12
frame=0,5,53,24,8,8,0,13
frame=0,6,848,0,6,10,-2,13
frame=0,7,904,0,11,9,-1,12
frame=1,0,698,0,14,11,3,12
frame=1,1,432,18,9,14,3,13
frame=1,2,543,0,7,14,5,14
frame=1,3,337,20,13,12,9,14
frame=1,4,859,20,15,9,8,14
frame=1,5,847,10,7,10,0,14
frame=1,6,791,11,6,11,-2,14
frame=1,7,874,19,13,9,1,12
frame=2,0,710,11,14,11,3,12
frame=2,1,441,18,9,14,4,13
frame=2,2,529,15,7,15,5,15
frame=2,3,712,0,14,11,9,14
frame=2,4,864,10,15,9,8,14
frame=2,5,839,10,8,10,0,14
frame=2,6,797,0,6,11,-2,14
frame=2,7,879,0,13,9,1,12
frame=3,0,737,11,13,11,2,12
frame=3,1,514,15,8,15,3,13
frame=3,2,527,0,7,15,5,14
frame=3,3,324,20,13,12,9,13
frame=3,4,865,0,14,9,8,14
frame=3,5,923,9,8,9,0,14
frame=3,6,853,20,6,10,-2,13
frame=3,7,892,0,12,9,0,12

[cast]
frames=4
duration=3
type=play_once
frame=0,0,411,0,13,18,8,28
frame=0,1,308,0,10,20,-2,29
frame=0,2,250,0,8,21,-9,27
frame=0,3,258,0,13,20,-7,22
frame=0,4,459,0,14,17,0,18
frame=0,5,476,17,11,15,6,16
frame=0,6,549,14,7,14,11,19
frame=0,7,487,17,11,15,13,24
frame=1,0,232,0,9,21,3,33
frame=1,1,241,0,9,21,-2,33
frame=1,2,93,0,11,22,-5,31
frame=1,3,23,0,10,24,-5,29
frame=1,4,33,0,10,24,-2,27
frame=1,5,0,0,12,24,5,27
frame=1,6,134,0,13,21,9,28
frame=1,7,199,0,12,21,9,31
frame=2,0,318,0,10,20,-1,33
frame=2,1,222,0,10,21,-5,31
frame=2,2,104,0,11,22,-5,29
frame=2,3,12,0,11,24,-1,28
frame=2,4,70,0,9,23,3,28
frame=2,5,43,0,9,24,8,30
frame=2,6,362,0,14,19,10,32
frame=2,7,147,0,13,21,6,33
frame=3,0,328,0,10,20,-5,32
frame=3,1,338,0,9,20,-7,29
frame=3,2,115,0,11,22,-4,27
frame=3,3,60,0,10,23,1,26
frame=3,4,52,0,8,24,6,27
frame=3,5,695,0,3,12,10,30
frame=3,6,271,0,13,20,9,33
frame=3,7,160,0,13,21,3,33

[die]
frames=6
duration=4
type=play_once
frame=0,0,676,24,11,7,3,13
frame=0,1,946,25,5,7,-6,11
frame=0,2,634,24,8,8,-5,9
frame=0,3,899,18,12,9,0,7
frame=0,4,641,12,10,12,5,8
frame=0,5,556,14,4,14,7,10
frame=0,6,603,13,6,13,11,13
frame=0,7,642,24,8,8,10,13
frame=1,0,943,9,5,7,-2,13
frame=1,1,650,24,4,8,-6,11
frame=1,2,928,18,7,9,-4,9
frame=1,3,655,0,8,12,0,8
frame=1,4,615,13,5,13,5,9
frame=1,5,797,11,5,11,8,9
frame=1,6,684,0,6,12,9,13
frame=1,7,560,26,3,6,6,10
frame=2,0,542,29,5,3,-1,7
frame=2,1,953,7,3,7,-6,10
frame=2,2,654,24,4,8,-5,7
frame=2,3,860,0,5,10,-1,6
frame=2,4,802,11,4,11,4,6
frame=2,5,942,0,4,9,7,6
frame=2,6,854,0,6,10,8,11
frame=2,7,946,0,5,7,5,10
frame=3,0,563,26,3,6,-4,9
frame=3,1,566,26,3,6,-6,7
frame=3,2,569,26,3,6,-5,5
frame=3,3,951,0,4,7,-1,3
frame=3,4,658,24,4,8,4,4
frame=3,5,572,26,3,6,7,4
frame=3,6,950,14,4,7,8,8
frame=3,7,608,30,2,2,3,8
frame=4,0,539,30,3,2,-5,4
frame=4,1,612,26,3,4,-6,2
frame=4,2,615,26,2,4,-4,0
frame=4,3,617,26,2,4,2,-1
frame=4,4,608,26,4,4,7,1
frame=4,5,134,21,3,1,9,2
frame=5,0,514,30,13,2,-5,4
frame=5,1,581,26,10,5,-7,1
frame=5,2,575,26,3,6,-4,-3
frame=5,3,591,26,9,5,8,-3
frame=5,4,527,30,12,2,17,-1
frame=5,5,550,28,10,4,16,5
frame=5,6,578,26,3,6,6,10
frame=5,7,600,26,8,5,-1,9

[swing]
frames=4
duration=3
type=play_once
frame=0,0,376,0,18,18,4,28
frame=0,1,444,0,15,17,-1,26
frame=0,2,491,0,7,17,-5,24
frame=0,3,498,0,14,16,1,22
frame=0,4,394,0,17,18,7,23
frame=0,5,173,0,13,21,8,26
frame=0,6,87,0,6,23,6,29
frame=0,7,347,0,15,19,7,30
frame=1,0,186,0,13,21,9,31
frame=1,1,284,0,13,20,3,31
frame=1,2,424,0,11,18,-5,29
frame=1,3,435,0,9,18,-8,26
frame=1,4,297,0,11,20,-4,24
frame=1,5,211,0,11,21,3,23
frame=1,6,126,0,8,22,7,25
frame=1,7,79,0,8,23,10,28
frame=2,0,271,20,14,12,22,17
frame=2,1,504,16,10,15,13,25
frame=2,2,498,16,6,16,-2,26
frame=2,3,463,17,13,15,-9,22
frame=2,4,186,21,15,11,-11,14
frame=2,5,773,11,10,11,-8,8
frame=2,6,690,0,5,12,3,7
frame=2,7,752,0,12,11,18,10
frame=3,0,830,0,10,10,16,9
frame=3,1,687,24,11,7,13,12
frame=3,2,547,29,3,3,1,9
frame=3,3,948,7,5,7,-6,12
frame=3,4,940,18,10,7,-7,9
frame=3,5,837,20,9,10,-5,6
frame=3,6,692,12,4,12,0,5
frame=3,7,673,12,7,12,9,6

[hit]
frames=2
duration=2
type=play_once
frame=0,0,676,24,11,7,3,13
frame=0,1,946,25,5,7,-6,11
frame=0,2,634,24,8,8,-5,9
frame=0,3,899,18,12,9,0,7
frame=0,4,641,12,10,12,5,8
frame=0,5,556,14,4,14,7,10
frame=0,6,603,13,6,13,11,13
frame=0,7,642,24,8,8,10,13
frame=1,0,943,9,5,7,-2,13
frame=1,1,650,24,4,8,-6,11
frame=1,2,928,18,7,9,-4,9
frame=1,3,655,0,8,12,0,8
frame=1,4,615,13,5,13,5,9
frame=1,5,797,11,5,11,8,9
frame=1,6,684,0,6,12,9,13
frame=1,7,560,26,3,6,6,10

[block]
frames=2
duration=1
type=play_once
frame=0,0,940,25,6,7,-3,14
frame=0,1,840,0,8,10,-4,14
frame=0,2,783,11,8,11,-6,12
frame=0,3,0,24,14,8,0,8
frame=0,4,739,0,13,11,5,8
frame=0,5,677,0,7,12,8,10
frame=0,6,609,13,6,13,10,14
frame=0,7,803,0,14,10,11,15
frame=1,0,662,24,14,7,5,13
frame=1,1,924,0,8,9,-4,12
frame=1,2,931,9,7,9,-5,9
frame=1,3,28,24,13,8,0,7
frame=1,4,817,0,13,10,6,8
frame=1,5,686,12,6,12,7,9
frame=1,6,620,0,5,13,10,13
frame=1,7,14,24,14,8,10,12
