[header]
width=60
height=82
tilewidth=64
tileheight=32
orientation=isometric
background_color=0,0,0,255
hero_pos=28,76
music=music/dungeon_theme.ogg
tileset=tilesetdefs/tileset_dungeon.txt
title=Halls of Infinity

[tilesets]
tileset=../../../../tiled/dungeon/tiled_collision.png,64,32,0,0
tileset=../../../../tiled/dungeon/tiled_dungeon.png,64,128,0,0
tileset=../../../../tiled/dungeon/set_rules.png,64,32,0,0
tileset=../../../../tiled/dungeon/tiled_dungeon_2x2.png,128,64,0,16
tileset=../../../../tiled/dungeon/door_left.png,64,128,-16,-8
tileset=../../../../tiled/dungeon/door_right.png,64,128,16,-8
tileset=../../../../tiled/dungeon/stairs.png,256,256,0,48
tileset=../../../../tiled/common/boss_chest.png,64,64,0,0

[layer]
type=background
data=
0,0,0,0,0,0,0,0,0,0,0,0,0,0,0,0,0,32,33,35,0,0,0,0,0,0,0,32,33,35,0,0,0,0,0,0,0,0,0,0,0,0,0,0,0,0,0,0,0,0,0,0,0,0,0,0,0,0,0,0,
0,0,0,0,0,0,0,0,0,0,0,0,0,0,0,0,0,33,46,19,0,0,0,0,0,0,0,33,36,17,0,0,0,0,0,0,0,0,0,0,0,0,0,0,0,0,0,0,0,0,0,0,0,0,0,0,0,0,0,0,
0,0,0,0,0,0,0,0,0,0,0,0,0,0,0,0,0,32,17,43,0,0,0,0,0,0,0,32,16,47,0,0,0,0,0,0,0,0,0,0,0,0,0,0,0,0,0,0,0,0,0,0,0,0,0,0,0,0,0,0,
0,0,0,0,0,0,0,0,0,0,0,0,0,0,0,0,0,32,38,45,0,0,0,0,0,0,0,32,46,38,0,0,0,0,0,0,0,0,0,0,0,0,0,0,0,0,0,0,0,0,0,0,0,0,0,0,0,0,0,0,
0,0,0,0,0,0,0,0,0,0,0,0,0,0,0,0,0,32,47,47,0,0,0,0,0,0,0,32,39,45,0,0,0,0,0,0,0,0,0,0,0,0,0,0,0,0,0,0,0,0,0,0,0,0,0,0,0,0,0,0,
0,0,0,0,0,0,0,0,0,0,0,0,0,0,0,0,0,33,19,17,0,0,0,0,0,0,0,33,37,45,0,0,0,0,0,0,0,0,0,0,0,0,0,0,0,0,0,0,0,0,0,0,0,0,0,0,0,0,0,0,
0,0,0,0,0,0,0,0,0,0,0,0,0,0,0,0,0,32,16,40,0,0,0,0,0,0,0,32,41,17,0,0,0,0,0,0,0,0,0,0,0,0,0,0,0,0,0,0,0,0,0,0,0,0,0,0,0,0,0,0,
0,33,32,33,35,32,33,33,34,33,32,33,35,32,33,35,32,33,34,33,32,33,35,32,33,35,32,33,34,33,32,33,35,32,33,35,32,32,33,35,32,33,32,33,35,32,33,33,34,33,0,0,0,0,0,0,0,0,0,0,
0,47,38,18,45,40,19,19,18,45,18,19,17,19,44,19,42,19,45,44,39,47,18,39,46,37,18,43,38,45,33,34,33,33,34,33,33,33,34,33,33,34,33,34,33,33,34,32,35,34,0,0,0,0,0,0,0,0,0,0,
0,16,37,16,37,45,46,17,37,39,44,43,38,45,17,47,16,19,37,19,19,39,47,16,37,42,46,43,42,45,32,35,34,32,35,34,32,32,35,34,32,35,32,35,34,32,35,34,33,35,0,0,0,0,0,0,0,0,0,0,
0,0,0,0,0,0,0,33,34,33,0,0,0,0,0,0,0,33,34,33,0,0,0,0,0,0,0,33,18,33,0,0,0,0,0,0,0,33,34,33,0,0,0,0,0,0,0,33,34,33,0,0,0,0,0,0,0,0,0,0,
0,0,0,0,0,0,0,32,33,35,0,0,0,0,0,0,0,32,33,35,0,0,0,0,0,0,0,32,37,41,0,0,0,0,0,0,0,32,33,35,0,0,0,0,0,0,0,32,33,35,35,34,33,32,34,0,0,0,0,0,
0,0,0,0,0,0,0,33,34,33,0,0,0,0,0,0,0,33,34,33,0,0,0,0,0,0,0,33,18,40,0,0,0,0,0,0,0,33,34,33,0,0,0,0,0,0,0,33,34,35,32,33,32,33,35,0,0,0,0,0,
0,0,0,0,0,0,0,32,35,34,0,0,0,19,16,17,18,32,35,34,32,16,17,18,0,0,0,32,19,41,0,0,0,0,0,0,0,32,35,34,0,0,0,0,0,0,0,32,35,33,33,32,35,32,32,0,0,0,0,0,
0,0,0,0,0,0,0,32,33,35,0,0,0,18,18,17,16,32,51,51,33,18,17,16,0,0,0,32,36,41,0,0,0,0,0,0,0,32,33,35,0,0,0,0,0,0,0,32,33,34,32,35,32,33,32,0,0,0,0,0,
0,0,0,0,0,0,0,33,34,33,0,0,0,19,16,17,41,33,51,51,32,19,17,18,0,0,0,33,18,47,0,0,0,0,0,0,0,33,34,33,0,0,0,0,0,0,0,33,34,33,34,35,32,33,32,0,0,0,0,0,
0,0,0,0,0,0,0,32,35,34,0,0,0,18,18,17,16,32,51,51,33,18,17,16,0,0,0,32,39,39,0,0,0,0,0,0,0,32,35,34,0,0,0,0,0,0,0,32,35,34,0,0,0,0,0,0,0,0,0,0,
32,33,32,33,35,32,33,33,34,33,0,0,0,19,18,36,43,33,51,51,32,46,41,17,0,0,0,33,47,18,32,33,35,32,33,35,32,32,33,35,32,33,32,33,35,32,33,33,34,33,0,0,0,0,0,0,0,0,0,0,
33,34,33,34,33,33,34,32,35,34,0,0,0,51,51,51,51,51,51,51,51,51,51,51,0,0,0,32,18,43,33,34,33,33,34,33,33,33,34,33,33,34,33,34,33,33,34,32,35,34,0,0,0,0,0,0,0,0,0,0,
32,35,32,35,34,32,35,34,33,35,0,0,0,19,18,16,45,33,51,51,33,18,16,17,0,0,0,34,17,41,32,35,34,32,35,34,32,32,35,34,32,35,32,35,34,32,35,34,33,35,0,0,0,0,0,0,0,0,0,0,
0,0,0,0,0,0,0,33,34,33,0,0,0,18,16,19,17,33,51,51,32,45,19,18,0,0,0,33,45,36,0,0,0,0,0,0,0,0,0,0,0,0,0,0,0,0,0,0,0,0,0,0,0,0,0,0,0,0,0,0,
0,0,0,0,0,0,0,32,33,35,0,0,0,19,16,19,19,32,51,51,32,16,19,19,0,0,0,32,44,37,0,0,0,0,0,0,0,0,0,0,0,0,0,0,0,0,0,0,0,0,0,0,0,0,0,0,0,0,0,0,
0,0,0,0,0,0,0,33,34,33,0,0,0,18,17,17,42,32,51,51,33,46,17,16,0,0,0,33,16,42,0,0,0,0,0,0,0,0,0,0,0,0,0,0,0,0,0,0,0,0,0,0,0,0,0,0,0,0,0,0,
0,0,0,0,0,0,0,32,35,34,0,0,0,18,19,36,17,33,34,33,34,18,17,16,0,0,0,32,46,18,0,0,0,0,0,0,0,0,0,0,0,0,0,0,0,0,0,0,0,0,0,0,0,0,0,0,0,0,0,0,
0,0,0,0,0,0,0,32,33,35,0,0,0,0,0,0,0,32,35,34,0,0,0,0,0,0,0,32,37,19,0,0,0,0,0,0,0,0,0,0,0,0,0,0,0,0,0,0,0,0,0,0,0,0,0,0,0,0,0,0,
0,0,0,0,0,0,0,33,34,33,0,0,0,0,0,0,0,33,34,33,0,0,0,0,0,0,0,33,43,17,0,0,0,0,0,0,0,0,0,0,0,0,0,0,0,0,0,0,0,0,0,0,0,0,0,0,0,0,0,0,
0,0,0,0,0,0,0,32,35,34,0,0,0,0,0,0,0,32,35,34,0,0,0,0,0,0,0,32,44,47,0,0,0,0,0,0,0,0,0,0,0,0,0,0,0,0,0,0,0,0,0,0,0,0,0,0,0,0,0,0,
18,18,18,19,19,17,33,33,34,33,32,33,35,32,33,35,32,33,34,33,32,33,35,32,33,35,32,33,43,18,32,33,35,32,33,35,32,32,33,35,0,0,0,0,0,0,0,0,0,0,0,0,0,0,0,0,0,0,0,0,
18,16,19,16,18,36,34,32,35,34,33,34,33,33,34,33,33,32,35,34,33,34,33,33,34,33,33,32,37,38,33,34,33,33,34,33,33,33,34,33,0,0,0,0,0,0,0,0,0,0,0,0,0,0,0,0,0,0,0,0,
16,41,19,16,43,18,35,34,33,35,32,35,34,32,35,34,32,34,33,35,32,35,34,32,35,34,32,34,37,16,32,35,34,32,35,34,32,32,35,34,0,0,0,0,0,0,0,0,0,0,0,0,0,0,0,0,0,0,0,0,
18,16,18,18,38,16,33,33,34,33,0,0,0,0,0,0,0,33,34,33,0,0,0,0,0,0,0,33,19,16,0,0,0,0,0,0,0,33,34,33,0,0,0,0,0,0,0,0,0,0,0,0,0,0,0,0,0,0,0,0,
18,16,19,18,47,17,34,32,33,35,0,0,0,0,0,0,0,32,33,35,0,0,0,0,0,0,0,32,45,40,0,0,0,0,0,0,0,32,33,35,0,0,0,0,0,0,0,0,0,0,0,0,0,0,0,0,0,0,0,0,
19,17,16,42,17,18,35,33,34,33,0,0,0,0,0,0,0,33,34,33,0,0,0,0,0,0,0,33,16,44,0,0,0,0,0,0,0,33,34,33,0,0,0,0,0,0,0,0,0,0,0,0,0,0,0,0,0,0,0,0,
17,17,19,18,39,17,35,32,35,34,0,0,0,0,0,0,0,32,35,34,0,0,0,0,0,0,0,32,36,42,0,0,0,0,0,0,0,32,35,34,0,0,0,0,0,0,0,0,0,0,0,0,0,0,0,0,0,0,0,0,
16,18,18,16,46,18,33,32,33,35,0,0,0,0,0,0,0,32,33,35,0,0,0,0,0,0,0,32,37,17,0,0,0,0,0,0,0,32,33,35,0,0,0,0,0,0,0,0,0,0,0,0,0,0,0,0,0,0,0,0,
19,17,19,16,19,19,34,33,34,33,0,0,0,0,0,0,0,33,34,33,0,0,0,0,0,0,0,33,16,38,0,0,0,0,0,0,0,33,34,33,0,0,0,0,0,0,0,0,0,0,0,0,0,0,0,0,0,0,0,0,
17,16,18,17,45,16,35,32,35,34,0,0,0,0,0,0,0,32,35,34,0,0,0,0,0,0,0,32,45,18,17,0,0,0,0,0,0,32,35,34,0,33,32,35,34,32,34,32,49,0,0,0,0,0,0,0,0,0,0,0,
19,19,18,40,16,46,33,33,34,33,32,33,35,32,33,35,32,33,34,33,32,33,35,32,33,35,32,33,45,36,32,33,35,32,33,35,32,32,33,35,32,33,32,33,35,32,35,32,49,0,0,0,0,0,0,0,0,0,0,0,
19,17,18,18,19,17,34,32,35,34,33,34,33,33,34,33,33,32,35,34,33,34,33,33,34,33,33,32,41,46,33,34,33,33,34,33,33,33,34,33,33,34,33,33,34,34,33,33,49,0,0,0,0,0,0,0,0,0,0,0,
19,18,18,17,41,18,35,34,33,30,23,23,23,23,23,23,23,31,33,30,23,23,23,23,23,23,23,31,16,18,32,35,34,32,35,34,32,32,35,17,17,19,17,19,35,34,48,50,0,0,0,0,0,0,0,0,0,0,0,0,
0,0,0,0,0,0,0,33,34,22,48,50,50,50,50,50,50,20,34,22,48,50,50,50,50,50,50,20,17,44,0,0,0,0,0,0,0,33,34,19,18,19,16,42,34,33,49,0,0,0,0,0,0,0,0,0,0,0,0,0,
0,0,0,0,0,0,0,32,33,22,49,0,0,0,0,0,0,20,33,22,49,0,0,0,0,0,0,20,47,46,0,0,0,0,0,0,0,32,33,35,32,33,44,16,33,35,49,0,0,0,0,0,0,0,0,0,0,0,0,0,
0,0,0,0,0,0,0,33,34,22,49,0,0,0,0,0,0,20,34,22,49,0,0,0,0,0,0,20,39,39,0,0,0,0,0,0,0,33,34,33,33,34,18,19,34,33,49,0,0,0,0,0,0,0,0,0,0,0,0,0,
0,0,0,0,0,0,0,32,35,22,49,0,0,0,25,49,0,20,35,22,49,0,0,0,25,49,0,20,36,47,0,0,0,0,0,0,0,32,35,34,32,35,16,47,35,34,49,0,0,0,0,0,0,0,0,0,0,0,0,0,
0,0,0,0,0,0,0,32,33,22,49,0,0,27,26,49,0,20,33,22,49,0,0,27,26,49,0,20,17,18,0,0,0,0,0,0,0,32,33,35,32,33,41,16,33,35,49,0,0,0,0,0,0,0,0,0,0,0,0,0,
0,0,0,0,0,0,0,33,34,22,49,0,0,50,50,0,0,20,34,22,49,0,0,50,50,0,0,20,19,18,0,0,0,0,0,0,0,33,34,33,33,34,19,18,34,33,49,0,0,0,0,0,0,0,0,0,0,0,0,0,
0,0,0,0,0,0,0,32,35,22,49,0,0,0,0,0,0,20,35,22,49,0,0,0,0,0,0,20,46,37,0,0,0,0,0,0,0,18,16,18,32,35,45,16,35,34,49,0,0,0,0,0,0,0,0,0,0,0,0,0,
32,33,32,33,35,32,33,33,34,29,21,21,21,21,21,21,21,28,34,29,21,21,21,21,21,21,21,28,17,44,32,33,35,32,33,35,32,32,33,35,32,33,16,19,33,35,49,0,0,0,0,0,0,0,0,0,0,0,0,0,
33,34,33,34,33,33,34,32,35,34,33,34,33,33,34,33,33,32,35,34,33,34,33,33,34,33,33,32,45,37,33,34,33,33,34,33,33,33,34,33,33,34,33,33,34,33,49,0,0,0,0,0,0,0,0,0,0,0,0,0,
32,35,32,35,34,32,35,34,33,30,23,23,23,23,23,23,23,31,33,30,23,23,23,23,23,23,23,31,40,19,32,35,34,32,35,34,32,32,35,34,32,35,34,32,35,34,49,0,0,0,0,0,0,0,0,0,0,0,0,0,
0,0,0,0,0,0,0,33,34,22,48,50,50,50,50,50,50,20,34,22,51,51,51,51,51,51,51,20,17,42,0,0,0,0,0,0,0,33,34,33,33,34,45,17,34,33,49,0,0,0,0,0,0,0,0,0,0,0,0,0,
0,0,0,0,0,0,0,32,33,22,49,0,0,0,0,0,0,20,33,22,51,0,51,51,51,51,51,20,38,17,0,0,0,0,0,0,0,18,16,18,32,33,17,16,33,35,49,0,0,0,0,0,0,0,0,0,0,0,0,0,
0,0,0,0,0,0,0,33,34,22,49,0,0,0,0,0,0,20,34,22,51,51,0,51,51,51,51,20,44,17,0,0,0,0,0,0,0,33,34,33,33,34,47,19,34,33,49,0,0,0,0,0,0,0,0,0,0,0,0,0,
0,0,0,0,0,0,0,32,35,22,49,0,0,0,25,49,0,20,35,22,51,51,51,0,25,51,51,20,39,38,0,0,0,0,0,0,0,32,35,34,32,35,16,44,35,34,49,0,0,0,0,0,0,0,0,0,0,0,0,0,
0,0,0,0,0,0,0,32,33,22,49,0,0,27,26,49,0,20,33,22,51,51,51,27,26,51,51,20,19,45,0,0,0,0,0,0,0,32,33,35,32,33,17,19,33,35,49,0,0,0,0,0,0,0,0,0,0,0,0,0,
0,0,0,0,0,0,0,33,34,22,49,0,0,50,50,0,0,20,34,22,51,51,51,51,51,51,51,20,18,37,0,0,0,0,0,0,0,33,34,33,33,34,16,38,34,33,49,0,0,0,0,0,0,0,0,0,0,0,0,0,
0,0,0,0,0,0,0,32,35,22,49,0,0,0,0,0,0,20,35,22,51,51,51,51,51,51,51,20,17,18,0,0,0,0,0,0,0,32,35,34,32,35,19,46,35,34,49,0,0,0,0,0,0,0,0,0,0,0,0,0,
32,33,32,33,35,32,33,33,34,29,21,21,21,21,21,21,21,28,34,29,21,21,21,21,21,21,21,28,37,46,32,33,35,32,33,35,32,32,33,36,16,17,18,40,33,35,49,0,0,0,0,0,0,0,0,0,0,0,0,0,
33,34,33,34,33,33,34,32,35,34,33,34,33,33,34,33,33,32,35,34,33,34,33,33,34,33,33,32,43,41,33,34,33,33,34,33,33,33,34,41,19,40,16,16,34,33,49,0,0,0,0,0,0,0,0,0,0,0,0,0,
32,35,32,35,34,32,35,34,33,35,32,35,34,32,35,34,32,34,33,35,32,35,34,32,35,34,32,34,19,39,32,35,34,32,35,34,32,32,35,34,32,35,34,32,35,34,33,33,49,0,0,0,0,0,0,0,0,0,0,0,
0,0,0,0,0,0,0,33,34,33,0,0,0,0,0,0,0,33,34,33,0,0,0,0,0,0,0,33,18,45,0,0,0,0,0,0,0,33,34,33,0,32,35,32,35,34,32,35,49,0,0,0,0,0,0,0,0,0,0,0,
0,0,0,0,0,0,0,32,33,35,0,0,0,0,0,0,0,32,33,35,0,0,0,0,0,0,0,32,38,41,0,0,0,0,0,0,0,32,33,35,0,33,34,32,33,35,32,33,49,0,0,0,0,0,0,0,0,0,0,0,
0,0,0,0,0,0,0,33,34,33,0,0,0,0,0,0,0,33,34,33,0,0,0,0,0,0,0,33,18,46,0,0,0,0,0,0,0,33,34,33,0,50,50,50,50,50,50,50,0,0,0,0,0,0,0,0,0,0,0,0,
0,0,0,0,0,0,0,32,35,34,0,0,0,0,0,0,0,32,35,34,0,0,0,0,0,0,0,32,17,16,0,0,0,0,0,0,0,32,35,34,0,0,0,0,0,0,0,0,0,0,0,0,0,0,0,0,0,0,0,0,
0,0,0,0,0,0,0,32,33,35,0,0,0,0,0,0,0,32,33,35,0,0,0,0,0,0,0,32,46,42,0,0,0,0,0,0,0,32,33,35,0,0,0,0,0,0,0,0,0,0,0,0,0,0,0,0,0,0,0,0,
0,0,0,0,0,0,0,33,34,33,0,0,0,0,0,0,0,33,34,33,0,0,0,0,0,0,0,33,41,19,0,0,0,0,0,0,0,33,34,33,0,0,0,0,0,0,0,0,0,0,0,0,0,0,0,0,0,0,0,0,
0,0,0,0,0,0,0,32,35,34,0,0,0,0,0,0,0,32,35,34,0,0,0,0,0,0,0,32,18,40,0,0,0,0,0,0,0,32,35,34,0,0,0,0,0,0,0,0,0,0,0,0,0,0,0,0,0,0,0,0,
0,0,0,0,0,0,0,33,34,33,32,33,35,32,33,35,32,33,34,33,32,33,35,32,33,35,32,33,38,16,32,33,35,32,33,35,32,32,33,35,32,0,0,0,0,0,0,0,0,0,0,0,0,0,0,0,0,0,0,0,
0,0,0,0,0,0,0,32,35,34,33,34,33,33,34,33,33,32,35,34,33,34,33,33,34,33,33,32,18,19,33,34,33,33,34,33,33,33,34,33,33,0,0,0,0,0,0,0,0,0,0,0,0,0,0,0,0,0,0,0,
0,0,0,0,0,0,0,34,33,35,32,35,34,32,35,34,32,34,33,35,32,35,34,32,35,34,32,34,42,38,32,35,34,32,35,34,32,32,35,34,32,0,0,0,0,0,0,0,0,0,0,0,0,0,0,0,0,0,0,0,
0,0,0,0,0,0,0,0,0,0,0,0,0,0,0,0,0,33,34,33,0,0,0,0,0,0,0,33,47,43,0,0,0,0,0,0,0,33,34,33,0,0,0,0,0,0,0,0,0,0,0,0,0,0,0,0,0,0,0,0,
0,0,0,0,0,0,0,0,0,0,0,0,0,0,0,0,0,0,0,0,0,0,0,0,0,0,0,32,38,16,0,0,0,0,0,0,0,0,0,0,0,0,0,0,0,0,0,0,0,0,0,0,0,0,0,0,0,0,0,0,
0,0,0,0,0,0,0,0,0,0,0,0,0,0,0,0,0,0,0,0,0,0,0,0,0,0,0,33,19,16,0,0,0,0,0,0,0,0,0,0,0,0,0,0,0,0,0,0,0,0,0,0,0,0,0,0,0,0,0,0,
0,0,0,0,0,0,0,0,0,0,0,0,0,0,0,0,0,0,0,0,0,0,0,0,0,0,0,32,16,38,0,0,0,0,0,0,0,0,0,0,0,0,0,0,0,0,0,0,0,0,0,0,0,0,0,0,0,0,0,0,
0,0,0,0,0,0,0,0,0,0,0,0,0,0,0,0,0,0,0,0,0,0,0,0,0,0,0,32,18,37,0,0,0,0,0,0,0,0,0,0,0,0,0,0,0,0,0,0,0,0,0,0,0,0,0,0,0,0,0,0,
0,0,0,0,0,0,0,0,0,0,0,0,0,0,0,0,0,0,0,0,0,0,0,0,0,0,0,33,47,19,0,0,0,0,0,0,0,0,0,0,0,0,0,0,0,0,0,0,0,0,0,0,0,0,0,0,0,0,0,0,
0,0,0,0,0,0,0,0,0,0,0,0,0,0,0,0,0,0,0,0,0,0,0,0,0,0,0,32,19,40,0,0,0,0,0,0,0,0,0,0,0,0,0,0,0,0,0,0,0,0,0,0,0,0,0,0,0,0,0,0,
0,0,0,0,0,0,0,0,0,0,0,0,0,0,0,0,0,0,0,0,0,0,0,0,0,0,0,33,18,41,0,0,0,0,0,0,0,0,0,0,0,0,0,0,0,0,0,0,0,0,0,0,0,0,0,0,0,0,0,0,
0,0,0,0,0,0,0,0,0,0,0,0,0,0,0,0,0,0,0,0,0,0,0,0,0,0,0,32,0,0,0,0,0,0,0,0,0,0,0,0,0,0,0,0,0,0,0,0,0,0,0,0,0,0,0,0,0,0,0,0,
0,0,0,0,0,0,0,0,0,0,0,0,0,0,0,0,0,0,0,0,0,0,0,0,0,0,0,35,264,0,0,0,0,0,0,0,0,0,0,0,0,0,0,0,0,0,0,0,0,0,0,0,0,0,0,0,0,0,0,0,
0,0,0,0,0,0,0,0,0,0,0,0,0,0,0,0,0,0,0,0,0,0,0,0,0,0,0,35,35,35,35,0,0,0,0,0,0,0,0,0,0,0,0,0,0,0,0,0,0,0,0,0,0,0,0,0,0,0,0,0,
0,0,0,0,0,0,0,0,0,0,0,0,0,0,0,0,0,0,0,0,0,0,0,0,0,0,0,0,0,0,0,0,0,0,0,0,0,0,0,0,0,0,0,0,0,0,0,0,0,0,0,0,0,0,0,0,0,0,0,0

[layer]
type=object
data=
0,0,0,0,0,0,0,0,0,0,0,0,0,0,0,0,0,77,105,65,78,0,0,0,0,0,0,77,65,65,78,0,0,0,0,0,0,0,0,0,0,0,0,0,0,0,0,0,0,0,0,0,0,0,0,0,0,0,0,0,
0,0,0,0,0,0,0,0,0,0,0,0,0,0,0,0,0,108,0,0,70,0,0,0,0,0,0,64,0,0,70,0,0,0,0,0,0,0,0,0,0,0,0,0,0,0,0,0,0,0,0,0,0,0,0,0,0,0,0,0,
0,0,0,0,0,0,0,0,0,0,0,0,0,0,0,0,0,64,180,0,82,0,0,0,0,0,0,64,180,0,82,0,0,0,0,0,0,0,0,0,0,0,0,0,0,0,0,0,0,0,0,0,0,0,0,0,0,0,0,0,
0,0,0,0,0,0,0,0,0,0,0,0,0,0,0,0,0,64,0,0,82,0,0,0,0,0,0,64,0,0,82,0,0,0,0,0,0,0,0,0,0,0,0,0,0,0,0,0,0,0,0,0,0,0,0,0,0,0,0,0,
0,0,0,0,0,0,0,0,0,0,0,0,0,0,0,0,0,64,0,0,82,0,0,0,0,0,0,64,0,0,82,0,0,0,0,0,0,0,0,0,0,0,0,0,0,0,0,0,0,0,0,0,0,0,0,0,0,0,0,0,
0,0,0,0,0,0,0,0,0,0,0,0,0,0,0,0,0,64,0,178,82,0,0,0,0,0,0,64,0,0,82,0,0,0,0,0,0,0,0,0,0,0,0,0,0,0,0,0,0,0,0,0,0,0,0,0,0,0,0,0,
0,0,0,0,0,0,0,0,0,0,0,0,0,0,0,0,0,64,0,0,82,0,0,0,0,0,0,64,0,0,82,0,0,0,0,0,0,0,0,0,0,0,0,0,0,0,0,0,0,0,0,0,0,0,0,0,0,0,0,0,
0,77,65,65,65,65,65,69,69,69,69,69,65,65,65,65,65,73,0,0,90,81,65,65,65,65,65,73,0,0,90,81,65,65,105,65,65,65,65,65,65,65,65,65,65,65,65,65,65,65,78,0,0,0,0,0,0,0,0,0,
0,68,0,0,0,0,0,0,180,0,0,0,0,0,0,0,0,0,0,0,0,0,0,0,0,0,0,0,0,0,0,0,0,0,0,0,0,0,0,0,0,0,0,0,0,0,0,0,0,0,70,0,0,0,0,0,0,0,0,0,
0,64,0,0,0,0,0,0,0,0,0,0,0,0,0,0,0,0,0,0,0,0,0,0,0,0,0,0,0,0,0,0,0,0,0,0,0,0,0,0,0,0,0,0,0,0,0,0,0,0,82,0,0,0,0,0,0,0,0,0,
0,76,71,83,83,83,83,88,0,0,91,83,83,83,83,83,83,88,0,0,91,83,83,83,83,83,83,88,0,0,91,83,83,83,83,83,83,88,0,0,91,83,83,83,83,83,83,88,0,0,82,0,0,0,0,0,0,0,0,0,
0,0,0,0,0,0,0,80,0,0,82,0,0,0,0,0,0,80,0,0,82,0,0,0,0,0,0,80,0,0,82,0,0,0,0,0,0,80,0,0,82,0,0,0,0,0,0,80,0,0,90,81,69,107,69,78,0,0,0,0,
0,0,0,0,0,0,0,64,0,0,82,0,0,0,0,0,0,80,0,0,82,0,0,0,0,0,0,64,0,0,82,0,0,0,0,0,0,64,0,0,82,0,0,0,0,0,0,64,176,0,0,0,0,0,0,70,0,0,0,0,
0,0,0,0,0,0,0,64,0,0,82,0,0,77,69,69,69,73,0,0,90,81,69,69,78,0,0,64,0,0,82,0,0,0,0,0,0,64,0,0,82,0,0,0,0,0,0,64,0,0,288,0,0,0,0,82,0,0,0,0,
0,0,0,0,0,0,0,108,0,0,82,0,0,64,196,197,176,0,0,0,0,0,198,199,70,0,0,64,0,0,82,0,0,0,0,0,0,64,0,0,82,0,0,0,0,0,0,64,0,0,0,0,0,0,0,82,0,0,0,0,
0,0,0,0,0,0,0,108,0,0,82,0,0,106,128,0,0,0,0,0,177,0,0,130,82,0,0,68,0,0,82,0,0,0,0,0,0,64,0,0,82,0,0,0,0,0,0,64,178,0,0,0,0,0,0,82,0,0,0,0,
0,0,0,0,0,0,0,64,0,0,82,0,0,64,196,197,0,0,0,0,0,180,198,199,82,0,0,64,0,0,82,0,0,0,0,0,0,64,0,0,82,0,0,0,0,0,0,64,0,0,91,83,83,83,83,95,0,0,0,0,
77,65,65,65,65,65,65,73,0,0,82,0,0,106,128,0,0,180,0,0,0,0,0,130,82,0,0,68,0,0,90,81,65,65,65,65,65,73,0,179,90,81,65,65,65,65,65,73,180,181,82,0,0,0,0,0,0,0,0,0,
64,178,0,176,0,0,0,0,0,0,82,0,0,98,0,178,0,0,0,0,0,0,0,0,82,0,0,68,0,180,0,0,0,0,0,0,0,0,0,0,0,0,0,0,0,0,0,0,0,0,82,0,0,0,0,0,0,0,0,0,
64,0,0,0,0,0,0,0,0,0,82,0,0,106,128,0,0,0,0,179,0,0,0,130,82,0,0,64,0,0,0,0,0,0,0,0,0,0,0,0,0,0,0,0,0,0,0,0,0,0,82,0,0,0,0,0,0,0,0,0,
76,71,83,83,83,83,83,88,0,0,82,0,0,64,196,197,0,0,0,0,0,178,198,199,82,0,0,68,0,0,91,83,83,83,83,83,83,83,83,83,83,83,83,83,83,83,83,83,83,83,95,0,0,0,0,0,0,0,0,0,
0,0,0,0,0,0,0,80,0,0,82,0,0,106,128,0,177,0,0,0,0,0,0,130,82,0,0,68,0,0,82,0,0,0,0,0,0,0,0,0,0,0,0,0,0,0,0,0,0,0,0,0,0,0,0,0,0,0,0,0,
0,0,0,0,0,0,0,64,0,0,82,0,0,64,196,197,0,0,0,0,0,0,198,199,82,0,0,64,0,0,82,0,0,0,0,0,0,0,0,0,0,0,0,0,0,0,0,0,0,0,0,0,0,0,0,0,0,0,0,0,
0,0,0,0,0,0,0,108,0,0,82,0,0,104,0,0,0,0,0,0,0,0,0,0,82,0,0,64,0,0,82,0,0,0,0,0,0,0,0,0,0,0,0,0,0,0,0,0,0,0,0,0,0,0,0,0,0,0,0,0,
0,0,0,0,0,0,0,64,0,0,82,0,0,76,71,83,83,88,0,0,91,83,83,83,95,0,0,68,0,0,82,0,0,0,0,0,0,0,0,0,0,0,0,0,0,0,0,0,0,0,0,0,0,0,0,0,0,0,0,0,
0,0,0,0,0,0,0,64,0,0,82,0,0,0,0,0,0,80,0,0,82,0,0,0,0,0,0,64,0,0,82,0,0,0,0,0,0,0,0,0,0,0,0,0,0,0,0,0,0,0,0,0,0,0,0,0,0,0,0,0,
0,0,0,0,0,0,0,64,0,0,82,0,0,0,0,0,0,64,0,0,82,0,0,0,0,0,0,64,0,0,82,0,0,0,0,0,0,0,0,0,0,0,0,0,0,0,0,0,0,0,0,0,0,0,0,0,0,0,0,0,
77,65,103,109,105,65,65,65,103,113,103,65,65,65,65,65,65,73,0,0,90,81,65,65,105,65,65,73,0,0,90,81,103,65,65,65,65,65,65,65,78,0,0,0,0,0,0,0,0,0,0,0,0,0,0,0,0,0,0,0,
64,110,149,110,0,0,0,0,0,0,0,0,0,0,0,0,0,0,0,0,0,0,0,0,0,0,0,0,0,0,0,0,0,0,0,181,0,0,0,0,70,0,0,0,0,0,0,0,0,0,0,0,0,0,0,0,0,0,0,0,
64,0,0,0,181,193,121,0,0,0,0,0,0,0,0,0,0,0,0,0,0,0,0,0,0,0,0,0,0,0,0,0,0,0,0,0,0,0,177,0,82,0,0,0,0,0,0,0,0,0,0,0,0,0,0,0,0,0,0,0,
64,0,137,0,0,0,122,0,0,0,91,83,83,83,83,83,83,88,0,0,91,83,83,83,83,83,83,88,0,0,91,83,83,83,83,83,83,88,0,0,82,0,0,0,0,0,0,0,0,0,0,0,0,0,0,0,0,0,0,0,
64,202,203,0,177,0,122,0,0,0,82,0,0,0,0,0,0,80,0,0,82,0,0,0,0,0,0,80,0,0,82,0,0,0,0,0,0,80,0,0,82,0,0,0,0,0,0,0,0,0,0,0,0,0,0,0,0,0,0,0,
100,146,0,0,0,0,119,167,0,0,82,0,0,0,0,0,0,64,0,0,82,0,0,0,0,0,0,64,0,0,82,0,0,0,0,0,0,64,0,0,82,0,0,0,0,0,0,0,0,0,0,0,0,0,0,0,0,0,0,0,
100,202,203,0,0,0,0,0,0,0,82,0,0,0,0,0,0,64,0,0,82,0,0,0,0,0,0,64,0,0,82,0,0,0,0,0,0,64,0,0,82,0,0,0,0,0,0,0,0,0,0,0,0,0,0,0,0,0,0,0,
108,136,178,180,0,0,0,0,0,0,82,0,0,0,0,0,0,64,0,0,82,0,0,0,0,0,0,64,0,0,82,0,0,0,0,0,0,64,0,0,82,0,0,0,0,0,0,0,0,0,0,0,0,0,0,0,0,0,0,0,
64,0,192,0,0,176,121,167,0,0,82,0,0,0,0,0,0,104,181,0,82,0,0,0,0,0,0,64,0,0,82,0,0,0,0,0,0,64,0,0,82,0,0,0,0,0,0,0,0,0,0,0,0,0,0,0,0,0,0,0,
104,202,203,144,0,0,122,0,0,0,82,0,0,0,0,0,0,64,0,0,82,0,0,0,0,0,0,64,0,0,82,0,0,0,0,0,0,64,0,0,82,88,120,123,123,123,123,124,0,0,0,0,0,0,0,0,0,0,0,0,
64,163,192,0,0,0,122,0,0,0,90,81,65,65,105,65,65,73,0,0,90,81,65,65,103,65,65,73,0,0,90,81,65,65,105,65,65,73,0,0,90,89,0,0,0,0,128,122,0,0,0,0,0,0,0,0,0,0,0,0,
96,202,203,0,177,0,119,0,0,0,0,0,0,0,0,0,0,0,0,0,0,0,0,0,0,0,0,0,179,0,0,0,0,0,178,0,0,0,0,0,0,0,0,0,0,127,123,125,0,0,0,0,0,0,0,0,0,0,0,0,
64,0,0,0,0,0,0,0,0,0,0,0,0,0,0,0,0,0,0,0,0,0,0,0,0,0,0,0,0,0,0,0,0,0,0,0,0,0,0,0,0,0,0,0,0,122,0,0,0,0,0,0,0,0,0,0,0,0,0,0,
76,71,83,83,83,83,83,88,0,0,0,0,0,0,0,0,0,0,0,0,0,0,0,0,0,0,0,0,0,0,91,83,83,83,83,83,83,88,0,0,0,0,0,0,0,122,0,0,0,0,0,0,0,0,0,0,0,0,0,0,
0,0,0,0,0,0,0,80,0,0,0,0,0,0,0,0,0,0,0,0,0,0,0,0,0,0,0,0,0,0,82,0,0,0,0,0,0,80,0,0,0,0,0,0,0,122,0,0,0,0,0,0,0,0,0,0,0,0,0,0,
0,0,0,0,0,0,0,64,0,0,0,0,0,0,0,0,0,0,0,0,0,0,0,0,0,0,0,0,0,0,82,0,0,0,0,0,0,64,0,0,0,0,0,0,0,122,0,0,0,0,0,0,0,0,0,0,0,0,0,0,
0,0,0,0,0,0,0,64,0,0,0,0,0,75,72,0,0,0,0,0,0,0,0,75,72,0,0,0,0,0,82,0,0,0,0,0,0,64,0,0,0,0,0,0,0,122,0,0,0,0,0,0,0,0,0,0,0,0,0,0,
0,0,0,0,0,0,0,102,0,0,0,0,0,74,73,0,0,0,0,0,0,0,0,74,73,0,0,0,0,0,82,0,0,0,0,0,0,64,0,0,0,0,0,0,0,122,0,0,0,0,0,0,0,0,0,0,0,0,0,0,
0,0,0,0,0,0,0,104,0,0,0,0,0,0,0,0,0,0,0,0,0,0,0,0,0,0,0,0,0,0,82,0,0,0,0,0,0,106,0,0,0,0,0,0,0,122,0,0,0,0,0,0,0,0,0,0,0,0,0,0,
0,0,0,0,0,0,0,64,0,0,0,0,0,0,0,0,0,181,0,0,0,0,0,0,0,0,0,0,0,0,82,0,0,0,0,0,0,64,148,0,0,0,0,0,0,122,0,0,0,0,0,0,0,0,0,0,0,0,0,0,
77,65,65,65,65,105,65,73,0,0,0,0,0,0,0,179,0,0,0,0,0,0,0,0,0,0,0,0,0,0,90,81,65,65,65,65,65,73,180,0,0,0,0,0,167,119,0,0,0,0,0,0,0,0,0,0,0,0,0,0,
64,0,177,180,0,0,0,0,0,0,0,0,0,0,0,0,0,176,0,0,0,0,0,0,0,0,0,0,0,0,0,0,0,0,0,0,0,0,0,0,0,0,0,0,176,0,0,0,0,0,0,0,0,0,0,0,0,0,0,0,
64,0,0,0,0,0,0,0,0,0,0,0,0,0,0,0,0,0,0,0,0,0,0,0,0,0,0,0,0,0,0,0,0,0,0,0,0,0,0,0,0,0,0,0,0,0,0,0,0,0,0,0,0,0,0,0,0,0,0,0,
76,71,83,83,83,83,83,88,0,0,0,0,0,0,0,0,0,0,0,0,0,0,0,0,0,0,0,0,0,0,91,83,83,83,83,83,83,88,0,0,0,0,0,0,167,121,0,0,0,0,0,0,0,0,0,0,0,0,0,0,
0,0,0,0,0,0,0,80,0,0,0,0,0,0,0,0,0,0,0,0,0,0,0,0,0,0,0,0,0,0,82,0,0,0,0,0,0,80,148,0,0,0,0,0,0,122,0,0,0,0,0,0,0,0,0,0,0,0,0,0,
0,0,0,0,0,0,0,64,0,0,0,0,0,0,0,0,0,0,0,0,0,0,0,0,0,0,0,0,0,0,82,0,0,0,0,0,0,104,0,0,0,0,0,0,0,122,0,0,0,0,0,0,0,0,0,0,0,0,0,0,
0,0,0,0,0,0,0,64,0,0,0,0,0,75,72,0,0,0,0,0,0,0,0,75,72,178,0,0,0,0,82,0,0,0,0,0,0,106,0,0,0,0,0,0,0,122,0,0,0,0,0,0,0,0,0,0,0,0,0,0,
0,0,0,0,0,0,0,104,0,0,0,0,0,74,73,0,0,0,0,0,0,0,0,74,73,0,0,0,0,0,82,0,0,0,0,0,0,64,0,0,0,0,0,0,0,122,0,0,0,0,0,0,0,0,0,0,0,0,0,0,
0,0,0,0,0,0,0,108,0,0,0,0,0,0,0,0,0,0,0,0,0,0,0,0,0,0,0,0,0,0,82,0,0,0,0,0,0,64,0,0,0,0,0,0,0,122,0,0,0,0,0,0,0,0,0,0,0,0,0,0,
0,0,0,0,0,0,0,64,0,0,0,0,0,0,0,0,0,0,0,0,0,0,0,0,0,0,0,0,0,0,82,0,0,0,0,0,0,104,0,0,0,0,0,0,0,122,0,0,0,0,0,0,0,0,0,0,0,0,0,0,
77,65,99,65,65,65,65,73,0,0,0,0,0,176,178,0,0,0,0,0,0,0,0,0,0,0,0,0,0,0,90,81,65,65,65,65,65,73,0,0,0,0,0,0,0,122,0,0,0,0,0,0,0,0,0,0,0,0,0,0,
64,0,181,0,0,0,0,0,0,0,0,0,0,181,0,0,0,0,0,0,0,0,0,0,0,0,0,0,0,0,0,0,0,0,0,0,0,0,0,0,0,0,0,0,0,122,0,0,0,0,0,0,0,0,0,0,0,0,0,0,
64,0,0,0,0,0,0,0,0,0,0,0,0,0,0,0,0,0,0,0,0,0,0,0,0,0,0,0,0,0,0,0,0,0,0,0,0,0,0,0,0,0,0,0,0,126,123,124,0,0,0,0,0,0,0,0,0,0,0,0,
76,71,83,83,83,83,83,88,0,0,91,83,83,83,83,83,83,88,0,0,91,83,83,83,83,83,83,88,0,0,91,83,83,83,83,83,83,88,0,0,91,88,0,0,0,0,128,122,0,0,0,0,0,0,0,0,0,0,0,0,
0,0,0,0,0,0,0,80,0,0,82,0,0,0,0,0,0,80,0,0,82,0,0,0,0,0,0,80,0,0,82,0,0,0,0,0,0,80,0,0,82,89,120,123,123,123,123,125,0,0,0,0,0,0,0,0,0,0,0,0,
0,0,0,0,0,0,0,64,0,0,82,0,0,0,0,0,0,64,0,0,82,0,0,0,0,0,0,64,0,0,82,0,0,0,0,0,0,64,0,0,82,0,0,0,0,0,0,0,0,0,0,0,0,0,0,0,0,0,0,0,
0,0,0,0,0,0,0,64,0,0,82,0,0,0,0,0,0,64,0,0,82,0,0,0,0,0,0,104,0,0,82,0,0,0,0,0,0,64,0,0,82,0,0,0,0,0,0,0,0,0,0,0,0,0,0,0,0,0,0,0,
0,0,0,0,0,0,0,64,0,0,82,0,0,0,0,0,0,64,0,0,82,0,0,0,0,0,0,64,0,0,82,0,0,0,0,0,0,64,0,0,82,0,0,0,0,0,0,0,0,0,0,0,0,0,0,0,0,0,0,0,
0,0,0,0,0,0,0,64,0,0,82,0,0,0,0,0,0,108,0,0,82,0,0,0,0,0,0,64,0,0,82,0,0,0,0,0,0,64,0,0,82,0,0,0,0,0,0,0,0,0,0,0,0,0,0,0,0,0,0,0,
0,0,0,0,0,0,0,64,178,0,82,0,0,0,0,0,0,64,0,0,82,0,0,0,0,0,0,64,0,0,82,0,0,0,0,0,0,64,0,0,82,0,0,0,0,0,0,0,0,0,0,0,0,0,0,0,0,0,0,0,
0,0,0,0,0,0,0,64,0,0,90,81,65,65,65,105,65,73,0,0,90,81,65,65,65,65,65,73,0,0,90,81,65,105,65,65,65,73,181,0,82,0,0,0,0,0,0,0,0,0,0,0,0,0,0,0,0,0,0,0,
0,0,0,0,0,0,0,64,0,0,0,0,179,0,0,0,0,0,0,0,0,0,0,0,0,0,0,0,0,0,0,0,0,0,0,176,0,0,0,0,82,0,0,0,0,0,0,0,0,0,0,0,0,0,0,0,0,0,0,0,
0,0,0,0,0,0,0,64,0,0,0,0,0,0,0,0,0,0,0,0,0,0,0,0,0,0,0,0,0,0,0,0,0,0,0,0,0,0,178,0,82,0,0,0,0,0,0,0,0,0,0,0,0,0,0,0,0,0,0,0,
0,0,0,0,0,0,0,76,71,83,83,83,83,83,83,83,83,83,83,83,83,83,83,83,83,83,83,88,0,0,91,83,83,83,83,83,83,83,83,83,95,0,0,0,0,0,0,0,0,0,0,0,0,0,0,0,0,0,0,0,
0,0,0,0,0,0,0,0,0,0,0,0,0,0,0,0,0,0,0,0,0,0,0,0,0,0,0,80,0,0,82,0,0,0,0,0,0,0,0,0,0,0,0,0,0,0,0,0,0,0,0,0,0,0,0,0,0,0,0,0,
0,0,0,0,0,0,0,0,0,0,0,0,0,0,0,0,0,0,0,0,0,0,0,0,0,0,0,64,0,0,82,0,0,0,0,0,0,0,0,0,0,0,0,0,0,0,0,0,0,0,0,0,0,0,0,0,0,0,0,0,
0,0,0,0,0,0,0,0,0,0,0,0,0,0,0,0,0,0,0,0,0,0,0,0,0,0,0,64,0,0,82,0,0,0,0,0,0,0,0,0,0,0,0,0,0,0,0,0,0,0,0,0,0,0,0,0,0,0,0,0,
0,0,0,0,0,0,0,0,0,0,0,0,0,0,0,0,0,0,0,0,0,0,0,0,0,0,0,64,0,0,82,0,0,0,0,0,0,0,0,0,0,0,0,0,0,0,0,0,0,0,0,0,0,0,0,0,0,0,0,0,
0,0,0,0,0,0,0,0,0,0,0,0,0,0,0,0,0,0,0,0,0,0,0,0,0,0,0,64,0,0,82,0,0,0,0,0,0,0,0,0,0,0,0,0,0,0,0,0,0,0,0,0,0,0,0,0,0,0,0,0,
0,0,0,0,0,0,0,0,0,0,0,0,0,0,0,0,0,0,0,0,0,0,0,0,0,0,0,64,0,0,82,0,0,0,0,0,0,0,0,0,0,0,0,0,0,0,0,0,0,0,0,0,0,0,0,0,0,0,0,0,
0,0,0,0,0,0,0,0,0,0,0,0,0,0,0,0,0,0,0,0,0,0,0,0,0,0,0,114,0,0,82,0,0,0,0,0,0,0,0,0,0,0,0,0,0,0,0,0,0,0,0,0,0,0,0,0,0,0,0,0,
0,0,0,0,0,0,0,0,0,0,0,0,0,0,0,0,0,0,0,0,0,0,0,0,0,0,0,64,0,0,82,0,0,0,0,0,0,0,0,0,0,0,0,0,0,0,0,0,0,0,0,0,0,0,0,0,0,0,0,0,
0,0,0,0,0,0,0,0,0,0,0,0,0,0,0,0,0,0,0,0,0,0,0,0,0,0,0,64,0,0,82,0,0,0,0,0,0,0,0,0,0,0,0,0,0,0,0,0,0,0,0,0,0,0,0,0,0,0,0,0,
0,0,0,0,0,0,0,0,0,0,0,0,0,0,0,0,0,0,0,0,0,0,0,0,0,0,0,76,71,83,95,0,0,0,0,0,0,0,0,0,0,0,0,0,0,0,0,0,0,0,0,0,0,0,0,0,0,0,0,0,
0,0,0,0,0,0,0,0,0,0,0,0,0,0,0,0,0,0,0,0,0,0,0,0,0,0,0,0,0,0,0,0,0,0,0,0,0,0,0,0,0,0,0,0,0,0,0,0,0,0,0,0,0,0,0,0,0,0,0,0

[layer]
type=collision
data=
3,3,3,3,3,3,3,3,3,3,3,3,3,3,3,3,3,1,1,1,1,3,3,3,3,3,3,1,1,1,1,3,3,3,3,3,3,3,3,3,3,3,3,3,3,3,3,3,3,3,3,3,3,3,3,3,3,3,3,3,
3,3,3,3,3,3,3,3,3,3,3,3,3,3,3,3,3,1,0,0,1,3,3,3,3,3,3,1,0,0,1,3,3,3,3,3,3,3,3,3,3,3,3,3,3,3,3,3,3,3,3,3,3,3,3,3,3,3,3,3,
3,3,3,3,3,3,3,3,3,3,3,3,3,3,3,3,3,1,0,0,1,3,3,3,3,3,3,1,0,0,1,3,3,3,3,3,3,3,3,3,3,3,3,3,3,3,3,3,3,3,3,3,3,3,3,3,3,3,3,3,
3,3,3,3,3,3,3,3,3,3,3,3,3,3,3,3,3,1,0,0,1,3,3,3,3,3,3,1,0,0,1,3,3,3,3,3,3,3,3,3,3,3,3,3,3,3,3,3,3,3,3,3,3,3,3,3,3,3,3,3,
3,3,3,3,3,3,3,3,3,3,3,3,3,3,3,3,3,1,0,0,1,3,3,3,3,3,3,1,0,0,1,3,3,3,3,3,3,3,3,3,3,3,3,3,3,3,3,3,3,3,3,3,3,3,3,3,3,3,3,3,
3,3,3,3,3,3,3,3,3,3,3,3,3,3,3,3,3,1,0,0,1,3,3,3,3,3,3,1,0,0,1,3,3,3,3,3,3,3,3,3,3,3,3,3,3,3,3,3,3,3,3,3,3,3,3,3,3,3,3,3,
3,3,3,3,3,3,3,3,3,3,3,3,3,3,3,3,3,1,0,0,1,3,3,3,3,3,3,1,0,0,1,3,3,3,3,3,3,3,3,3,3,3,3,3,3,3,3,3,3,3,3,3,3,3,3,3,3,3,3,3,
3,1,1,1,1,1,1,1,1,1,1,1,1,1,1,1,1,1,0,0,1,1,1,1,1,1,1,1,0,0,1,1,1,1,1,1,1,1,1,1,1,1,1,1,1,1,1,1,1,1,1,3,3,3,3,3,3,3,3,3,
3,1,0,0,0,0,0,0,0,0,0,0,0,0,0,0,0,0,0,0,0,0,0,0,0,0,0,0,0,0,0,0,0,0,0,0,0,0,0,0,0,0,0,0,0,0,0,0,0,0,1,3,3,3,3,3,3,3,3,3,
3,1,0,0,0,0,0,0,0,0,0,0,0,0,0,0,0,0,0,0,0,0,0,0,0,0,0,0,0,0,0,0,0,0,0,0,0,0,0,0,0,0,0,0,0,0,0,0,0,0,1,3,3,3,3,3,3,3,3,3,
3,1,1,1,1,1,1,1,0,0,1,1,1,1,1,1,1,1,0,0,1,1,1,1,1,1,1,1,0,0,1,1,1,1,1,1,1,1,0,0,1,1,1,1,1,1,1,1,0,0,1,3,3,3,3,3,3,3,3,3,
3,3,3,3,3,3,3,1,0,0,1,3,3,3,3,3,3,1,0,0,1,3,3,3,3,3,3,1,0,0,1,3,3,3,3,3,3,1,0,0,1,3,3,3,3,3,3,1,0,0,1,1,1,1,1,1,3,3,3,3,
3,3,3,3,3,3,3,1,0,0,1,3,3,3,3,3,3,1,0,0,1,3,3,3,3,3,3,1,0,0,1,3,3,3,3,3,3,1,0,0,1,3,3,3,3,3,3,1,0,0,0,0,0,0,0,1,3,3,3,3,
3,3,3,3,3,3,3,1,0,0,1,3,3,1,1,1,1,1,0,0,1,1,1,1,1,3,3,1,0,0,1,3,3,3,3,3,3,1,0,0,1,3,3,3,3,3,3,1,0,0,2,0,0,0,0,1,3,3,3,3,
3,3,3,3,3,3,3,1,0,0,1,3,3,1,2,2,0,0,0,0,0,0,2,2,1,3,3,1,0,0,1,3,3,3,3,3,3,1,0,0,1,3,3,3,3,3,3,1,0,0,0,0,0,0,0,1,3,3,3,3,
3,3,3,3,3,3,3,1,0,0,1,3,3,1,1,0,0,0,0,0,0,0,0,1,1,3,3,1,0,0,1,3,3,3,3,3,3,1,0,0,1,3,3,3,3,3,3,1,0,0,0,0,0,0,0,1,3,3,3,3,
3,3,3,3,3,3,3,1,0,0,1,3,3,1,2,2,0,0,0,0,0,0,2,2,1,3,3,1,0,0,1,3,3,3,3,3,3,1,0,0,1,3,3,3,3,3,3,1,0,0,1,1,1,1,1,1,3,3,3,3,
1,1,1,1,1,1,1,1,0,0,1,3,3,1,1,0,0,0,0,0,0,0,0,1,1,3,3,1,0,0,1,1,1,1,1,1,1,1,0,0,1,1,1,1,1,1,1,1,0,0,1,3,3,3,3,3,3,3,3,3,
1,0,0,0,0,0,0,0,0,0,1,3,3,1,0,0,0,0,0,0,0,0,0,0,1,3,3,1,0,0,0,0,0,0,0,0,0,0,0,0,0,0,0,0,0,0,0,0,0,0,1,3,3,3,3,3,3,3,3,3,
1,0,0,0,0,0,0,0,0,0,1,3,3,1,1,0,0,0,0,0,0,0,0,1,1,3,3,1,0,0,0,0,0,0,0,0,0,0,0,0,0,0,0,0,0,0,0,0,0,0,1,3,3,3,3,3,3,3,3,3,
1,1,1,1,1,1,1,1,0,0,1,3,3,1,2,2,0,0,0,0,0,0,2,2,1,3,3,1,0,0,1,1,1,1,1,1,1,1,1,1,1,1,1,1,1,1,1,1,1,1,1,3,3,3,3,3,3,3,3,3,
3,3,3,3,3,3,3,1,0,0,1,3,3,1,1,0,0,0,0,0,0,0,0,1,1,3,3,1,0,0,1,3,3,3,3,3,3,3,3,3,3,3,3,3,3,3,3,3,3,3,3,3,3,3,3,3,3,3,3,3,
3,3,3,3,3,3,3,1,0,0,1,3,3,1,2,2,0,0,0,0,0,0,2,2,1,3,3,1,0,0,1,3,3,3,3,3,3,3,3,3,3,3,3,3,3,3,3,3,3,3,3,3,3,3,3,3,3,3,3,3,
3,3,3,3,3,3,3,1,0,0,1,3,3,1,0,0,0,0,0,0,0,0,0,0,1,3,3,1,0,0,1,3,3,3,3,3,3,3,3,3,3,3,3,3,3,3,3,3,3,3,3,3,3,3,3,3,3,3,3,3,
3,3,3,3,3,3,3,1,0,0,1,3,3,1,1,1,1,1,0,0,1,1,1,1,1,3,3,1,0,0,1,3,3,3,3,3,3,3,3,3,3,3,3,3,3,3,3,3,3,3,3,3,3,3,3,3,3,3,3,3,
3,3,3,3,3,3,3,1,0,0,1,3,3,3,3,3,3,1,0,0,1,3,3,3,3,3,3,1,0,0,1,3,3,3,3,3,3,3,3,3,3,3,3,3,3,3,3,3,3,3,3,3,3,3,3,3,3,3,3,3,
3,3,3,3,3,3,3,1,0,0,1,3,3,3,3,3,3,1,0,0,1,3,3,3,3,3,3,1,0,0,1,3,3,3,3,3,3,3,3,3,3,3,3,3,3,3,3,3,3,3,3,3,3,3,3,3,3,3,3,3,
1,1,1,1,1,1,1,1,1,0,1,1,1,1,1,1,1,1,0,0,1,1,1,1,1,1,1,1,0,0,1,1,1,1,1,1,1,1,1,1,1,3,3,3,3,3,3,3,3,3,3,3,3,3,3,3,3,3,3,3,
1,1,2,1,0,0,0,0,0,0,0,0,0,0,0,0,0,0,0,0,0,0,0,0,0,0,0,0,0,0,0,0,0,0,0,0,0,0,0,0,1,3,3,3,3,3,3,3,3,3,3,3,3,3,3,3,3,3,3,3,
1,0,0,0,0,2,2,0,0,0,0,0,0,0,0,0,0,0,0,0,0,0,0,0,0,0,0,0,0,0,0,0,0,0,0,0,0,0,0,0,1,3,3,3,3,3,3,3,3,3,3,3,3,3,3,3,3,3,3,3,
1,0,2,0,0,0,2,0,0,0,1,1,1,1,1,1,1,1,0,0,1,1,1,1,1,1,1,1,0,0,1,1,1,1,1,1,1,1,0,0,1,3,3,3,3,3,3,3,3,3,3,3,3,3,3,3,3,3,3,3,
1,2,2,0,0,0,2,0,0,0,1,3,3,3,3,3,3,1,0,0,1,3,3,3,3,3,3,1,0,0,1,3,3,3,3,3,3,1,0,0,1,1,1,1,1,1,1,1,1,1,1,1,1,1,1,1,1,1,1,1,
1,2,0,0,0,0,2,2,0,0,1,3,3,3,3,3,3,1,0,0,1,3,3,3,3,3,3,1,0,0,1,3,3,3,3,3,3,1,0,0,1,2,2,2,2,2,2,2,2,2,2,2,2,2,2,2,2,2,2,1,
1,2,2,0,0,0,0,0,0,0,1,3,3,3,3,3,3,1,0,0,1,3,3,3,3,3,3,1,0,0,1,3,3,3,3,3,3,1,0,0,1,2,2,2,2,2,2,2,2,2,2,2,2,2,2,2,2,2,2,1,
1,2,0,0,0,0,0,0,0,0,1,3,3,3,3,3,3,1,0,0,1,3,3,3,3,3,3,1,0,0,1,3,3,3,3,3,3,1,0,0,1,2,2,2,2,2,2,2,2,2,2,2,2,2,2,2,2,2,2,1,
1,0,2,0,0,0,2,2,0,0,1,3,3,3,3,3,3,1,0,0,1,3,3,3,3,3,3,1,0,0,1,3,3,3,3,3,3,1,0,0,1,2,2,2,2,2,2,2,2,2,2,2,2,2,2,2,2,2,2,1,
1,2,2,2,0,0,2,0,0,0,1,3,3,3,3,3,3,1,0,0,1,3,3,3,3,3,3,1,0,0,1,3,3,3,3,3,3,1,0,0,1,1,2,2,2,2,2,2,2,2,2,2,2,2,2,2,2,2,2,1,
1,2,2,0,0,0,2,0,0,0,1,1,1,1,1,1,1,1,0,0,1,1,1,1,1,1,1,1,0,0,1,1,1,1,1,1,1,1,0,0,1,1,0,0,0,0,1,2,2,2,2,2,2,2,2,2,2,2,2,1,
1,2,2,0,0,0,2,0,0,0,0,0,0,0,0,0,0,0,0,0,0,0,0,0,0,0,0,0,0,0,0,0,0,0,0,0,0,0,0,0,0,0,0,0,0,2,2,2,2,2,2,2,2,2,2,2,2,2,2,1,
1,0,0,0,0,0,0,0,0,0,0,0,0,0,0,0,0,0,0,0,0,0,0,0,0,0,0,0,0,0,0,0,0,0,0,0,0,0,0,0,0,0,0,0,0,2,2,2,2,2,2,2,2,2,2,2,2,2,2,1,
1,1,1,1,1,1,1,1,0,0,2,2,2,2,2,2,2,0,0,0,2,2,2,2,2,2,2,0,0,0,1,1,1,1,1,1,1,1,0,0,0,0,0,0,0,2,2,2,2,2,2,2,2,2,2,2,2,2,2,1,
3,3,3,3,3,3,3,1,0,0,2,2,2,2,2,2,2,0,0,0,2,2,2,2,2,2,2,0,0,0,1,3,3,3,3,3,3,1,0,0,0,0,0,0,0,2,2,2,2,2,2,2,2,2,2,2,2,2,2,1,
3,3,3,3,3,3,3,1,0,0,2,2,2,2,2,2,2,0,0,0,2,2,2,2,2,2,2,0,0,0,1,3,3,3,3,3,3,1,0,0,0,0,0,0,0,2,2,2,2,2,2,2,2,2,2,2,2,2,2,1,
3,3,3,3,3,3,3,1,0,0,2,2,2,1,1,2,2,0,0,0,2,2,2,1,1,2,2,0,0,0,1,3,3,3,3,3,3,1,0,0,0,0,0,0,0,2,2,2,2,2,2,2,2,2,2,2,2,2,2,1,
3,3,3,3,3,3,3,1,0,0,2,2,2,1,1,2,2,0,0,0,2,2,2,1,1,2,2,0,0,0,1,3,3,3,3,3,3,1,0,0,0,0,0,0,0,2,2,2,2,2,2,2,2,2,2,2,2,2,2,1,
3,3,3,3,3,3,3,1,0,0,2,2,2,2,2,2,2,0,0,0,2,2,2,2,2,2,2,0,0,0,1,3,3,3,3,3,3,1,0,0,0,0,0,0,0,2,2,2,2,2,2,2,2,2,2,2,2,2,2,1,
3,3,3,3,3,3,3,1,0,0,2,2,2,2,2,2,2,0,0,0,2,2,2,2,2,2,2,0,0,0,1,3,3,3,3,3,3,1,2,0,0,0,0,0,0,2,2,2,2,2,2,2,2,2,2,2,2,2,2,1,
1,1,1,1,1,1,1,1,0,0,0,0,0,0,0,0,0,0,0,0,0,0,0,0,0,0,0,0,0,0,1,1,1,1,1,1,1,1,0,0,0,0,0,0,2,2,2,2,2,2,2,2,2,2,2,2,2,2,2,1,
1,0,0,0,0,0,0,0,0,0,0,0,0,0,0,0,0,0,0,0,0,0,0,0,0,0,0,0,0,0,0,0,0,0,0,0,0,0,0,0,0,0,0,0,0,0,2,2,2,2,2,2,2,2,2,2,2,2,2,1,
1,0,0,0,0,0,0,0,0,0,0,0,0,0,0,0,0,0,0,0,0,0,0,0,0,0,0,0,0,0,0,0,0,0,0,0,0,0,0,0,0,0,0,0,0,0,2,2,2,2,2,2,2,2,2,2,2,2,2,1,
1,1,1,1,1,1,1,1,0,0,2,2,2,2,2,2,2,0,0,0,0,0,0,0,0,0,0,0,0,0,1,1,1,1,1,1,1,1,0,0,0,0,0,0,2,2,2,2,2,2,2,2,2,2,2,2,2,2,2,1,
3,3,3,3,3,3,3,1,0,0,2,2,2,2,2,2,2,0,0,0,0,0,0,0,0,0,0,0,0,0,1,3,3,3,3,3,3,1,2,0,0,0,0,0,0,2,2,2,2,2,2,2,2,2,2,2,2,2,2,1,
3,3,3,3,3,3,3,1,0,0,2,2,2,2,2,2,2,0,0,0,0,0,0,0,0,0,0,0,0,0,1,3,3,3,3,3,3,1,0,0,0,0,0,0,0,2,2,2,2,2,2,2,2,2,2,2,2,2,2,1,
3,3,3,3,3,3,3,1,0,0,2,2,2,1,1,2,2,0,0,0,0,0,0,1,1,0,0,0,0,0,1,3,3,3,3,3,3,1,0,0,0,0,0,0,0,2,2,2,2,2,2,2,2,2,2,2,2,2,2,1,
3,3,3,3,3,3,3,1,0,0,2,2,2,1,1,2,2,0,0,0,0,0,0,1,1,0,0,0,0,0,1,3,3,3,3,3,3,1,0,0,0,0,0,0,0,2,2,2,2,2,2,2,2,2,2,2,2,2,2,1,
3,3,3,3,3,3,3,1,0,0,2,2,2,2,2,2,2,0,0,0,0,0,0,0,0,0,0,0,0,0,1,3,3,3,3,3,3,1,0,0,0,0,0,0,0,2,2,2,2,2,2,2,2,2,2,2,2,2,2,1,
3,3,3,3,3,3,3,1,0,0,2,2,2,2,2,2,2,0,0,0,0,0,0,0,0,0,0,0,0,0,1,3,3,3,3,3,3,1,0,0,0,0,0,0,0,2,2,2,2,2,2,2,2,2,2,2,2,2,2,1,
1,1,1,1,1,1,1,1,0,0,0,0,0,0,0,0,0,0,0,0,0,0,0,0,0,0,0,0,0,0,1,1,1,1,1,1,1,1,0,0,0,0,0,0,0,2,2,2,2,2,2,2,2,2,2,2,2,2,2,1,
1,0,0,0,0,0,0,0,0,0,0,0,0,0,0,0,0,0,0,0,0,0,0,0,0,0,0,0,0,0,0,0,0,0,0,0,0,0,0,0,0,0,0,0,0,2,2,2,2,2,2,2,2,2,2,2,2,2,2,1,
1,0,0,0,0,0,0,0,0,0,0,0,0,0,0,0,0,0,0,0,0,0,0,0,0,0,0,0,0,0,0,0,0,0,0,0,0,0,0,0,0,0,0,0,0,2,2,2,2,2,2,2,2,2,2,2,2,2,2,1,
1,1,1,1,1,1,1,1,0,0,1,1,1,1,1,1,1,1,0,0,1,1,1,1,1,1,1,1,0,0,1,1,1,1,1,1,1,1,0,0,1,1,0,0,0,0,1,2,2,2,2,2,2,2,2,2,2,2,2,1,
3,3,3,3,3,3,3,1,0,0,1,3,3,3,3,3,3,1,0,0,1,3,3,3,3,3,3,1,0,0,1,3,3,3,3,3,3,1,0,0,1,1,2,2,2,2,2,2,2,2,2,2,2,2,2,2,2,2,2,1,
3,3,3,3,3,3,3,1,0,0,1,3,3,3,3,3,3,1,0,0,1,3,3,3,3,3,3,1,0,0,1,3,3,3,3,3,3,1,0,0,1,2,2,2,2,2,2,2,2,2,2,2,2,2,2,2,2,2,2,1,
3,3,3,3,3,3,3,1,0,0,1,3,3,3,3,3,3,1,0,0,1,3,3,3,3,3,3,1,0,0,1,3,3,3,3,3,3,1,0,0,1,2,2,2,2,2,2,2,2,2,2,2,2,2,2,2,2,2,2,1,
3,3,3,3,3,3,3,1,0,0,1,3,3,3,3,3,3,1,0,0,1,3,3,3,3,3,3,1,0,0,1,3,3,3,3,3,3,1,0,0,1,2,2,2,2,2,2,2,2,2,2,2,2,2,2,2,2,2,2,1,
3,3,3,3,3,3,3,1,0,0,1,3,3,3,3,3,3,1,0,0,1,3,3,3,3,3,3,1,0,0,1,3,3,3,3,3,3,1,0,0,1,2,2,2,2,2,2,2,2,2,2,2,2,2,2,2,2,2,2,1,
3,3,3,3,3,3,3,1,0,0,1,3,3,3,3,3,3,1,0,0,1,3,3,3,3,3,3,1,0,0,1,3,3,3,3,3,3,1,0,0,1,1,1,1,1,1,1,1,1,1,1,1,1,1,1,1,1,1,1,1,
3,3,3,3,3,3,3,1,0,0,1,1,1,1,1,1,1,1,0,0,1,1,1,1,1,1,1,1,0,0,1,1,1,1,1,1,1,1,0,0,1,3,3,3,3,3,3,3,3,3,3,3,3,3,3,3,3,3,3,3,
3,3,3,3,3,3,3,1,0,0,0,0,0,0,0,0,0,0,0,0,0,0,0,0,0,0,0,0,0,0,0,0,0,0,0,0,0,0,0,0,1,3,3,3,3,3,3,3,3,3,3,3,3,3,3,3,3,3,3,3,
3,3,3,3,3,3,3,1,0,0,0,0,0,0,0,0,0,0,0,0,0,0,0,0,0,0,0,0,0,0,0,0,0,0,0,0,0,0,0,0,1,3,3,3,3,3,3,3,3,3,3,3,3,3,3,3,3,3,3,3,
3,3,3,3,3,3,3,1,1,1,1,1,1,1,1,1,1,1,1,1,1,1,1,1,1,1,1,1,0,0,1,1,1,1,1,1,1,1,1,1,1,3,3,3,3,3,3,3,3,3,3,3,3,3,3,3,3,3,3,3,
3,3,3,3,3,3,3,3,3,3,3,3,3,3,3,3,3,3,3,3,3,3,3,3,3,3,3,1,0,0,1,3,3,3,3,3,3,3,3,3,3,3,3,3,3,3,3,3,3,3,3,3,3,3,3,3,3,3,3,3,
3,3,3,3,3,3,3,3,3,3,3,3,3,3,3,3,3,3,3,3,3,3,3,3,3,3,3,1,0,0,1,3,3,3,3,3,3,3,3,3,3,3,3,3,3,3,3,3,3,3,3,3,3,3,3,3,3,3,3,3,
3,3,3,3,3,3,3,3,3,3,3,3,3,3,3,3,3,3,3,3,3,3,3,3,3,3,3,1,0,0,1,3,3,3,3,3,3,3,3,3,3,3,3,3,3,3,3,3,3,3,3,3,3,3,3,3,3,3,3,3,
3,3,3,3,3,3,3,3,3,3,3,3,3,3,3,3,3,3,3,3,3,3,3,3,3,3,3,1,0,0,1,3,3,3,3,3,3,3,3,3,3,3,3,3,3,3,3,3,3,3,3,3,3,3,3,3,3,3,3,3,
3,3,3,3,3,3,3,3,3,3,3,3,3,3,3,3,3,3,3,3,3,3,3,3,3,3,3,1,0,0,1,3,3,3,3,3,3,3,3,3,3,3,3,3,3,3,3,3,3,3,3,3,3,3,3,3,3,3,3,3,
3,3,3,3,3,3,3,3,3,3,3,3,3,3,3,3,3,3,3,3,3,3,3,3,3,3,3,1,0,0,1,3,3,3,3,3,3,3,3,3,3,3,3,3,3,3,3,3,3,3,3,3,3,3,3,3,3,3,3,3,
3,3,3,3,3,3,3,3,3,3,3,3,3,3,3,3,3,3,3,3,3,3,3,3,3,3,3,1,0,0,1,3,3,3,3,3,3,3,3,3,3,3,3,3,3,3,3,3,3,3,3,3,3,3,3,3,3,3,3,3,
3,3,3,3,3,3,3,3,3,3,3,3,3,3,3,3,3,3,3,3,3,3,3,3,3,3,3,1,0,0,1,3,3,3,3,3,3,3,3,3,3,3,3,3,3,3,3,3,3,3,3,3,3,3,3,3,3,3,3,3,
3,3,3,3,3,3,3,3,3,3,3,3,3,3,3,3,3,3,3,3,3,3,3,3,3,3,3,1,0,0,1,3,3,3,3,3,3,3,3,3,3,3,3,3,3,3,3,3,3,3,3,3,3,3,3,3,3,3,3,3,
3,3,3,3,3,3,3,3,3,3,3,3,3,3,3,3,3,3,3,3,3,3,3,3,3,3,3,1,1,1,1,3,3,3,3,3,3,3,3,3,3,3,3,3,3,3,3,3,3,3,3,3,3,3,3,3,3,3,3,3,
3,3,3,3,3,3,3,3,3,3,3,3,3,3,3,3,3,3,3,3,3,3,3,3,3,3,3,3,3,3,3,3,3,3,3,3,3,3,3,3,3,3,3,3,3,3,3,3,3,3,3,3,3,3,3,3,3,3,3,3

[event]
# dorm room chest
type=event
location=3,36,1,1
activate=on_trigger
hotspot=location
loot=loot/level_15.txt
loot_count=2
mapmod=object,3,36,160
repeat=false
soundfx=soundfx/wood_open.ogg
tooltip=Treasure Chest

[event]
# dorm room barrel
type=event
location=1,32,1,1
activate=on_trigger
hotspot=location
loot=loot/level_15.txt
loot_count=2
mapmod=object,1,32,162
repeat=false
soundfx=soundfx/wood_open.ogg
tooltip=Barrel

[event]
# brazier sound effect
type=event
location=44,48,1,1
activate=on_trigger
cooldown=4s
soundfx=soundfx/environment/open_fire.ogg

[event]
# brazier sound effect
type=event
location=7,35,1,1
activate=on_load
soundfx=soundfx/environment/open_fire_loop.ogg

[event]
# brazier sound effect
type=event
location=7,32,1,1
activate=on_load
soundfx=soundfx/environment/open_fire_loop.ogg

[event]
# end chest
type=event
location=50,13,1,1
activate=on_trigger
hotspot=location
loot=loot/level_16.txt
loot_count=5,6
mapmod=object,50,13,289
repeat=false
soundfx=soundfx/wood_open.ogg
tooltip=Treasure Chest

[enemy]
type=enemy
location=15,18,1,1
category=dungeon
direction=5
level=13,15
wander_radius=0

[enemy]
type=enemy
location=22,18,1,1
category=dungeon
direction=1
level=13,15
wander_radius=0

[enemy]
type=enemy
location=4,33,1,1
category=dungeon
direction=2
level=13,15

[enemy]
type=enemy
location=33,58,6,11
category=dungeon
level=13,15
number=2,3

[enemy]
type=enemy
location=42,45,3,7
category=dungeon
level=13,15
number=1,2

[enemy]
type=enemy
location=42,45,3,7
category=dungeon
level=13,15
number=1,3

[enemy]
type=enemy
location=28,8,17,27
category=dungeon
level=13,15
number=3,5

[enemy]
type=enemy
location=20,28,19,9
category=dungeon
level=13,15
number=0,2

[enemy]
type=enemy
location=28,1,2,3
category=dungeon
level=13,15
number=0,2

[enemy]
type=enemy
location=18,1,2,3
category=dungeon
level=13,15
number=0,2

[enemy]
type=enemy
location=1,18,4,2
category=dungeon
level=13,15
number=0,3

[enemy]
type=enemy
location=8,38,21,21
category=dungeon
level=13,15
number=4,8

[enemy]
type=enemy
location=1,48,6,2
category=dungeon
level=13,15
number=0,2

[enemy]
type=enemy
location=1,58,3,2
category=dungeon
level=13,15
number=0,2

[enemy]
type=enemy
location=8,60,16,9
category=dungeon
level=13,15
number=2,3

[enemy]
type=enemy
location=2,8,4,2
category=dungeon
level=13,15
number=0,3

[npc]
type=npc
location=53,13,1,1
filename=npcs/infinity_obelisk_2.txt

