[header]
width=80
height=80
tilewidth=64
tileheight=32
orientation=isometric
hero_pos=76,66
music=music/cave_theme.ogg
tileset=tilesetdefs/tileset_cave.txt
title=Antlion Nest

[tilesets]
tileset=../../../tiled/cave/tiled_collision.png,64,32,0,0
tileset=../../../tiled/cave/tiled_cave.png,64,128,0,0
tileset=../../../tiled/cave/set_rules.png,64,32,0,0
tileset=../../../tiled/cave/tiled_cave_2x2.png,128,64,0,16

[layer]
type=background
data=
0,0,0,0,0,0,0,0,0,0,0,0,0,0,0,0,0,0,0,0,0,0,0,0,0,0,0,0,0,0,0,0,0,0,0,0,0,0,0,0,0,0,0,0,0,0,0,0,0,0,0,0,0,0,0,0,0,0,0,0,0,0,0,0,0,0,0,0,0,0,0,0,0,0,0,0,0,0,0,0,
0,0,0,0,0,0,0,0,0,0,0,0,0,0,0,0,0,0,0,0,0,0,0,0,0,0,0,0,0,0,0,0,0,0,0,0,0,0,0,0,0,0,0,0,0,0,0,0,0,0,0,0,0,0,0,0,0,0,0,0,0,0,0,0,0,0,0,0,0,0,0,0,0,0,0,0,0,0,0,0,
0,0,0,0,0,0,0,0,0,0,0,0,0,0,0,0,0,0,0,0,0,0,0,0,0,0,0,0,0,0,0,19,16,57,0,0,0,0,0,0,0,0,0,0,0,0,0,0,0,0,0,0,0,0,0,0,0,0,0,0,0,0,0,0,0,0,0,0,0,0,0,0,0,0,0,0,0,0,0,0,
0,0,0,0,0,0,0,0,0,0,0,0,0,0,0,0,0,0,0,0,0,0,0,0,0,0,0,0,0,0,22,23,20,21,57,57,0,0,0,0,0,0,0,0,0,0,0,0,0,0,0,0,0,0,0,0,0,0,0,0,0,0,0,0,0,0,0,0,0,0,0,0,0,0,0,0,0,0,0,0,
0,0,0,0,0,0,0,0,0,0,0,0,0,0,0,0,0,0,0,0,0,0,0,0,0,0,0,0,0,25,26,27,24,25,26,27,57,0,0,0,0,0,0,0,0,0,0,0,0,0,0,0,0,0,0,0,0,0,0,0,0,0,0,0,0,0,0,0,0,0,0,0,0,0,0,0,0,0,0,0,
0,0,0,0,0,0,0,0,0,0,0,0,0,0,0,0,0,0,0,0,0,0,0,0,0,0,0,0,28,29,30,31,28,29,30,31,28,57,0,0,0,0,0,0,0,0,0,0,0,0,0,0,0,0,0,0,0,0,0,0,0,0,0,0,0,0,0,0,0,0,0,0,0,0,0,0,0,0,0,0,
0,0,0,0,0,0,0,0,0,0,18,19,16,17,18,19,16,57,0,0,0,0,0,0,0,0,0,19,16,17,18,19,16,17,18,19,16,17,57,0,0,0,0,0,0,0,0,0,0,0,0,0,0,0,0,0,0,0,0,0,0,0,0,0,0,0,0,0,0,0,0,0,0,0,0,0,0,0,0,0,
0,0,0,0,0,0,0,0,0,21,22,23,20,21,22,23,20,21,57,0,0,0,0,0,0,0,0,23,20,21,22,23,20,21,22,23,20,21,22,57,0,0,0,0,0,0,0,0,0,0,0,0,0,0,0,0,0,0,0,0,0,0,0,0,0,0,0,0,0,0,0,0,0,0,0,0,0,0,0,0,
0,0,0,0,24,25,26,27,24,25,26,27,24,25,26,27,24,25,26,57,0,0,0,0,0,0,0,27,24,25,26,27,24,25,26,27,24,25,26,27,57,0,0,0,0,0,0,0,0,0,0,0,0,0,0,0,0,0,0,0,0,0,0,0,0,0,0,0,0,0,0,0,0,0,0,0,0,0,0,0,
28,29,30,31,28,29,30,31,28,29,30,31,28,29,30,31,28,29,30,31,57,0,0,0,0,0,30,31,28,29,30,31,28,29,30,31,28,29,30,31,28,0,0,0,0,0,0,0,0,0,0,0,0,0,0,0,0,0,0,0,0,0,0,0,0,0,0,0,0,0,0,0,0,0,0,0,0,0,0,0,
16,17,18,19,16,17,18,19,16,17,18,19,16,17,18,19,16,17,18,19,16,57,0,0,0,0,18,19,16,17,18,19,16,17,18,19,16,17,18,19,16,57,0,0,0,0,0,0,0,0,0,0,0,0,0,0,0,0,0,19,16,17,18,19,16,17,57,0,0,0,0,0,0,0,0,0,0,0,0,0,
20,21,22,23,20,21,22,23,20,21,22,23,20,21,22,23,20,21,22,23,20,21,57,0,0,0,56,23,20,21,22,23,20,21,22,23,20,21,22,23,20,21,0,0,0,0,0,0,0,0,0,0,0,0,0,0,0,0,22,23,205,202,22,23,20,21,22,57,0,0,0,0,0,0,0,0,0,0,0,0,
24,25,26,27,24,25,26,27,24,25,26,27,24,25,26,27,24,25,26,27,24,25,26,57,0,0,0,56,24,25,26,27,24,25,26,201,197,206,26,27,24,25,0,0,0,0,0,0,0,0,0,0,0,0,0,0,0,25,26,205,209,210,206,27,24,25,26,27,57,0,0,0,0,0,0,0,0,0,0,0,
28,29,30,31,28,29,30,31,28,29,30,31,28,0,0,56,28,29,30,31,28,29,30,31,0,0,0,0,56,29,30,31,28,29,201,209,217,210,202,31,28,29,57,0,0,0,0,0,0,0,0,0,0,0,0,0,0,29,205,209,217,216,210,202,28,29,30,31,28,57,0,0,0,0,0,0,0,0,0,0,
0,0,0,0,56,17,18,19,16,17,18,19,0,0,0,0,56,17,18,19,16,17,18,19,57,0,0,0,56,17,18,19,16,201,209,218,219,218,210,202,16,17,18,57,0,0,0,0,0,0,0,0,0,0,0,0,0,17,196,218,219,218,219,210,202,17,18,19,16,17,0,0,0,0,0,0,0,0,0,0,
0,0,0,0,0,0,0,0,0,0,0,0,0,0,0,0,0,56,22,23,20,21,22,23,20,57,0,0,0,56,22,23,20,204,208,216,217,216,217,198,20,21,22,23,57,0,0,0,0,0,0,0,0,0,0,0,0,21,192,216,217,216,217,216,198,21,54,23,20,21,57,0,0,0,0,0,0,0,0,0,
0,0,0,0,0,0,0,0,0,0,0,0,0,0,0,0,0,56,26,27,24,25,26,27,24,25,0,0,0,0,56,27,24,25,192,218,219,218,219,198,24,25,26,27,24,57,0,0,0,0,0,0,0,0,0,0,0,25,192,218,219,218,219,218,194,25,26,27,24,25,26,0,0,0,0,0,0,0,0,0,
0,0,0,0,0,0,0,0,0,0,0,0,0,0,0,0,0,0,56,31,28,29,30,31,28,29,0,0,0,0,0,56,28,29,196,216,217,216,217,210,202,29,30,31,28,29,0,0,0,0,0,0,0,0,0,0,0,29,204,208,217,216,217,211,207,53,30,31,28,29,30,0,0,0,0,0,0,0,0,0,
0,0,0,0,0,0,0,0,0,0,0,0,0,0,0,0,0,0,0,56,16,17,18,19,16,17,0,0,0,0,0,0,56,17,200,208,219,218,219,218,210,206,18,19,16,17,57,19,16,57,0,0,0,0,0,0,0,17,18,204,208,218,211,207,16,17,18,19,16,17,18,0,0,0,0,0,0,0,0,0,
0,0,0,23,20,57,0,0,0,0,0,0,0,0,0,0,0,0,22,23,20,21,22,23,20,21,0,0,0,0,0,0,20,21,22,200,208,216,217,216,217,198,22,23,20,21,22,23,20,21,57,23,0,0,0,0,0,21,22,23,204,199,203,23,20,21,22,23,20,21,22,57,0,0,0,0,0,0,0,0,
0,0,26,27,24,25,57,0,0,0,0,0,0,0,0,0,0,0,26,27,24,25,26,27,24,25,0,0,0,0,0,0,24,25,26,27,192,218,219,218,219,194,26,27,24,25,26,27,24,25,26,27,57,0,0,0,0,56,26,27,24,25,26,27,24,25,26,27,24,25,26,27,57,0,0,0,0,0,0,0,
0,29,30,31,28,29,30,57,0,0,0,0,0,0,0,0,0,0,30,31,28,29,30,31,28,29,0,0,0,0,0,0,28,29,30,31,200,208,217,216,211,203,30,31,28,29,30,31,28,29,30,31,28,57,0,0,0,0,56,31,28,29,30,31,28,29,30,31,28,29,30,31,28,57,0,0,0,0,0,0,
0,17,18,19,50,17,18,19,0,0,0,0,0,0,0,0,0,0,18,19,16,17,18,19,16,0,0,0,0,0,0,0,16,17,18,19,16,200,208,211,203,17,18,19,16,17,18,19,16,17,18,19,16,17,57,0,0,0,0,56,16,17,18,19,16,17,18,19,16,17,18,19,16,17,57,0,0,0,0,0,
0,21,22,53,20,21,22,23,57,0,0,0,0,21,22,23,20,21,22,23,20,21,22,23,20,0,0,0,0,0,0,0,56,21,55,23,20,21,204,203,20,21,22,23,20,21,22,23,20,21,22,23,20,21,22,57,0,0,0,23,20,21,22,23,20,21,22,23,20,21,22,23,20,21,22,0,0,0,0,0,
0,25,26,52,24,25,26,27,24,57,0,0,24,25,26,27,24,25,26,27,24,25,26,27,24,0,0,0,0,0,0,0,0,56,26,27,24,25,26,27,24,25,26,27,24,25,26,27,24,25,26,27,24,25,26,27,0,0,0,27,24,25,26,27,24,25,26,27,24,25,26,27,24,25,26,0,0,0,0,0,
0,29,30,31,28,29,30,31,28,29,0,0,28,29,30,31,28,29,30,31,28,29,30,31,0,0,0,0,0,0,0,0,0,0,56,31,28,29,30,31,28,29,30,31,28,29,30,31,28,29,30,31,28,29,30,31,0,0,0,31,28,29,30,31,28,29,30,31,28,29,30,31,28,29,30,0,0,0,0,0,
0,56,18,19,16,17,18,19,16,17,57,19,16,17,18,19,16,17,18,19,16,17,18,0,0,0,0,0,0,0,0,0,0,0,0,56,16,17,18,19,16,17,18,19,16,17,0,0,0,56,18,19,16,17,18,19,0,0,0,56,16,17,18,19,16,17,18,19,16,17,18,19,16,17,18,0,0,0,0,0,
0,0,56,23,20,21,22,23,20,21,22,23,20,21,22,23,20,21,22,23,20,21,22,0,0,0,0,0,0,0,0,0,0,0,0,0,56,21,22,23,20,21,22,23,20,0,0,0,0,0,56,23,20,21,22,23,0,0,0,0,56,21,22,23,20,21,22,23,20,21,22,23,20,21,0,0,0,0,0,0,
0,0,0,56,24,25,26,27,24,25,26,27,24,25,26,27,24,25,26,27,24,25,26,0,0,0,0,0,0,0,0,0,0,0,0,0,0,0,0,0,0,0,0,0,0,0,0,0,0,25,26,27,24,25,26,27,57,0,0,0,24,25,26,27,24,25,26,27,24,25,26,27,24,0,0,0,0,0,0,0,
0,0,0,0,56,29,30,31,28,29,30,31,28,29,30,31,28,29,30,31,28,29,30,57,0,0,0,0,0,0,0,0,0,0,0,0,0,0,0,0,0,0,0,0,0,0,0,0,28,29,30,31,28,29,30,31,28,57,0,0,28,29,30,31,28,29,30,31,28,29,30,31,0,0,0,0,0,0,0,0,
0,0,0,0,16,17,18,19,16,17,18,19,16,17,18,19,16,17,18,19,16,17,18,19,57,0,0,0,0,0,0,0,0,0,0,0,0,0,0,0,0,0,0,0,0,0,0,19,16,17,18,19,16,17,18,19,16,17,57,19,16,17,18,19,16,17,18,19,16,17,18,0,0,0,0,0,0,0,0,0,
0,0,0,23,20,21,22,23,20,21,22,23,20,21,22,23,20,21,22,23,20,21,22,23,20,0,0,0,0,0,0,0,0,0,0,0,0,0,0,0,0,0,0,0,0,0,22,23,20,21,22,23,20,21,22,23,20,21,22,23,20,21,22,23,20,21,22,23,0,0,0,0,0,0,0,0,0,0,0,0,
0,0,26,27,24,25,26,27,24,25,26,27,24,25,26,27,0,56,26,27,24,25,26,27,24,57,0,0,0,0,26,27,57,0,0,0,0,0,0,0,0,0,0,0,0,0,26,27,24,25,26,27,24,25,26,27,24,25,26,27,24,25,26,27,24,25,26,0,0,0,0,0,0,0,0,0,0,0,0,0,
0,0,30,31,28,29,30,31,28,29,30,31,28,29,30,0,0,0,56,31,28,29,30,31,28,29,0,0,28,29,30,31,28,57,30,57,0,0,0,0,0,0,0,0,0,0,30,31,28,29,30,31,28,29,30,31,28,29,30,31,28,29,30,31,28,29,0,0,0,0,0,0,0,0,0,0,0,0,0,0,
0,0,18,19,16,17,18,19,16,17,18,19,16,17,18,0,0,0,56,19,16,17,18,19,16,17,57,19,16,17,18,19,16,17,18,19,57,57,0,0,0,0,0,0,0,0,56,19,16,17,18,19,16,17,18,19,16,17,18,19,16,17,18,19,16,0,0,0,0,0,0,0,0,0,0,0,0,0,0,0,
0,0,22,23,20,21,22,23,20,21,22,23,20,21,0,0,0,0,0,56,20,21,22,23,20,21,22,23,20,21,22,23,20,21,22,23,20,21,57,0,0,0,0,0,0,0,0,56,20,21,22,23,20,21,22,23,20,21,22,23,20,21,22,23,0,0,0,0,0,0,0,0,0,0,0,0,0,0,0,0,
0,0,26,27,24,25,26,201,197,197,206,27,24,25,0,0,0,0,0,56,24,25,26,27,24,25,26,27,24,25,26,27,24,25,26,27,24,25,26,57,0,0,0,0,0,0,0,56,24,25,26,27,24,25,26,27,24,25,26,27,24,25,26,0,0,0,0,0,0,0,0,0,0,0,0,0,0,0,0,0,
0,0,30,31,28,29,201,209,216,217,210,206,28,29,57,0,0,0,0,0,56,29,30,31,28,29,30,31,28,29,30,31,28,29,30,31,28,29,30,31,57,0,0,0,0,0,0,0,56,29,30,31,28,29,30,31,28,0,0,0,0,0,0,0,0,0,0,0,0,0,0,0,0,0,0,0,0,0,0,0,
0,0,18,51,16,201,209,219,218,219,218,210,202,17,18,0,0,0,0,0,0,0,56,19,16,17,18,19,16,17,18,19,16,17,18,19,16,17,18,19,16,57,18,19,57,0,0,0,16,17,18,19,16,17,18,19,0,0,0,0,0,0,0,0,0,0,0,0,0,0,0,0,0,0,0,0,0,0,0,0,
0,0,22,23,20,196,216,217,216,217,216,211,203,21,22,0,0,0,0,0,0,0,22,23,20,21,22,23,20,21,22,23,20,21,22,23,20,21,22,23,20,21,22,23,20,57,22,23,20,21,22,23,20,21,22,23,0,0,0,0,0,0,0,0,0,0,0,0,0,0,0,0,0,0,0,0,0,0,0,0,
0,0,26,49,24,196,218,219,218,219,218,194,24,25,26,57,0,0,0,0,0,0,26,27,24,25,26,27,24,25,26,0,0,56,26,27,24,25,26,27,24,25,26,27,24,25,26,27,24,25,26,27,24,25,26,27,0,0,0,0,0,0,0,0,0,0,0,0,0,0,0,0,0,0,0,0,0,0,0,0,
0,0,56,31,28,204,208,217,216,217,216,198,28,29,30,31,0,0,0,0,28,29,30,31,28,29,30,31,28,29,0,0,0,0,0,56,28,29,30,31,28,29,30,31,28,29,30,31,28,29,30,31,28,29,30,31,0,0,0,0,0,0,0,0,0,0,0,0,0,0,0,0,0,0,0,0,0,0,0,0,
0,0,0,56,53,17,204,208,218,219,211,207,16,17,18,19,0,0,0,0,16,17,18,19,16,17,18,19,16,0,0,0,0,0,0,0,56,17,18,19,16,17,18,19,16,17,18,19,16,17,18,19,16,17,18,19,0,0,0,0,0,0,0,0,0,0,0,0,0,0,0,0,0,0,0,0,0,0,0,0,
0,0,0,56,20,21,22,204,208,211,203,23,20,21,22,0,0,0,0,0,20,21,22,23,20,21,22,23,0,0,0,0,0,0,0,0,0,56,22,23,20,21,22,23,20,21,22,23,20,21,22,23,20,21,22,0,0,0,0,0,0,0,0,0,0,0,0,0,0,0,0,0,0,0,0,0,0,0,0,0,
0,0,0,0,56,25,26,27,200,203,26,27,24,25,26,0,0,0,0,0,24,25,26,27,24,25,26,0,0,0,0,0,0,0,0,0,0,0,56,27,24,25,26,27,24,25,26,27,24,25,26,27,24,25,0,0,0,0,0,0,0,0,0,0,0,0,0,0,0,0,0,0,0,0,0,0,0,0,0,0,
0,0,0,0,56,29,30,31,28,29,30,31,28,29,0,0,0,0,0,0,28,29,30,31,28,29,30,0,0,0,0,0,0,0,0,0,0,0,30,31,28,29,30,31,28,29,30,31,28,29,30,31,28,0,0,0,0,0,0,0,0,0,0,0,0,0,0,0,0,0,0,0,0,0,0,0,0,0,0,0,
0,0,0,0,0,56,18,19,16,17,18,19,16,0,0,0,0,0,0,19,16,17,18,19,16,17,18,0,0,0,0,0,0,0,0,0,0,0,18,19,16,17,18,19,16,0,0,56,16,17,18,0,0,0,0,0,0,0,0,0,0,0,0,0,0,0,0,0,0,0,0,0,0,0,0,0,0,0,0,0,
0,0,0,0,0,0,56,23,20,21,22,23,0,0,0,0,0,0,22,23,20,21,22,23,20,21,22,0,0,0,0,0,0,0,0,0,0,21,22,23,20,21,22,23,20,0,0,0,0,0,0,0,0,0,0,0,0,0,0,0,0,0,0,0,0,0,0,0,0,0,0,0,0,0,0,0,0,0,0,0,
0,0,0,0,0,0,0,56,24,25,26,0,0,0,0,0,0,25,26,27,24,25,26,27,24,25,26,57,0,0,0,0,0,0,0,0,0,25,26,27,24,25,26,27,24,0,0,0,0,0,0,0,0,0,0,0,0,0,0,0,0,0,0,0,0,0,0,0,0,0,0,0,0,0,0,0,0,0,0,0,
0,0,0,0,0,0,0,0,0,0,0,0,0,0,0,0,28,29,30,31,28,29,30,31,28,29,30,31,57,0,0,0,0,0,0,0,0,29,30,31,28,29,30,31,28,57,0,0,0,0,0,0,0,0,0,0,0,0,0,0,0,0,0,0,0,0,0,0,0,0,0,0,0,0,0,0,0,0,0,0,
0,0,0,0,0,0,0,0,0,0,0,0,0,0,0,19,16,17,18,19,16,17,18,19,16,17,18,19,16,57,0,0,0,0,0,0,0,56,18,19,16,17,18,19,16,17,57,0,0,0,0,0,0,0,0,0,0,0,0,0,0,0,0,0,0,0,0,0,0,0,0,0,0,0,0,0,0,0,0,0,
0,0,0,0,0,0,0,0,0,0,0,0,0,0,22,23,20,21,22,23,20,21,22,23,20,21,22,23,20,21,57,0,0,0,0,0,0,0,56,23,20,21,22,23,20,21,22,57,0,0,0,0,0,0,0,0,0,0,0,0,0,0,0,0,0,0,0,0,0,0,0,0,0,0,0,0,0,0,0,0,
0,0,0,0,0,0,0,0,0,0,0,0,0,0,26,27,24,25,26,27,24,25,26,27,24,25,26,27,24,25,26,57,0,0,0,0,0,0,26,27,24,25,26,50,24,25,26,27,57,0,0,0,0,0,0,0,0,0,0,0,0,0,0,0,0,0,0,0,0,0,0,0,0,0,0,0,0,0,0,0,
0,0,0,0,0,0,0,0,0,0,0,0,0,0,30,31,28,29,30,31,28,29,30,31,28,29,30,31,28,29,30,31,0,0,0,0,0,0,56,31,28,29,30,53,28,29,30,31,28,57,0,0,0,0,0,0,0,0,0,0,0,0,0,0,0,0,0,0,0,0,0,0,0,0,0,0,0,0,0,0,
0,0,0,0,0,0,0,0,0,0,0,0,0,0,18,19,16,17,18,19,16,17,0,0,56,17,18,19,16,17,18,19,0,0,0,0,0,0,0,56,16,17,18,19,16,17,18,19,16,17,57,0,0,0,0,0,0,0,0,0,0,0,0,0,0,0,0,0,0,0,0,0,0,0,0,0,0,0,0,0,
0,0,0,0,0,0,0,0,0,0,0,0,0,21,22,23,20,21,22,23,20,0,0,0,0,56,22,23,20,21,22,23,0,0,0,0,0,0,0,23,20,21,22,23,20,21,22,23,20,21,22,57,0,0,0,0,0,0,0,0,0,21,22,57,0,0,0,0,0,0,0,0,0,0,0,0,0,0,0,0,
0,0,0,0,0,0,0,0,0,0,26,27,24,25,26,27,24,25,26,27,24,0,0,0,0,25,26,27,24,25,26,27,0,0,0,0,0,0,0,56,24,25,26,27,24,25,26,27,24,25,26,27,57,0,0,0,0,0,26,27,24,25,26,27,57,0,0,0,0,0,0,0,0,0,0,0,0,0,0,0,
0,0,0,0,0,0,0,0,0,29,30,31,28,29,30,31,28,29,30,31,28,0,0,0,0,29,30,31,28,29,30,31,57,0,0,0,0,0,0,0,56,29,30,31,28,29,30,31,28,29,30,31,28,57,57,0,28,29,30,31,28,29,30,31,28,57,0,0,0,0,0,0,0,0,0,0,0,0,0,0,
0,0,0,0,0,0,0,0,16,17,18,19,16,17,18,19,16,17,18,19,0,0,0,0,0,17,18,19,16,17,18,19,16,0,0,0,0,0,0,0,0,56,18,19,16,17,52,19,16,17,18,19,16,17,18,57,16,17,18,19,16,17,18,19,16,17,57,0,0,0,0,0,0,0,0,0,0,0,0,0,
0,0,0,0,0,0,0,23,20,21,22,23,20,21,22,23,20,21,22,23,0,0,0,0,0,21,22,23,20,21,22,23,20,0,0,0,0,0,0,0,0,0,56,23,20,21,22,23,20,21,22,23,20,21,22,23,20,21,22,23,20,21,22,23,20,21,22,57,0,0,0,0,0,0,0,0,0,0,0,0,
0,0,0,0,0,0,0,27,24,25,26,27,24,25,26,27,24,25,26,27,57,57,0,0,0,56,26,27,24,25,26,27,24,57,0,0,0,0,0,0,0,0,0,56,24,25,26,27,24,25,26,27,24,25,26,27,24,25,26,27,24,25,26,27,24,25,26,27,57,0,0,0,0,0,0,0,0,0,0,0,
0,0,0,0,0,0,0,31,28,29,30,31,28,29,30,31,28,29,30,31,28,29,57,0,0,0,56,31,28,29,30,31,28,29,57,0,0,0,0,0,0,0,0,56,28,29,30,31,28,29,30,31,28,29,30,31,28,29,30,31,28,29,30,31,28,29,30,31,28,57,30,31,28,57,0,0,0,0,0,0,
0,0,0,0,0,0,0,19,16,17,18,19,16,17,18,19,16,17,18,19,16,17,18,0,0,0,56,19,16,17,18,19,16,17,18,57,0,0,0,0,0,0,0,0,56,17,18,19,16,17,18,19,16,17,18,19,16,17,18,19,16,17,18,19,16,17,18,19,16,17,18,19,16,17,57,0,0,0,0,0,
0,0,0,0,0,0,22,23,20,21,22,23,20,21,22,23,20,21,22,205,197,206,22,57,0,0,0,56,20,21,22,23,20,21,22,23,57,0,0,0,0,0,0,0,20,21,22,23,20,21,22,23,20,21,22,23,20,21,22,23,20,0,0,56,20,21,22,23,20,21,22,23,20,21,22,57,57,0,0,0,
0,0,0,0,0,0,26,27,24,25,26,27,24,25,26,27,24,25,201,209,216,210,193,202,0,0,0,0,56,25,26,27,24,25,26,27,24,57,0,0,0,0,0,0,24,25,26,27,24,25,26,0,0,56,26,27,24,25,26,0,0,0,0,0,56,25,26,27,24,25,26,27,24,25,26,27,24,57,26,27,
0,0,0,0,0,0,30,54,28,29,30,31,28,29,30,31,28,201,209,219,218,219,218,198,57,0,0,0,0,56,30,31,28,29,30,31,28,29,57,57,0,0,0,31,28,29,30,31,28,29,30,0,0,0,0,0,0,0,0,0,0,0,0,0,0,56,30,31,28,29,30,31,28,29,30,31,28,29,30,31,
0,0,0,0,0,0,56,19,16,17,18,19,16,17,18,19,16,196,216,217,216,217,216,210,206,0,0,0,0,0,56,19,16,17,18,19,16,17,18,19,57,17,18,19,16,17,18,19,16,17,18,0,0,0,0,0,0,0,0,0,0,0,0,0,0,0,56,19,16,17,18,19,16,17,18,19,16,17,18,19,
0,0,0,0,0,0,0,56,20,21,22,23,49,21,22,23,20,200,208,219,218,219,218,219,198,0,0,0,0,0,0,56,20,21,22,23,20,21,22,23,20,21,22,23,20,21,22,23,20,21,22,0,0,0,0,0,0,0,0,0,0,0,0,0,0,0,0,56,20,21,22,23,20,21,22,23,20,21,22,23,
0,0,0,0,0,0,0,56,24,25,26,27,24,25,26,27,24,25,204,208,216,217,216,217,198,0,0,0,0,0,0,0,56,25,26,27,24,25,26,27,24,25,26,27,24,25,26,27,24,25,26,0,0,0,0,0,0,0,0,0,0,0,0,0,0,0,0,0,0,0,0,0,56,25,26,27,24,25,26,27,
0,0,0,0,0,0,0,0,56,29,30,31,28,29,30,31,28,29,30,204,208,219,218,211,203,0,0,0,0,0,0,0,0,56,30,31,28,29,30,31,28,29,30,31,28,29,30,31,28,29,0,0,0,0,0,0,0,0,0,0,0,0,0,0,0,0,0,0,0,0,0,0,0,0,0,0,0,0,0,0,
0,0,0,0,0,0,0,0,0,56,18,19,16,17,18,19,16,17,18,19,204,208,211,207,0,0,0,0,0,0,0,0,0,0,56,19,16,17,18,19,16,17,18,19,16,17,18,19,16,17,0,0,0,0,0,0,0,0,0,0,0,0,0,0,0,0,0,0,0,0,0,0,0,0,0,0,0,0,0,0,
0,0,0,0,0,0,0,0,0,0,56,23,20,21,22,23,20,21,22,23,20,200,207,0,0,0,0,0,0,0,0,0,0,0,0,0,56,21,22,23,20,21,22,23,20,21,22,23,20,0,0,0,0,0,0,0,0,0,0,0,0,0,0,0,0,0,0,0,0,0,0,0,0,0,0,0,0,0,0,0,
0,0,0,0,0,0,0,0,0,0,0,56,24,25,26,27,24,25,26,27,24,0,0,0,0,0,0,0,0,0,0,0,0,0,0,0,0,56,26,27,24,25,26,27,24,25,26,27,0,0,0,0,0,0,0,0,0,0,0,0,0,0,0,0,0,0,0,0,0,0,0,0,0,0,0,0,0,0,0,0,
0,0,0,0,0,0,0,0,0,0,0,0,56,29,30,31,28,29,30,31,0,0,0,0,0,0,0,0,0,0,0,0,0,0,0,0,0,0,0,0,56,29,30,31,28,29,30,0,0,0,0,0,0,0,0,0,0,0,0,0,0,0,0,0,0,0,0,0,0,0,0,0,0,0,0,0,0,0,0,0,
0,0,0,0,0,0,0,0,0,0,0,0,0,56,18,19,16,17,18,0,0,0,0,0,0,0,0,0,0,0,0,0,0,0,0,0,0,0,0,0,0,0,0,56,16,17,0,0,0,0,0,0,0,0,0,0,0,0,0,0,0,0,0,0,0,0,0,0,0,0,0,0,0,0,0,0,0,0,0,0,
0,0,0,0,0,0,0,0,0,0,0,0,0,0,0,0,0,0,0,0,0,0,0,0,0,0,0,0,0,0,0,0,0,0,0,0,0,0,0,0,0,0,0,0,0,0,0,0,0,0,0,0,0,0,0,0,0,0,0,0,0,0,0,0,0,0,0,0,0,0,0,0,0,0,0,0,0,0,0,0,
0,0,0,0,0,0,0,0,0,0,0,0,0,0,0,0,0,0,0,0,0,0,0,0,0,0,0,0,0,0,0,0,0,0,0,0,0,0,0,0,0,0,0,0,0,0,0,0,0,0,0,0,0,0,0,0,0,0,0,0,0,0,0,0,0,0,0,0,0,0,0,0,0,0,0,0,0,0,0,0,
0,0,0,0,0,0,0,0,0,0,0,0,0,0,0,0,0,0,0,0,0,0,0,0,0,0,0,0,0,0,0,0,0,0,0,0,0,0,0,0,0,0,0,0,0,0,0,0,0,0,0,0,0,0,0,0,0,0,0,0,0,0,0,0,0,0,0,0,0,0,0,0,0,0,0,0,0,0,0,0,
0,0,0,0,0,0,0,0,0,0,0,0,0,0,0,0,0,0,0,0,0,0,0,0,0,0,0,0,0,0,0,0,0,0,0,0,0,0,0,0,0,0,0,0,0,0,0,0,0,0,0,0,0,0,0,0,0,0,0,0,0,0,0,0,0,0,0,0,0,0,0,0,0,0,0,0,0,0,0,0,
0,0,0,0,0,0,0,0,0,0,0,0,0,0,0,0,0,0,0,0,0,0,0,0,0,0,0,0,0,0,0,0,0,0,0,0,0,0,0,0,0,0,0,0,0,0,0,0,0,0,0,0,0,0,0,0,0,0,0,0,0,0,0,0,0,0,0,0,0,0,0,0,0,0,0,0,0,0,0,0

[layer]
type=object
data=
0,0,0,0,0,0,0,0,0,0,0,0,0,0,0,0,0,0,0,0,0,0,0,0,0,0,0,0,0,0,0,0,0,0,0,0,0,0,0,0,0,0,0,0,0,0,0,0,0,0,0,0,0,0,0,0,0,0,0,0,0,0,0,0,0,0,0,0,0,0,0,0,0,0,0,0,0,0,0,0,
0,0,0,0,0,0,0,0,0,0,0,0,0,0,0,0,0,0,0,0,0,0,0,0,0,0,0,0,0,0,0,0,0,0,0,0,0,0,0,0,0,0,0,0,0,0,0,0,0,0,0,0,0,0,0,0,0,0,0,0,0,0,0,0,0,0,0,0,0,0,0,0,0,0,0,0,0,0,0,0,
0,0,0,0,0,0,0,0,0,0,0,0,0,0,0,0,0,0,0,0,0,0,0,0,0,0,0,0,0,0,0,114,101,65,73,0,0,0,0,0,0,0,0,0,0,0,0,0,0,0,0,0,0,0,0,0,0,0,0,0,0,0,0,0,0,0,0,0,0,0,0,0,0,0,0,0,0,0,0,0,
0,0,0,0,0,0,0,0,0,0,0,0,0,0,0,0,0,0,0,0,0,0,0,0,0,0,0,0,0,0,98,103,132,135,85,113,73,0,0,0,0,0,0,0,0,0,0,0,0,0,0,0,0,0,0,0,0,0,0,0,0,0,0,0,0,0,0,0,0,0,0,0,0,0,0,0,0,0,0,0,
0,0,0,0,0,0,0,0,0,0,0,0,0,0,0,0,0,0,0,0,0,0,0,0,0,0,0,0,0,114,84,0,132,133,0,0,119,77,0,0,0,0,0,0,0,0,0,0,0,0,0,0,0,0,0,0,0,0,0,0,0,0,0,0,0,0,0,0,0,0,0,0,0,0,0,0,0,0,0,0,
0,0,0,0,0,0,0,0,0,0,0,0,0,0,0,0,0,0,0,0,0,0,0,0,0,0,0,0,76,115,0,0,0,0,0,0,0,121,73,0,0,0,0,0,0,0,0,0,0,0,0,0,0,0,0,0,0,0,0,0,0,0,0,0,0,0,0,0,0,0,0,0,0,0,0,0,0,0,0,0,
0,0,0,0,0,0,0,0,0,0,76,97,101,65,97,69,113,101,73,0,0,0,0,0,0,0,0,72,84,0,0,0,0,0,0,0,0,0,81,73,0,0,0,0,0,0,0,0,0,0,0,0,0,0,0,0,0,0,0,0,0,0,0,0,0,0,0,0,0,0,0,0,0,0,0,0,0,0,0,0,
0,0,0,0,0,0,0,0,0,76,84,0,0,0,0,134,135,151,81,73,0,0,0,0,0,0,0,100,0,0,0,0,0,163,0,0,0,0,0,81,77,0,0,0,0,0,0,0,0,0,0,0,0,0,0,0,0,0,0,0,0,0,0,0,0,0,0,0,0,0,0,0,0,0,0,0,0,0,0,0,
0,0,0,0,114,65,97,65,69,103,0,0,0,0,0,0,152,0,0,85,73,0,0,0,0,0,0,68,0,0,0,132,82,118,0,0,0,0,0,0,81,77,0,0,0,0,0,0,0,0,0,0,0,0,0,0,0,0,0,0,0,0,0,0,0,0,0,0,0,0,0,0,0,0,0,0,0,0,0,0,
97,65,97,113,80,0,0,0,0,0,0,0,0,0,0,144,148,0,0,0,121,73,0,0,0,0,114,115,0,0,0,152,81,99,135,0,0,0,0,0,0,66,0,0,0,0,0,0,0,0,0,0,0,0,0,0,0,0,0,0,0,0,0,0,0,0,0,0,0,0,0,0,0,0,0,0,0,0,0,0,
240,0,0,0,0,0,0,0,0,0,0,0,0,0,0,0,0,0,0,0,0,119,73,0,0,0,112,0,0,0,0,135,151,134,0,0,0,0,0,0,0,119,73,0,0,0,0,0,0,0,0,0,0,0,0,0,0,0,0,102,69,97,69,97,109,105,65,73,0,0,0,0,0,0,0,0,0,0,0,0,
240,0,0,0,0,0,0,0,0,0,0,0,0,0,0,0,0,0,0,0,0,0,119,73,0,0,64,0,0,0,0,0,132,0,0,0,0,0,0,0,0,0,66,0,0,0,0,0,0,0,0,0,0,0,0,0,0,0,76,115,0,0,0,0,0,0,0,119,73,0,0,0,0,0,0,0,0,0,0,0,
240,0,0,0,0,0,0,0,0,0,0,0,0,0,0,0,0,0,0,0,0,0,0,85,77,0,75,83,0,0,0,0,0,0,0,132,0,0,0,0,0,0,66,0,0,0,0,0,0,0,0,0,0,0,0,0,0,98,84,0,0,0,0,0,0,133,0,0,81,73,0,0,0,0,0,0,0,0,0,0,
240,0,0,0,0,0,0,0,0,0,0,0,0,86,67,83,0,0,0,0,0,0,0,0,70,0,0,75,118,0,0,0,0,0,0,0,0,0,0,0,0,0,81,73,0,0,0,0,0,0,0,0,0,0,0,0,0,96,0,0,0,0,135,0,150,151,0,0,0,119,73,0,0,0,0,0,0,0,0,0,
67,71,67,67,87,0,0,0,0,0,0,0,86,78,0,75,87,0,0,0,0,0,0,0,121,73,0,0,64,0,0,0,0,0,0,0,0,0,0,0,0,0,0,117,73,0,0,0,0,0,0,0,0,0,0,0,0,68,0,0,0,0,0,0,0,110,134,0,0,0,66,0,0,0,0,0,0,0,0,0,
0,0,0,0,79,67,67,71,71,67,67,71,78,0,0,0,75,83,0,0,0,0,0,0,0,121,73,0,75,120,0,0,0,0,0,0,0,0,0,0,0,0,0,0,117,77,0,0,0,0,0,0,0,0,0,0,0,100,0,0,0,0,0,0,0,162,0,0,0,0,117,73,0,0,0,0,0,0,0,0,
0,0,0,0,0,0,0,0,0,0,0,0,0,0,0,0,0,96,152,0,0,0,0,0,0,0,66,0,0,79,83,0,0,0,0,0,0,0,0,134,0,0,0,0,0,81,73,0,0,0,0,0,0,0,0,0,0,108,0,0,0,0,0,0,132,0,0,0,0,0,0,66,0,0,0,0,0,0,0,0,
0,0,0,0,0,0,0,0,0,0,0,0,0,0,0,0,0,75,83,0,0,0,0,0,0,0,66,0,0,0,79,118,0,0,135,0,0,0,0,0,0,0,0,0,0,0,70,0,0,0,0,0,0,0,0,0,0,68,0,133,0,0,0,0,0,0,0,0,0,0,0,70,0,0,0,0,0,0,0,0,
0,0,0,0,0,0,0,0,0,0,0,0,0,0,0,0,0,0,75,116,0,0,0,0,0,0,66,0,0,0,0,75,116,0,0,0,0,0,0,0,0,0,0,0,0,0,121,113,101,69,77,0,0,0,0,0,0,96,0,0,0,0,0,0,0,0,0,0,0,0,0,70,0,0,0,0,0,0,0,0,
0,0,0,102,69,101,73,0,0,0,0,0,0,0,0,0,0,0,102,99,0,0,0,0,0,0,70,0,0,0,0,0,96,0,0,0,0,0,0,0,0,0,0,0,0,0,0,0,0,0,117,97,0,0,0,0,0,68,0,0,134,0,0,0,0,0,0,0,0,0,0,81,77,0,0,0,0,0,0,0,
0,0,98,99,134,0,117,73,0,0,0,0,0,0,0,0,0,0,96,0,0,0,0,0,0,0,70,0,0,0,0,0,100,0,0,0,0,0,0,0,0,0,0,0,0,0,0,0,0,0,0,0,121,0,0,0,0,112,0,0,0,0,0,0,0,0,0,0,0,0,0,0,117,77,0,0,0,0,0,0,
0,76,84,144,133,132,133,81,73,0,0,0,0,0,0,0,0,0,108,0,0,0,0,0,0,0,66,0,0,0,0,0,112,0,0,0,0,132,0,0,0,0,0,0,0,0,0,0,0,0,0,0,0,121,0,0,0,75,118,0,0,0,0,0,0,0,0,0,0,0,0,0,0,117,77,0,0,0,0,0,
0,64,148,0,0,0,132,135,66,0,0,0,0,0,0,0,0,0,100,0,0,0,0,0,0,86,74,0,0,0,0,0,64,153,134,0,0,0,0,0,0,0,0,0,0,0,0,0,0,0,0,0,0,0,121,0,0,0,75,87,0,0,0,132,0,0,0,0,146,0,0,0,0,0,81,77,0,0,0,0,
0,100,146,0,0,0,0,0,119,73,0,0,0,98,69,113,65,101,80,0,0,0,0,0,0,66,0,0,0,0,0,0,100,135,0,0,0,0,0,0,0,0,0,0,0,0,0,0,0,0,0,0,0,0,0,81,0,0,0,104,0,0,0,110,135,0,0,134,149,152,0,0,0,0,0,70,0,0,0,0,
0,112,0,0,0,0,0,0,0,119,77,0,98,103,0,0,0,0,0,0,0,0,0,0,0,70,0,0,0,0,0,0,79,83,133,0,0,0,0,0,0,0,0,0,0,0,0,0,0,0,0,0,0,0,0,0,66,0,0,112,0,0,0,150,0,0,0,151,132,0,0,0,0,0,0,70,0,0,0,0,
0,68,0,0,0,0,0,0,0,0,66,0,64,0,0,0,0,0,0,0,0,0,0,0,86,74,0,0,0,0,0,0,0,75,83,132,0,0,0,0,0,0,0,0,0,0,0,0,0,0,0,0,0,0,0,0,70,0,0,64,0,0,0,0,0,0,0,0,0,0,0,0,0,0,0,66,0,0,0,0,
0,96,0,0,0,0,0,0,0,0,85,113,80,0,0,0,0,0,0,0,0,0,0,86,78,0,0,0,0,0,0,0,0,0,75,116,0,0,0,0,0,0,0,0,0,0,86,67,67,83,0,0,0,0,0,0,66,0,0,108,0,0,0,0,0,0,0,0,0,0,0,0,0,0,0,66,0,0,0,0,
0,79,87,0,0,0,0,0,0,0,0,0,0,0,0,0,0,0,0,0,0,0,0,70,0,0,0,0,0,0,0,0,0,0,0,79,118,0,0,0,0,0,0,0,0,82,78,0,0,79,118,0,0,0,0,0,66,0,0,75,87,0,0,0,0,0,0,0,0,0,0,0,0,0,82,78,0,0,0,0,
0,0,79,116,0,0,0,0,0,0,0,0,0,0,0,0,0,0,0,0,0,0,0,66,0,0,0,0,0,0,0,0,0,0,0,0,75,67,67,67,67,67,67,67,67,74,0,0,0,72,80,0,0,0,0,0,119,73,0,0,96,0,0,0,0,0,0,0,0,0,0,0,0,86,74,0,0,0,0,0,
0,0,0,75,87,0,0,0,0,0,0,0,0,0,0,0,0,0,0,0,0,0,0,81,77,0,0,0,0,0,0,0,0,0,0,0,0,0,0,0,0,0,0,0,0,0,0,0,98,80,0,0,0,0,0,0,0,117,77,0,100,0,0,0,0,0,0,0,0,0,0,0,86,74,0,0,0,0,0,0,
0,0,0,0,100,0,0,0,0,0,0,0,0,0,0,0,0,0,0,0,0,0,0,0,117,73,0,0,0,0,0,0,0,0,0,0,0,0,0,0,0,0,0,0,0,0,0,114,84,0,0,0,0,0,0,0,0,0,81,97,99,0,0,0,0,0,0,0,0,0,0,86,74,0,0,0,0,0,0,0,
0,0,0,114,115,0,0,0,0,0,0,0,0,0,0,0,0,0,0,0,0,0,0,0,0,70,0,0,0,0,0,0,0,0,0,0,0,0,0,0,0,0,0,0,0,0,102,84,134,0,0,0,0,0,0,0,0,0,0,0,0,0,0,0,0,0,0,0,86,71,71,78,0,0,0,0,0,0,0,0,
0,0,98,115,0,0,0,0,0,0,0,0,0,0,0,0,82,120,0,0,0,0,0,0,0,117,73,0,0,0,72,97,69,73,0,0,0,0,0,0,0,0,0,0,0,0,68,135,132,0,0,0,0,0,0,0,0,0,0,0,0,0,0,0,0,0,0,82,78,0,0,0,0,0,0,0,0,0,0,0,
0,0,96,0,0,0,0,0,0,0,0,0,0,0,0,86,78,75,118,0,0,0,0,0,0,0,66,0,76,113,103,0,0,85,69,113,73,0,0,0,0,0,0,0,0,0,112,0,0,0,0,0,0,0,0,0,0,0,0,0,0,0,0,0,0,0,86,74,0,0,0,0,0,0,0,0,0,0,0,0,
0,0,64,0,0,0,0,0,0,0,0,0,0,0,0,70,0,0,100,153,0,0,0,0,0,0,85,101,99,0,0,0,0,0,0,0,117,101,77,0,0,0,0,0,0,0,68,0,0,0,0,0,0,0,0,0,0,0,0,0,0,0,0,0,0,82,74,0,0,0,0,0,0,0,0,0,0,0,0,0,
0,0,104,0,0,0,0,111,0,0,0,0,0,0,86,78,0,0,79,83,150,0,0,0,0,0,0,0,0,0,0,0,0,0,0,0,0,0,121,77,0,0,0,0,0,0,75,120,0,0,0,0,0,0,0,0,0,0,0,0,0,0,0,0,82,74,0,0,0,0,0,0,0,0,0,0,0,0,0,0,
0,0,108,0,0,0,0,0,0,0,0,0,0,0,66,0,0,0,0,96,151,0,0,0,0,0,0,0,0,0,0,0,0,0,0,0,0,0,0,119,73,0,0,0,0,0,0,96,0,0,0,0,0,0,0,0,0,0,0,0,0,0,0,86,74,0,0,0,0,0,0,0,0,0,0,0,0,0,0,0,
0,0,64,0,0,0,0,0,0,0,0,0,0,0,119,77,0,0,0,79,118,0,0,0,0,0,0,0,0,0,0,0,0,0,0,0,0,0,0,0,81,77,0,0,0,0,0,75,87,0,0,0,0,0,0,0,0,82,67,67,71,67,67,74,0,0,0,0,0,0,0,0,0,0,0,0,0,0,0,0,
0,0,68,0,0,0,0,0,0,0,0,0,0,0,0,70,0,0,0,0,79,71,116,0,0,0,0,0,0,0,0,0,0,0,0,0,0,0,0,0,0,121,65,69,69,77,0,0,68,0,0,0,0,0,0,0,82,74,0,0,0,0,0,0,0,0,0,0,0,0,0,0,0,0,0,0,0,0,0,0,
0,0,108,160,0,0,0,0,0,0,0,0,0,0,0,66,0,0,0,0,0,0,112,0,0,0,0,0,0,0,0,0,0,0,0,0,0,0,0,0,0,0,0,0,0,117,113,65,99,0,0,0,0,0,0,0,70,0,0,0,0,0,0,0,0,0,0,0,0,0,0,0,0,0,0,0,0,0,0,0,
0,0,112,0,0,0,0,0,0,0,0,0,0,0,0,119,73,0,0,0,0,0,96,0,0,0,0,0,0,0,0,82,71,83,0,0,0,0,0,0,0,0,0,0,0,0,0,0,0,0,0,0,0,0,0,0,70,0,0,0,0,0,0,0,0,0,0,0,0,0,0,0,0,0,0,0,0,0,0,0,
0,0,100,151,0,0,0,0,0,0,0,0,0,0,0,0,70,0,0,0,72,97,80,0,0,0,0,0,0,0,86,74,0,75,71,116,0,0,0,0,0,0,0,0,0,0,0,0,0,0,0,0,0,0,0,0,70,0,0,0,0,0,0,0,0,0,0,0,0,0,0,0,0,0,0,0,0,0,0,0,
0,0,75,120,0,0,0,0,0,0,0,0,0,0,0,0,70,0,0,0,68,0,0,0,0,0,0,0,0,86,78,0,0,0,0,79,87,0,0,0,0,0,0,0,0,0,0,0,0,0,0,0,0,0,0,0,70,0,0,0,0,0,0,0,0,0,0,0,0,0,0,0,0,0,0,0,0,0,0,0,
0,0,0,112,152,0,0,0,0,0,0,0,0,0,0,86,78,0,0,0,100,144,0,0,0,0,0,0,86,74,0,0,0,0,0,0,75,118,0,0,0,0,0,0,0,0,0,0,0,0,0,0,0,0,0,86,74,0,0,0,0,0,0,0,0,0,0,0,0,0,0,0,0,0,0,0,0,0,0,0,
0,0,0,79,87,0,0,0,0,0,0,0,0,0,0,66,0,0,0,0,108,0,0,0,0,0,0,86,78,0,0,0,0,0,0,0,0,79,83,0,0,0,0,0,0,0,0,0,0,0,0,0,0,0,86,74,0,0,0,0,0,0,0,0,0,0,0,0,0,0,0,0,0,0,0,0,0,0,0,0,
0,0,0,0,96,0,0,0,0,0,0,0,0,0,82,78,0,0,0,0,64,0,0,0,0,0,0,70,0,0,0,0,0,0,0,0,0,0,96,0,0,0,0,0,0,0,0,0,0,0,0,0,0,86,78,0,0,0,0,0,0,0,0,0,0,0,0,0,0,0,0,0,0,0,0,0,0,0,0,0,
0,0,0,0,79,120,149,0,0,0,0,0,0,82,74,0,0,0,0,76,84,0,0,0,0,0,0,66,0,0,0,0,0,0,0,0,0,0,100,0,0,0,0,0,0,86,67,116,0,0,0,82,67,78,0,0,0,0,0,0,0,0,0,0,0,0,0,0,0,0,0,0,0,0,0,0,0,0,0,0,
0,0,0,0,0,75,116,0,147,0,0,0,82,78,0,0,0,0,72,99,0,0,0,0,0,0,0,70,0,0,0,0,0,0,0,0,0,114,115,0,0,0,0,0,0,70,0,75,71,67,67,74,0,0,0,0,0,0,0,0,0,0,0,0,0,0,0,0,0,0,0,0,0,0,0,0,0,0,0,0,
0,0,0,0,0,0,75,120,0,0,0,86,74,0,0,0,0,114,99,0,0,0,0,0,0,0,0,85,73,0,0,0,0,0,0,0,0,100,0,0,0,0,0,0,0,70,0,0,0,0,0,0,0,0,0,0,0,0,0,0,0,0,0,0,0,0,0,0,0,0,0,0,0,0,0,0,0,0,0,0,
0,0,0,0,0,0,0,79,67,67,71,78,0,0,0,0,114,103,0,0,0,0,0,149,150,0,0,0,117,73,0,0,0,0,0,0,0,68,0,0,0,0,0,0,0,117,73,0,0,0,0,0,0,0,0,0,0,0,0,0,0,0,0,0,0,0,0,0,0,0,0,0,0,0,0,0,0,0,0,0,
0,0,0,0,0,0,0,0,0,0,0,0,0,0,0,72,80,0,0,0,0,0,0,0,0,0,0,0,0,119,73,0,0,0,0,0,0,68,0,0,0,0,0,0,0,0,85,73,0,0,0,0,0,0,0,0,0,0,0,0,0,0,0,0,0,0,0,0,0,0,0,0,0,0,0,0,0,0,0,0,
0,0,0,0,0,0,0,0,0,0,0,0,0,0,114,103,0,0,0,0,0,0,0,0,0,0,0,0,0,0,85,77,0,0,0,0,0,75,118,0,0,0,134,133,0,0,0,81,73,0,0,0,0,0,0,0,0,0,0,0,0,0,0,0,0,0,0,0,0,0,0,0,0,0,0,0,0,0,0,0,
0,0,0,0,0,0,0,0,0,0,0,0,0,0,96,150,0,0,0,0,0,0,0,0,0,0,0,0,0,0,0,119,73,0,0,0,0,0,104,0,0,0,110,0,0,0,0,0,119,73,0,0,0,0,0,0,0,0,0,0,0,0,0,0,0,0,0,0,0,0,0,0,0,0,0,0,0,0,0,0,
0,0,0,0,0,0,0,0,0,0,0,0,0,0,68,0,0,0,0,0,0,0,0,0,0,0,0,0,0,0,0,0,66,0,0,0,0,0,64,0,0,0,152,0,0,0,0,0,0,117,73,0,0,0,0,0,0,0,0,0,0,0,0,0,0,0,0,0,0,0,0,0,0,0,0,0,0,0,0,0,
0,0,0,0,0,0,0,0,0,0,0,0,0,0,64,0,0,0,0,0,0,0,82,67,116,151,0,0,0,0,0,0,70,0,0,0,0,0,75,83,0,0,0,0,0,0,0,0,0,0,119,77,0,0,0,0,0,0,0,0,0,0,0,0,0,0,0,0,0,0,0,0,0,0,0,0,0,0,0,0,
0,0,0,0,0,0,0,0,0,0,0,0,0,102,115,0,0,0,0,0,0,82,74,0,75,120,0,0,0,0,0,0,70,0,0,0,0,0,0,108,0,0,0,0,0,0,0,0,0,0,0,121,73,0,0,0,0,0,0,0,0,76,113,69,77,0,0,0,0,0,0,0,0,0,0,0,0,0,0,0,
0,0,0,0,0,0,0,0,0,0,98,65,101,103,0,0,0,0,0,0,0,70,0,0,0,96,0,0,0,0,0,0,66,0,0,0,0,0,0,108,0,0,0,0,0,134,135,0,0,0,0,0,117,73,0,0,0,0,102,65,97,80,146,0,121,77,0,0,0,0,0,0,0,0,0,0,0,0,0,0,
0,0,0,0,0,0,0,0,0,72,80,0,134,0,0,0,0,0,0,0,0,70,0,0,0,68,0,0,0,0,0,0,85,73,0,0,0,0,0,75,83,0,0,0,0,134,111,0,0,0,0,0,0,117,113,77,76,69,80,0,0,0,0,0,0,117,73,0,0,0,0,0,0,0,0,0,0,0,0,0,
0,0,0,0,0,0,0,0,98,80,135,0,0,0,0,0,0,0,0,0,82,74,0,0,0,64,0,0,0,0,0,0,0,66,0,0,0,0,0,0,75,116,0,0,0,0,0,0,0,0,0,0,0,0,0,121,115,0,0,0,0,0,0,0,0,149,85,77,0,0,0,0,0,0,0,0,0,0,0,0,
0,0,0,0,0,0,0,72,84,150,0,0,0,0,0,0,0,0,0,0,70,0,0,0,0,96,0,0,0,0,0,0,0,66,0,0,0,0,0,0,0,75,118,0,0,0,0,0,0,0,0,0,0,0,0,0,0,0,0,0,0,0,0,0,0,150,151,119,73,0,0,0,0,0,0,0,0,0,0,0,
0,0,0,0,0,0,0,64,135,132,0,0,0,0,0,0,0,0,0,0,119,101,73,0,0,100,151,0,0,0,0,0,0,81,73,0,0,0,0,0,0,0,75,83,0,0,0,0,0,0,0,0,0,0,0,0,0,0,0,0,0,0,0,0,0,0,0,0,117,73,0,0,0,0,0,0,0,0,0,0,
0,0,0,0,0,0,0,96,0,0,0,0,0,0,0,0,0,0,0,0,0,0,81,73,0,79,87,0,0,0,0,153,0,0,85,73,0,0,0,0,0,0,0,64,0,0,0,0,0,0,0,0,0,0,0,0,0,0,0,0,0,0,0,0,0,0,0,0,0,121,65,105,109,101,77,0,0,0,0,0,
0,0,0,0,0,0,0,100,0,0,0,0,0,0,0,0,0,0,0,0,0,0,0,66,0,0,64,0,0,0,0,151,134,0,0,117,73,0,0,0,0,0,0,79,118,0,0,0,0,0,0,0,0,0,0,0,0,0,0,0,0,0,147,0,0,0,0,0,0,0,0,0,0,0,81,73,0,0,0,0,
0,0,0,0,0,0,114,115,0,0,0,0,0,0,0,0,0,0,144,0,0,0,0,119,77,0,75,116,0,0,0,0,133,0,0,0,119,73,0,0,0,0,0,0,100,0,0,0,0,0,0,0,0,0,0,0,0,0,0,0,0,82,71,120,0,0,0,0,0,0,0,0,0,0,0,119,69,77,0,0,
0,0,0,0,0,0,68,0,0,0,0,0,0,0,0,0,0,148,0,0,0,0,0,0,70,0,0,75,83,0,0,0,0,0,0,0,0,81,77,0,0,0,0,0,108,0,0,0,0,0,0,82,67,116,0,0,0,0,0,86,67,78,0,79,83,0,0,0,0,0,0,0,0,0,0,0,0,85,101,97,
0,0,0,0,0,0,100,0,0,0,0,0,0,0,0,0,0,0,0,0,0,0,0,0,81,73,0,0,75,118,0,0,0,0,0,0,0,0,81,65,77,0,0,72,80,0,0,0,0,0,0,66,0,75,67,67,67,67,71,74,0,0,0,0,79,83,152,0,0,0,0,0,0,0,0,0,0,0,0,240,
0,0,0,0,0,0,112,0,0,0,0,151,0,0,0,0,0,135,0,0,0,0,0,0,0,70,0,0,0,75,83,150,0,0,0,0,0,0,0,145,121,69,97,103,0,0,0,0,0,0,0,70,0,0,0,0,0,0,0,0,0,0,0,0,0,75,87,0,0,0,0,0,0,0,0,0,0,0,0,240,
0,0,0,0,0,0,75,120,0,0,153,150,0,0,0,0,0,0,0,0,0,0,0,0,0,70,0,0,0,0,75,120,146,0,0,0,0,0,0,0,0,144,0,0,0,0,0,0,0,0,0,70,0,0,0,0,0,0,0,0,0,0,0,0,0,0,75,87,0,0,0,0,0,0,0,0,0,0,0,240,
0,0,0,0,0,0,0,100,0,0,152,133,163,0,0,0,0,0,134,0,0,0,0,0,0,66,0,0,0,0,0,79,118,0,0,0,0,0,0,0,0,0,0,0,0,0,0,0,0,0,0,66,0,0,0,0,0,0,0,0,0,0,0,0,0,0,0,75,67,67,71,67,118,0,0,0,0,0,0,240,
0,0,0,0,0,0,0,79,87,0,132,134,0,0,0,0,0,0,0,0,0,0,0,0,0,66,0,0,0,0,0,0,79,120,0,0,0,0,0,0,0,0,0,0,0,0,0,0,0,0,86,74,0,0,0,0,0,0,0,0,0,0,0,0,0,0,0,0,0,0,0,0,75,67,71,67,67,71,67,67,
0,0,0,0,0,0,0,0,79,120,0,0,0,0,0,0,0,0,0,0,0,0,0,0,86,78,0,0,0,0,0,0,0,75,87,0,0,0,0,0,0,0,0,0,0,0,0,0,0,0,70,0,0,0,0,0,0,0,0,0,0,0,0,0,0,0,0,0,0,0,0,0,0,0,0,0,0,0,0,0,
0,0,0,0,0,0,0,0,0,79,116,0,0,0,0,0,0,0,0,0,0,0,0,82,78,0,0,0,0,0,0,0,0,0,75,67,118,0,0,0,0,0,0,0,0,0,0,0,0,82,74,0,0,0,0,0,0,0,0,0,0,0,0,0,0,0,0,0,0,0,0,0,0,0,0,0,0,0,0,0,
0,0,0,0,0,0,0,0,0,0,79,87,0,0,0,0,0,0,0,0,0,82,71,74,0,0,0,0,0,0,0,0,0,0,0,0,79,118,0,0,0,0,0,0,0,0,0,0,82,74,0,0,0,0,0,0,0,0,0,0,0,0,0,0,0,0,0,0,0,0,0,0,0,0,0,0,0,0,0,0,
0,0,0,0,0,0,0,0,0,0,0,75,118,0,0,0,0,0,0,0,82,74,0,0,0,0,0,0,0,0,0,0,0,0,0,0,0,79,67,71,83,0,0,0,0,0,0,82,74,0,0,0,0,0,0,0,0,0,0,0,0,0,0,0,0,0,0,0,0,0,0,0,0,0,0,0,0,0,0,0,
0,0,0,0,0,0,0,0,0,0,0,0,79,118,0,0,0,0,0,86,78,0,0,0,0,0,0,0,0,0,0,0,0,0,0,0,0,0,0,0,79,71,67,116,0,0,86,74,0,0,0,0,0,0,0,0,0,0,0,0,0,0,0,0,0,0,0,0,0,0,0,0,0,0,0,0,0,0,0,0,
0,0,0,0,0,0,0,0,0,0,0,0,0,79,71,67,67,67,71,78,0,0,0,0,0,0,0,0,0,0,0,0,0,0,0,0,0,0,0,0,0,0,0,75,67,67,74,0,0,0,0,0,0,0,0,0,0,0,0,0,0,0,0,0,0,0,0,0,0,0,0,0,0,0,0,0,0,0,0,0,
0,0,0,0,0,0,0,0,0,0,0,0,0,0,0,0,0,0,0,0,0,0,0,0,0,0,0,0,0,0,0,0,0,0,0,0,0,0,0,0,0,0,0,0,0,0,0,0,0,0,0,0,0,0,0,0,0,0,0,0,0,0,0,0,0,0,0,0,0,0,0,0,0,0,0,0,0,0,0,0,
0,0,0,0,0,0,0,0,0,0,0,0,0,0,0,0,0,0,0,0,0,0,0,0,0,0,0,0,0,0,0,0,0,0,0,0,0,0,0,0,0,0,0,0,0,0,0,0,0,0,0,0,0,0,0,0,0,0,0,0,0,0,0,0,0,0,0,0,0,0,0,0,0,0,0,0,0,0,0,0,
0,0,0,0,0,0,0,0,0,0,0,0,0,0,0,0,0,0,0,0,0,0,0,0,0,0,0,0,0,0,0,0,0,0,0,0,0,0,0,0,0,0,0,0,0,0,0,0,0,0,0,0,0,0,0,0,0,0,0,0,0,0,0,0,0,0,0,0,0,0,0,0,0,0,0,0,0,0,0,0,
0,0,0,0,0,0,0,0,0,0,0,0,0,0,0,0,0,0,0,0,0,0,0,0,0,0,0,0,0,0,0,0,0,0,0,0,0,0,0,0,0,0,0,0,0,0,0,0,0,0,0,0,0,0,0,0,0,0,0,0,0,0,0,0,0,0,0,0,0,0,0,0,0,0,0,0,0,0,0,0

[layer]
type=collision
data=
3,3,3,3,3,3,3,3,3,3,3,3,3,3,3,3,3,3,3,3,3,3,3,3,3,3,3,3,3,3,3,3,3,3,3,3,3,3,3,3,3,3,3,3,3,3,3,3,3,3,3,3,3,3,3,3,3,3,3,3,3,3,3,3,3,3,3,3,3,3,3,3,3,3,3,3,3,3,3,3,
3,3,3,3,3,3,3,3,3,3,3,3,3,3,3,3,3,3,3,3,3,3,3,3,3,3,3,3,3,3,3,3,3,3,3,3,3,3,3,3,3,3,3,3,3,3,3,3,3,3,3,3,3,3,3,3,3,3,3,3,3,3,3,3,3,3,3,3,3,3,3,3,3,3,3,3,3,3,3,3,
3,3,3,3,3,3,3,3,3,3,3,3,3,3,3,3,3,3,3,3,3,3,3,3,3,3,3,3,3,3,3,1,1,1,1,3,3,3,3,3,3,3,3,3,3,3,3,3,3,3,3,3,3,3,3,3,3,3,3,3,3,3,3,3,3,3,3,3,3,3,3,3,3,3,3,3,3,3,3,3,
3,3,3,3,3,3,3,3,3,3,3,3,3,3,3,3,3,3,3,3,3,3,3,3,3,3,3,3,3,3,1,1,0,0,1,1,1,3,3,3,3,3,3,3,3,3,3,3,3,3,3,3,3,3,3,3,3,3,3,3,3,3,3,3,3,3,3,3,3,3,3,3,3,3,3,3,3,3,3,3,
3,3,3,3,3,3,3,3,3,3,3,3,3,3,3,3,3,3,3,3,3,3,3,3,3,3,3,3,3,1,1,0,0,0,0,0,1,1,3,3,3,3,3,3,3,3,3,3,3,3,3,3,3,3,3,3,3,3,3,3,3,3,3,3,3,3,3,3,3,3,3,3,3,3,3,3,3,3,3,3,
3,3,3,3,3,3,3,3,3,3,3,3,3,3,3,3,3,3,3,3,3,3,3,3,3,3,3,3,1,1,0,0,0,0,0,0,0,1,1,3,3,3,3,3,3,3,3,3,3,3,3,3,3,3,3,3,3,3,3,3,3,3,3,3,3,3,3,3,3,3,3,3,3,3,3,3,3,3,3,3,
3,3,3,3,3,3,3,3,3,3,1,1,1,1,1,1,1,1,1,3,3,3,3,3,3,3,3,1,1,0,0,0,0,0,0,0,0,0,1,1,3,3,3,3,3,3,3,3,3,3,3,3,3,3,3,3,3,3,3,3,3,3,3,3,3,3,3,3,3,3,3,3,3,3,3,3,3,3,3,3,
3,3,3,3,3,3,3,3,3,1,1,0,0,0,0,0,0,4,1,1,3,3,3,3,3,3,3,1,0,0,0,0,0,4,0,0,0,0,0,1,1,3,3,3,3,3,3,3,3,3,3,3,3,3,3,3,3,3,3,3,3,3,3,3,3,3,3,3,3,3,3,3,3,3,3,3,3,3,3,3,
3,3,3,3,1,1,1,1,1,1,0,0,0,0,0,0,4,0,0,1,1,3,3,3,3,3,3,1,0,0,0,0,1,1,0,0,0,0,0,0,1,1,3,3,3,3,3,3,3,3,3,3,3,3,3,3,3,3,3,3,3,3,3,3,3,3,3,3,3,3,3,3,3,3,3,3,3,3,3,3,
1,1,1,1,1,0,0,0,0,0,0,0,0,0,0,4,1,0,0,0,1,1,3,3,3,3,1,1,0,0,0,4,1,1,0,0,0,0,0,0,0,1,3,3,3,3,3,3,3,3,3,3,3,3,3,3,3,3,3,3,3,3,3,3,3,3,3,3,3,3,3,3,3,3,3,3,3,3,3,3,
0,0,0,0,0,0,0,0,0,0,0,0,0,0,0,0,0,0,0,0,0,1,1,3,3,3,1,0,0,0,0,0,4,0,0,0,0,0,0,0,0,1,1,3,3,3,3,3,3,3,3,3,3,3,3,3,3,3,3,1,1,1,1,1,1,1,1,1,3,3,3,3,3,3,3,3,3,3,3,3,
0,0,0,0,0,0,0,0,0,0,0,0,0,0,0,0,0,0,0,0,0,0,1,1,3,3,1,0,0,0,0,0,0,0,0,0,0,0,0,0,0,0,1,3,3,3,3,3,3,3,3,3,3,3,3,3,3,3,1,1,2,2,0,0,0,0,0,1,1,3,3,3,3,3,3,3,3,3,3,3,
0,0,0,0,0,0,0,0,0,0,0,0,0,0,0,0,0,0,0,0,0,0,0,1,1,3,1,1,0,0,0,0,0,0,0,2,2,2,0,0,0,0,1,3,3,3,3,3,3,3,3,3,3,3,3,3,3,1,1,2,2,2,2,0,0,0,0,0,1,1,3,3,3,3,3,3,3,3,3,3,
0,0,0,0,0,0,0,0,0,0,0,0,0,1,1,1,0,0,0,0,0,0,0,0,1,3,3,1,1,0,0,0,0,0,2,2,4,2,2,0,0,0,1,1,3,3,3,3,3,3,3,3,3,3,3,3,3,1,2,2,4,4,2,2,4,4,0,0,0,1,1,3,3,3,3,3,3,3,3,3,
1,1,1,1,1,0,0,0,0,0,0,0,1,1,3,1,1,0,0,0,0,0,0,0,1,1,3,3,1,0,0,0,0,2,2,4,4,4,2,2,0,0,0,1,1,3,3,3,3,3,3,3,3,3,3,3,3,1,2,4,4,4,4,2,2,1,0,0,0,0,1,3,3,3,3,3,3,3,3,3,
3,3,3,3,1,1,1,1,1,1,1,1,1,3,3,3,1,1,0,0,0,0,0,0,0,1,1,3,1,1,0,0,0,2,2,4,4,4,4,2,0,0,0,0,1,1,3,3,3,3,3,3,3,3,3,3,3,1,2,4,4,4,4,4,2,4,0,0,0,0,1,1,3,3,3,3,3,3,3,3,
3,3,3,3,3,3,3,3,3,3,3,3,3,3,3,3,3,1,4,0,0,0,0,0,0,0,1,3,3,1,1,0,0,0,2,4,4,4,4,2,0,0,0,0,0,1,1,3,3,3,3,3,3,3,3,3,3,1,2,4,4,4,4,4,2,0,0,0,0,0,0,1,3,3,3,3,3,3,3,3,
3,3,3,3,3,3,3,3,3,3,3,3,3,3,3,3,3,1,1,0,0,0,0,0,0,0,1,3,3,3,1,1,0,0,2,4,4,4,4,2,2,0,0,0,0,0,1,3,3,3,3,3,3,3,3,3,3,1,2,2,4,4,4,2,2,0,0,0,0,0,0,1,3,3,3,3,3,3,3,3,
3,3,3,3,3,3,3,3,3,3,3,3,3,3,3,3,3,3,1,1,0,0,0,0,0,0,1,3,3,3,3,1,1,0,2,2,4,4,4,4,2,2,0,0,0,0,1,1,1,1,1,3,3,3,3,3,3,1,0,2,2,4,2,2,0,0,0,0,0,0,0,1,3,3,3,3,3,3,3,3,
3,3,3,1,1,1,1,3,3,3,3,3,3,3,3,3,3,3,1,1,0,0,0,0,0,0,1,3,3,3,3,3,1,0,0,2,2,4,4,4,4,2,0,0,0,0,0,0,0,0,1,1,3,3,3,3,3,1,0,0,2,2,2,0,0,0,0,0,0,0,0,1,1,3,3,3,3,3,3,3,
3,3,1,1,0,0,1,1,3,3,3,3,3,3,3,3,3,3,1,0,0,0,0,0,0,0,1,3,3,3,3,3,1,0,0,0,2,4,4,4,4,2,0,0,0,0,0,0,0,0,0,0,1,3,3,3,3,1,0,0,0,0,0,0,0,0,0,0,0,0,0,0,1,1,3,3,3,3,3,3,
3,1,1,4,0,0,0,1,1,3,3,3,3,3,3,3,3,3,1,0,0,0,0,0,0,0,1,3,3,3,3,3,1,0,0,0,2,2,4,4,2,2,0,0,0,0,0,0,0,0,0,0,0,1,3,3,3,1,1,0,0,0,0,0,0,0,0,0,0,0,0,0,0,1,1,3,3,3,3,3,
3,1,1,0,0,0,0,0,1,3,3,3,3,3,3,3,3,3,1,0,0,0,0,0,0,1,1,3,3,3,3,3,1,1,0,0,0,2,2,2,2,0,0,0,0,0,0,0,0,0,0,0,0,0,1,3,3,3,1,1,0,0,0,0,0,0,0,0,4,0,0,0,0,0,1,1,3,3,3,3,
3,1,4,0,0,0,0,0,1,1,3,3,3,1,1,1,1,1,1,0,0,0,0,0,0,1,3,3,3,3,3,3,1,0,0,0,0,0,2,2,0,0,0,0,0,0,0,0,0,0,0,0,0,0,0,1,3,3,3,1,0,0,0,1,0,0,0,0,1,4,0,0,0,0,0,1,3,3,3,3,
3,1,0,0,0,0,0,0,0,1,1,3,1,1,0,0,0,0,0,0,0,0,0,0,0,1,3,3,3,3,3,3,1,1,0,0,0,0,0,0,0,0,0,0,0,0,0,0,0,0,0,0,0,0,0,0,1,3,3,1,0,0,0,4,0,0,0,4,0,0,0,0,0,0,0,1,3,3,3,3,
3,1,0,0,0,0,0,0,0,0,1,3,1,0,0,0,0,0,0,0,0,0,0,0,1,1,3,3,3,3,3,3,3,1,1,0,0,0,0,0,0,0,0,0,0,0,0,0,0,0,0,0,0,0,0,0,1,3,3,1,0,0,0,0,0,0,0,0,0,0,0,0,0,0,0,1,3,3,3,3,
3,1,0,0,0,0,0,0,0,0,1,1,1,0,0,0,0,0,0,0,0,0,0,1,1,3,3,3,3,3,3,3,3,3,1,1,0,0,0,0,0,0,0,0,0,0,1,1,1,1,0,0,0,0,0,0,1,3,3,1,0,0,0,0,0,0,0,0,0,0,0,0,0,0,0,1,3,3,3,3,
3,1,1,0,0,0,0,0,0,0,0,0,0,0,0,0,0,0,0,0,0,0,0,1,3,3,3,3,3,3,3,3,3,3,3,1,1,0,0,0,0,0,0,0,0,1,1,3,3,1,1,0,0,0,0,0,1,3,3,1,1,0,0,0,0,0,0,0,0,0,0,0,0,0,1,1,3,3,3,3,
3,3,1,1,0,0,0,0,0,0,0,0,0,0,0,0,0,0,0,0,0,0,0,1,3,3,3,3,3,3,3,3,3,3,3,3,1,1,1,1,1,1,1,1,1,1,3,3,3,1,1,0,0,0,0,0,1,1,3,3,1,0,0,0,0,0,0,0,0,0,0,0,0,1,1,3,3,3,3,3,
3,3,3,1,1,0,0,0,0,0,0,0,0,0,0,0,0,0,0,0,0,0,0,1,1,3,3,3,3,3,3,3,3,3,3,3,3,3,3,3,3,3,3,3,3,3,3,3,1,1,0,0,0,0,0,0,0,1,1,3,1,0,0,0,0,0,0,0,0,0,0,0,1,1,3,3,3,3,3,3,
3,3,3,3,1,0,0,0,0,0,0,0,0,0,0,0,0,0,0,0,0,0,0,0,1,1,3,3,3,3,3,3,3,3,3,3,3,3,3,3,3,3,3,3,3,3,3,1,1,0,0,0,0,0,0,0,0,0,1,1,1,0,0,0,0,0,0,0,0,0,0,1,1,3,3,3,3,3,3,3,
3,3,3,1,1,0,0,0,0,0,0,0,0,0,0,0,0,0,0,0,0,0,0,0,0,1,3,3,3,3,3,3,3,3,3,3,3,3,3,3,3,3,3,3,3,3,1,1,0,0,0,0,0,0,0,0,0,0,0,0,0,0,0,0,0,0,0,0,1,1,1,1,3,3,3,3,3,3,3,3,
3,3,1,1,0,0,0,0,0,0,0,0,0,0,0,0,1,1,0,0,0,0,0,0,0,1,1,3,3,3,1,1,1,1,3,3,3,3,3,3,3,3,3,3,3,3,1,0,0,0,0,0,0,0,0,0,0,0,0,0,0,0,0,0,0,0,0,1,1,3,3,3,3,3,3,3,3,3,3,3,
3,3,1,0,0,0,0,0,0,0,0,0,0,0,0,1,1,1,1,0,0,0,0,0,0,0,1,3,1,1,1,0,0,1,1,1,1,3,3,3,3,3,3,3,3,3,1,0,0,0,0,0,0,0,0,0,0,0,0,0,0,0,0,0,0,0,1,1,3,3,3,3,3,3,3,3,3,3,3,3,
3,3,1,0,0,0,0,0,0,0,0,0,0,0,0,1,3,3,1,1,0,0,0,0,0,0,1,1,1,0,0,0,0,0,0,0,1,1,1,3,3,3,3,3,3,3,1,0,0,0,0,0,0,0,0,0,0,0,0,0,0,0,0,0,0,1,1,3,3,3,3,3,3,3,3,3,3,3,3,3,
3,3,1,0,0,0,0,1,0,0,0,0,0,0,1,1,3,3,1,1,4,0,0,0,0,0,0,0,0,0,0,0,0,0,0,0,0,0,1,1,3,3,3,3,3,3,1,1,0,0,0,0,0,0,0,0,0,0,0,0,0,0,0,0,1,1,3,3,3,3,3,3,3,3,3,3,3,3,3,3,
3,3,1,0,0,0,0,2,2,2,2,0,0,0,1,3,3,3,3,1,4,0,0,0,0,0,0,0,0,0,0,0,0,0,0,0,0,0,0,1,1,3,3,3,3,3,3,1,0,0,0,0,0,0,0,0,0,0,0,0,0,0,0,1,1,3,3,3,3,3,3,3,3,3,3,3,3,3,3,3,
3,3,1,0,0,0,2,2,4,4,2,2,0,0,1,1,3,3,3,1,1,0,0,0,0,0,0,0,0,0,0,0,0,0,0,0,0,0,0,0,1,1,3,3,3,3,3,1,1,0,0,0,0,0,0,0,0,1,1,1,1,1,1,1,3,3,3,3,3,3,3,3,3,3,3,3,3,3,3,3,
3,3,1,0,0,2,2,4,4,4,4,2,2,0,0,1,3,3,3,3,1,1,1,0,0,0,0,0,0,0,0,0,0,0,0,0,0,0,0,0,0,1,1,1,1,1,3,3,1,0,0,0,0,0,0,0,1,1,3,3,3,3,3,3,3,3,3,3,3,3,3,3,3,3,3,3,3,3,3,3,
3,3,1,4,0,2,4,4,4,4,4,2,2,0,0,1,3,3,3,3,3,3,1,0,0,0,0,0,0,0,0,0,0,0,0,0,0,0,0,0,0,0,0,0,0,1,1,1,1,0,0,0,0,0,0,0,1,3,3,3,3,3,3,3,3,3,3,3,3,3,3,3,3,3,3,3,3,3,3,3,
3,3,1,0,0,2,4,4,4,4,4,2,0,0,0,1,1,3,3,3,3,3,1,0,0,0,0,0,0,0,0,1,1,1,0,0,0,0,0,0,0,0,0,0,0,0,0,0,0,0,0,0,0,0,0,0,1,3,3,3,3,3,3,3,3,3,3,3,3,3,3,3,3,3,3,3,3,3,3,3,
3,3,1,4,0,2,2,4,4,4,4,2,0,0,0,0,1,3,3,3,1,1,1,0,0,0,0,0,0,0,1,1,3,1,1,1,0,0,0,0,0,0,0,0,0,0,0,0,0,0,0,0,0,0,0,0,1,3,3,3,3,3,3,3,3,3,3,3,3,3,3,3,3,3,3,3,3,3,3,3,
3,3,1,1,0,0,2,2,4,4,2,2,0,0,0,0,1,3,3,3,1,0,0,0,0,0,0,0,0,1,1,3,3,3,3,1,1,0,0,0,0,0,0,0,0,0,0,0,0,0,0,0,0,0,0,0,1,3,3,3,3,3,3,3,3,3,3,3,3,3,3,3,3,3,3,3,3,3,3,3,
3,3,3,1,4,0,0,2,2,2,2,0,0,0,0,1,1,3,3,3,1,4,0,0,0,0,0,0,1,1,3,3,3,3,3,3,1,1,0,0,0,0,0,0,0,0,0,0,0,0,0,0,0,0,0,1,1,3,3,3,3,3,3,3,3,3,3,3,3,3,3,3,3,3,3,3,3,3,3,3,
3,3,3,1,1,0,0,0,2,2,0,0,0,0,0,1,3,3,3,3,1,0,0,0,0,0,0,1,1,3,3,3,3,3,3,3,3,1,1,0,0,0,0,0,0,0,0,0,0,0,0,0,0,0,1,1,3,3,3,3,3,3,3,3,3,3,3,3,3,3,3,3,3,3,3,3,3,3,3,3,
3,3,3,3,1,0,0,0,0,0,0,0,0,0,1,1,3,3,3,3,1,0,0,0,0,0,0,1,3,3,3,3,3,3,3,3,3,3,1,0,0,0,0,0,0,0,0,0,0,0,0,0,0,1,1,3,3,3,3,3,3,3,3,3,3,3,3,3,3,3,3,3,3,3,3,3,3,3,3,3,
3,3,3,3,1,1,1,0,0,0,0,0,0,1,1,3,3,3,3,1,1,0,0,0,0,0,0,1,3,3,3,3,3,3,3,3,3,3,1,0,0,0,0,0,0,1,1,1,0,0,0,1,1,1,3,3,3,3,3,3,3,3,3,3,3,3,3,3,3,3,3,3,3,3,3,3,3,3,3,3,
3,3,3,3,3,1,1,0,4,0,0,0,1,1,3,3,3,3,1,1,0,0,0,0,0,0,0,1,3,3,3,3,3,3,3,3,3,1,1,0,0,0,0,0,0,1,3,1,1,1,1,1,3,3,3,3,3,3,3,3,3,3,3,3,3,3,3,3,3,3,3,3,3,3,3,3,3,3,3,3,
3,3,3,3,3,3,1,1,0,0,0,1,1,3,3,3,3,1,1,0,0,0,0,0,0,0,0,1,1,3,3,3,3,3,3,3,3,1,0,0,0,0,0,0,0,1,3,3,3,3,3,3,3,3,3,3,3,3,3,3,3,3,3,3,3,3,3,3,3,3,3,3,3,3,3,3,3,3,3,3,
3,3,3,3,3,3,3,1,1,1,1,1,3,3,3,3,1,1,0,0,0,0,0,1,4,0,0,0,1,1,3,3,3,3,3,3,3,1,0,0,0,0,0,0,0,1,1,3,3,3,3,3,3,3,3,3,3,3,3,3,3,3,3,3,3,3,3,3,3,3,3,3,3,3,3,3,3,3,3,3,
3,3,3,3,3,3,3,3,3,3,3,3,3,3,3,1,1,0,0,0,0,0,0,0,0,0,0,0,0,1,1,3,3,3,3,3,3,1,0,0,0,0,0,0,0,0,1,1,3,3,3,3,3,3,3,3,3,3,3,3,3,3,3,3,3,3,3,3,3,3,3,3,3,3,3,3,3,3,3,3,
3,3,3,3,3,3,3,3,3,3,3,3,3,3,1,1,0,0,0,0,0,0,0,0,0,0,0,0,0,0,1,1,3,3,3,3,3,1,1,0,0,0,0,0,0,0,0,1,1,3,3,3,3,3,3,3,3,3,3,3,3,3,3,3,3,3,3,3,3,3,3,3,3,3,3,3,3,3,3,3,
3,3,3,3,3,3,3,3,3,3,3,3,3,3,1,4,0,0,0,0,0,0,0,0,0,0,0,0,0,0,0,1,1,3,3,3,3,3,1,0,0,0,1,0,0,0,0,0,1,1,3,3,3,3,3,3,3,3,3,3,3,3,3,3,3,3,3,3,3,3,3,3,3,3,3,3,3,3,3,3,
3,3,3,3,3,3,3,3,3,3,3,3,3,3,1,0,0,0,0,0,0,0,0,0,0,0,0,0,0,0,0,0,1,3,3,3,3,3,1,0,0,0,4,0,0,0,0,0,0,1,1,3,3,3,3,3,3,3,3,3,3,3,3,3,3,3,3,3,3,3,3,3,3,3,3,3,3,3,3,3,
3,3,3,3,3,3,3,3,3,3,3,3,3,3,1,0,0,0,0,0,0,0,1,1,1,4,0,0,0,0,0,0,1,3,3,3,3,3,1,1,0,0,0,0,0,0,0,0,0,0,1,1,3,3,3,3,3,3,3,3,3,3,3,3,3,3,3,3,3,3,3,3,3,3,3,3,3,3,3,3,
3,3,3,3,3,3,3,3,3,3,3,3,3,1,1,0,0,0,0,0,0,1,1,3,1,1,0,0,0,0,0,0,1,3,3,3,3,3,3,1,0,0,0,0,0,0,0,0,0,0,0,1,1,3,3,3,3,3,3,3,3,1,1,1,1,3,3,3,3,3,3,3,3,3,3,3,3,3,3,3,
3,3,3,3,3,3,3,3,3,3,1,1,1,1,0,0,0,0,0,0,0,1,3,3,3,1,0,0,0,0,0,0,1,3,3,3,3,3,3,1,0,0,0,0,0,0,0,0,0,0,0,0,1,1,3,3,3,3,1,1,1,1,4,0,1,1,3,3,3,3,3,3,3,3,3,3,3,3,3,3,
3,3,3,3,3,3,3,3,3,1,1,0,0,0,0,0,0,0,0,0,0,1,3,3,3,1,0,0,0,0,0,0,1,1,3,3,3,3,3,1,1,0,0,0,0,0,1,0,0,0,0,0,0,1,1,1,1,1,1,0,0,0,0,0,0,1,1,3,3,3,3,3,3,3,3,3,3,3,3,3,
3,3,3,3,3,3,3,3,1,1,0,0,0,0,0,0,0,0,0,0,1,1,3,3,3,1,0,0,0,0,0,0,0,1,3,3,3,3,3,3,1,1,0,0,0,0,0,0,0,0,0,0,0,0,0,1,1,0,0,0,0,0,0,0,0,1,1,1,3,3,3,3,3,3,3,3,3,3,3,3,
3,3,3,3,3,3,3,1,1,4,0,0,0,0,0,0,0,0,0,0,1,3,3,3,3,1,0,0,0,0,0,0,0,1,3,3,3,3,3,3,3,1,1,0,0,0,0,0,0,0,0,0,0,0,0,0,0,0,0,0,0,0,0,0,0,4,4,1,1,3,3,3,3,3,3,3,3,3,3,3,
3,3,3,3,3,3,3,1,0,0,0,0,0,0,0,0,0,0,0,0,1,1,1,3,3,1,4,0,0,0,0,0,0,1,1,3,3,3,3,3,3,3,1,1,0,0,0,0,0,0,0,0,0,0,0,0,0,0,0,0,0,0,0,0,0,0,0,0,1,1,3,3,3,3,3,3,3,3,3,3,
3,3,3,3,3,3,3,1,0,0,0,0,0,0,0,0,0,0,0,0,0,0,1,1,3,1,1,0,0,0,0,1,0,0,1,1,3,3,3,3,3,3,3,1,0,0,0,0,0,0,0,0,0,0,0,0,0,0,0,0,0,0,0,0,0,0,0,0,0,1,1,1,1,1,1,3,3,3,3,3,
3,3,3,3,3,3,3,1,0,0,0,0,0,0,0,0,0,0,0,0,0,0,0,1,3,3,1,0,0,0,0,4,0,0,0,1,1,3,3,3,3,3,3,1,1,0,0,0,0,0,0,0,0,0,0,0,0,0,0,0,0,0,4,0,0,0,0,0,0,0,0,0,0,0,1,1,3,3,3,3,
3,3,3,3,3,3,1,1,0,0,0,0,0,0,0,0,0,0,4,2,2,2,0,1,1,3,1,1,0,0,0,0,0,0,0,0,1,1,3,3,3,3,3,3,1,0,0,0,0,0,0,0,0,0,0,0,0,0,0,0,0,1,1,1,0,0,0,0,0,0,0,0,0,0,0,1,1,1,3,3,
3,3,3,3,3,3,1,0,0,0,0,0,0,0,0,0,0,1,2,2,4,2,2,2,1,3,3,1,1,0,0,0,0,0,0,0,0,1,1,3,3,3,3,3,1,0,0,0,0,0,0,1,1,1,0,0,0,0,0,1,1,1,3,1,1,0,0,0,0,0,0,0,0,0,0,0,0,1,1,1,
3,3,3,3,3,3,1,0,0,0,0,0,0,0,0,0,0,2,2,4,4,4,4,2,1,1,3,3,1,1,0,0,0,0,0,0,0,0,1,1,1,3,3,1,1,0,0,0,0,0,0,1,3,1,1,1,1,1,1,1,3,3,3,3,1,1,4,0,0,0,0,0,0,0,0,0,0,0,0,0,
3,3,3,3,3,3,1,0,0,0,0,4,0,0,0,0,0,2,4,4,4,4,4,2,2,1,3,3,3,1,1,4,0,0,0,0,0,0,0,4,1,1,1,1,0,0,0,0,0,0,0,1,3,3,3,3,3,3,3,3,3,3,3,3,3,1,1,0,0,0,0,0,0,0,0,0,0,0,0,0,
3,3,3,3,3,3,1,1,0,0,1,4,0,0,0,0,0,2,2,4,4,4,4,4,2,1,3,3,3,3,1,1,4,0,0,0,0,0,0,0,0,4,0,0,0,0,0,0,0,0,0,1,3,3,3,3,3,3,3,3,3,3,3,3,3,3,1,1,0,0,0,0,0,0,0,0,0,0,0,0,
3,3,3,3,3,3,3,1,0,0,4,0,4,0,0,0,0,0,2,2,4,4,4,4,2,1,3,3,3,3,3,1,1,0,0,0,0,0,0,0,0,0,0,0,0,0,0,0,0,0,0,1,3,3,3,3,3,3,3,3,3,3,3,3,3,3,3,1,1,1,1,1,1,0,0,0,0,0,0,0,
3,3,3,3,3,3,3,1,1,0,0,0,0,0,0,0,0,0,0,2,2,4,4,2,2,1,3,3,3,3,3,3,1,1,0,0,0,0,0,0,0,0,0,0,0,0,0,0,0,0,1,1,3,3,3,3,3,3,3,3,3,3,3,3,3,3,3,3,3,3,3,3,1,1,1,1,1,1,1,1,
3,3,3,3,3,3,3,3,1,1,0,0,0,0,0,0,0,0,0,0,2,2,2,2,1,1,3,3,3,3,3,3,3,1,1,0,0,0,0,0,0,0,0,0,0,0,0,0,0,0,1,3,3,3,3,3,3,3,3,3,3,3,3,3,3,3,3,3,3,3,3,3,3,3,3,3,3,3,3,3,
3,3,3,3,3,3,3,3,3,1,1,0,0,0,0,0,0,0,0,0,0,2,2,1,1,3,3,3,3,3,3,3,3,3,1,1,1,0,0,0,0,0,0,0,0,0,0,0,0,1,1,3,3,3,3,3,3,3,3,3,3,3,3,3,3,3,3,3,3,3,3,3,3,3,3,3,3,3,3,3,
3,3,3,3,3,3,3,3,3,3,1,1,0,0,0,0,0,0,0,0,0,1,1,1,3,3,3,3,3,3,3,3,3,3,3,3,1,1,0,0,0,0,0,0,0,0,0,0,1,1,3,3,3,3,3,3,3,3,3,3,3,3,3,3,3,3,3,3,3,3,3,3,3,3,3,3,3,3,3,3,
3,3,3,3,3,3,3,3,3,3,3,1,1,0,0,0,0,0,0,0,1,1,3,3,3,3,3,3,3,3,3,3,3,3,3,3,3,1,1,1,1,0,0,0,0,0,0,1,1,3,3,3,3,3,3,3,3,3,3,3,3,3,3,3,3,3,3,3,3,3,3,3,3,3,3,3,3,3,3,3,
3,3,3,3,3,3,3,3,3,3,3,3,1,1,0,0,0,0,0,1,1,3,3,3,3,3,3,3,3,3,3,3,3,3,3,3,3,3,3,3,1,1,1,1,0,0,1,1,3,3,3,3,3,3,3,3,3,3,3,3,3,3,3,3,3,3,3,3,3,3,3,3,3,3,3,3,3,3,3,3,
3,3,3,3,3,3,3,3,3,3,3,3,3,1,1,1,1,1,1,1,3,3,3,3,3,3,3,3,3,3,3,3,3,3,3,3,3,3,3,3,3,3,3,1,1,1,1,3,3,3,3,3,3,3,3,3,3,3,3,3,3,3,3,3,3,3,3,3,3,3,3,3,3,3,3,3,3,3,3,3,
3,3,3,3,3,3,3,3,3,3,3,3,3,3,3,3,3,3,3,3,3,3,3,3,3,3,3,3,3,3,3,3,3,3,3,3,3,3,3,3,3,3,3,3,3,3,3,3,3,3,3,3,3,3,3,3,3,3,3,3,3,3,3,3,3,3,3,3,3,3,3,3,3,3,3,3,3,3,3,3,
3,3,3,3,3,3,3,3,3,3,3,3,3,3,3,3,3,3,3,3,3,3,3,3,3,3,3,3,3,3,3,3,3,3,3,3,3,3,3,3,3,3,3,3,3,3,3,3,3,3,3,3,3,3,3,3,3,3,3,3,3,3,3,3,3,3,3,3,3,3,3,3,3,3,3,3,3,3,3,3,
3,3,3,3,3,3,3,3,3,3,3,3,3,3,3,3,3,3,3,3,3,3,3,3,3,3,3,3,3,3,3,3,3,3,3,3,3,3,3,3,3,3,3,3,3,3,3,3,3,3,3,3,3,3,3,3,3,3,3,3,3,3,3,3,3,3,3,3,3,3,3,3,3,3,3,3,3,3,3,3,
3,3,3,3,3,3,3,3,3,3,3,3,3,3,3,3,3,3,3,3,3,3,3,3,3,3,3,3,3,3,3,3,3,3,3,3,3,3,3,3,3,3,3,3,3,3,3,3,3,3,3,3,3,3,3,3,3,3,3,3,3,3,3,3,3,3,3,3,3,3,3,3,3,3,3,3,3,3,3,3

[event]
# to The Breach
type=event
location=79,65,1,4
activate=on_trigger
hotspot=location
intermap=maps/the_breach.txt,2,48
tooltip=The Breach

[event]
# Crate
type=event
location=12,68,1,1
activate=on_trigger
hotspot=location
loot=loot/level_6.txt
mapmod=object,12,68,179
repeat=false
soundfx=soundfx/wood_open.ogg
tooltip=Crate

[event]
# Barrel
type=event
location=65,15,1,1
activate=on_trigger
hotspot=location
loot=loot/level_6.txt
mapmod=object,65,15,178
repeat=false
soundfx=soundfx/wood_open.ogg
tooltip=Barrel

[event]
# Treasure Chest
type=event
location=3,39,1,1
activate=on_trigger
hotspot=location
loot=loot/level_6.txt
mapmod=object,3,39,176
repeat=false
soundfx=soundfx/wood_open.ogg
tooltip=Treasure Chest

[event]
# Crate
type=event
location=33,7,1,1
activate=on_trigger
hotspot=location
loot=loot/level_6.txt
mapmod=object,33,7,179
repeat=false
soundfx=soundfx/wood_open.ogg
tooltip=Crate

[event]
# Cave wind sound effect
type=event
location=0,0,1,1
activate=on_load
soundfx=soundfx/environment/cave_wind_loop.ogg

[event]
# Water dripping
type=event
location=16,9,1,1
activate=on_load
soundfx=soundfx/environment/cave_droplets_loop.ogg

[event]
# Water dripping
type=event
location=8,39,1,1
activate=on_load
soundfx=soundfx/environment/cave_droplets_loop.ogg

[event]
# Water dripping
type=event
location=20,66,1,1
activate=on_load
soundfx=soundfx/environment/cave_droplets_loop.ogg

[event]
# Water dripping
type=event
location=61,15,1,1
activate=on_load
soundfx=soundfx/environment/cave_droplets_loop.ogg

[event]
# Water dripping
type=event
location=37,17,1,1
activate=on_load
soundfx=soundfx/environment/cave_droplets_loop.ogg

[event]
# Water dripping
type=event
location=23,49,1,1
activate=on_load
soundfx=soundfx/environment/cave_droplets_loop.ogg

[event]
# Water dripping
type=event
location=42,52,1,1
activate=on_load
soundfx=soundfx/environment/cave_droplets_loop.ogg

[event]
# to Temple of Mez 1
type=event
location=0,10,1,4
activate=on_trigger
hotspot=location
intermap=maps/temple_of_mez_1.txt,76,34
tooltip=Temple of Mez: Basement

[enemy]
type=enemy
location=50,55,8,9
category=antlion
level=6
number=3

[enemy]
type=enemy
location=38,47,8,9
category=antlion
level=6
number=3

[enemy]
type=enemy
location=47,30,8,9
category=antlion
level=6
number=3

[enemy]
type=enemy
location=34,15,11,10
category=antlion
level=6
number=4

[enemy]
type=enemy
location=60,22,8,10
category=antlion
level=6
number=4

[enemy]
type=enemy
location=21,33,8,9
category=antlion
level=6
number=3

[enemy]
type=enemy
location=25,55,8,9
category=antlion
level=6
number=3

[enemy]
type=enemy
location=11,53,10,11
category=antlion
level=6
number=4

[enemy]
type=enemy
location=2,33,11,11
category=antlion
level=6
number=4

[enemy]
type=enemy
location=12,23,8,9
category=antlion
level=6
number=3

[enemy]
type=enemy
location=13,7,8,9
category=antlion
level=6
number=3

[enemy]
type=enemy
location=62,12,8,10
category=antlion_hatchling
level=6
number=4

[enemy]
type=enemy
location=29,4,8,10
category=antlion_hatchling
level=6
number=4

[enemy]
type=enemy
location=1,20,8,8
category=antlion_hatchling
level=6
number=4

[enemy]
type=enemy
location=8,64,10,8
category=antlion_hatchling
level=6
number=4

[enemy]
type=enemy
location=38,65,8,9
category=antlion_hatchling
level=6
number=4

[enemy]
type=enemy
location=34,34,8,9
category=antlion
level=6
number=3

[enemy]
type=enemy
location=32,7,1,1
category=antlion_burster
level=6
number=1
wander_radius=0

[enemy]
type=enemy
location=11,68,1,1
category=antlion_burster
level=6
number=1
wander_radius=0

