[header]
width=80
height=80
tilewidth=64
tileheight=32
orientation=isometric
background_color=0,0,0,255
hero_pos=76,6
music=music/cave_theme.ogg
tileset=tilesetdefs/tileset_cave.txt
title=Blackmire Mines

[tilesets]
tileset=../../../tiled/cave/tiled_collision.png,64,32,0,0
tileset=../../../tiled/cave/tiled_cave.png,64,128,0,0
tileset=../../../tiled/cave/set_rules.png,64,32,0,0
tileset=../../../tiled/cave/tiled_cave_2x2.png,128,64,0,16

[layer]
type=background
data=
0,0,0,0,0,0,0,0,0,0,0,0,0,0,0,0,0,0,0,0,0,0,0,0,0,0,0,0,0,0,0,0,0,0,0,0,0,0,0,0,0,0,0,0,0,0,0,0,0,0,0,0,0,0,0,0,0,0,0,0,0,0,0,0,0,0,0,0,0,0,0,0,0,0,0,0,0,0,0,0,
0,0,0,0,0,0,0,0,0,0,0,0,0,0,0,0,0,0,0,0,0,0,0,0,0,0,0,0,0,0,0,0,0,0,0,0,0,0,0,0,0,0,0,0,0,0,0,0,0,0,0,0,0,0,0,0,0,0,0,0,0,0,0,0,0,0,0,0,0,0,0,0,0,0,0,0,0,0,0,0,
0,0,0,0,0,0,0,0,0,0,0,0,0,0,0,0,0,0,0,0,0,0,0,0,0,0,0,0,0,0,0,0,0,0,0,0,0,0,0,0,0,0,0,0,0,0,0,0,0,0,0,0,0,0,0,0,0,0,0,0,0,0,0,0,0,0,0,0,0,0,0,0,0,0,0,0,0,0,0,0,
0,0,0,0,0,0,0,0,0,0,0,18,19,16,17,18,19,16,17,18,19,16,17,18,57,0,0,0,0,0,0,0,0,0,17,18,57,0,0,0,0,0,0,0,0,0,0,0,0,0,0,0,0,0,0,0,0,0,0,0,0,0,0,0,0,0,0,0,19,16,17,18,19,16,17,57,0,0,0,0,
0,0,0,0,0,0,0,0,0,20,21,22,23,20,21,22,23,20,21,22,52,20,21,22,23,0,0,0,0,0,0,0,23,20,21,22,23,57,0,0,0,0,0,0,0,0,0,0,0,0,0,0,0,0,0,0,0,0,0,22,23,20,21,22,23,20,21,22,23,20,21,22,23,20,21,22,57,57,0,0,
0,0,0,0,0,0,0,0,27,24,25,26,27,24,25,26,27,24,25,26,27,24,25,26,27,0,0,0,0,0,25,26,27,24,25,26,27,24,57,57,0,0,0,0,0,0,0,0,0,0,0,0,0,0,0,0,0,0,25,26,27,24,25,26,27,24,25,26,27,24,25,26,27,24,25,26,27,24,26,0,
0,0,0,0,0,0,29,30,31,28,29,33,31,28,29,30,31,28,29,30,31,28,29,54,31,0,0,0,0,28,29,30,31,34,34,34,34,34,37,30,57,28,29,57,0,0,0,0,0,57,0,0,0,0,0,0,0,0,29,30,36,32,32,32,32,32,32,32,32,32,32,32,32,32,29,30,31,28,24,0,
0,0,0,0,0,16,17,18,33,16,17,41,32,32,32,32,32,32,32,32,32,32,17,18,19,57,0,0,0,56,17,18,19,16,17,18,19,16,33,18,19,16,17,18,57,0,0,0,19,16,57,18,19,16,17,18,19,16,17,18,33,16,17,18,19,16,17,18,19,16,17,18,19,16,17,18,19,16,28,0,
0,0,0,0,0,20,21,22,33,20,21,33,23,20,21,22,23,20,21,22,23,20,21,22,23,20,0,0,0,0,56,22,23,20,21,22,23,20,33,22,23,20,21,22,23,57,21,22,23,36,32,32,32,32,44,32,32,32,44,32,38,20,21,22,23,20,21,22,23,20,21,22,23,20,21,22,23,20,0,0,
0,0,0,0,0,24,25,26,33,24,25,33,27,24,25,26,27,24,25,26,27,24,25,26,27,24,0,0,0,0,0,56,27,36,32,32,32,37,33,26,27,24,25,26,27,24,25,26,27,33,25,26,27,24,33,26,27,24,33,26,27,24,25,26,27,0,0,56,27,24,25,26,27,24,25,26,27,24,0,0,
0,0,0,0,0,28,29,30,33,28,29,41,32,32,32,32,32,32,29,30,31,28,29,30,31,0,0,0,0,0,0,30,31,33,28,55,30,39,40,34,34,34,34,34,34,34,34,34,34,38,29,30,31,28,33,30,31,28,33,30,31,28,0,0,0,0,0,0,56,28,29,30,31,28,29,30,31,28,0,0,
0,0,0,0,0,56,17,18,33,16,17,33,19,16,17,18,19,16,17,18,19,16,17,18,0,0,0,0,0,0,0,18,19,33,17,48,50,16,17,18,19,16,17,18,19,16,17,18,19,16,17,18,19,16,33,18,19,16,33,18,19,16,0,0,0,0,0,0,0,56,17,18,19,16,17,18,19,0,0,0,
0,0,0,0,0,0,56,22,39,32,32,45,23,20,21,22,23,20,21,22,23,20,21,0,0,0,0,0,0,0,21,22,23,33,21,22,23,20,21,22,23,20,21,22,23,20,21,22,23,20,21,22,23,20,33,22,23,20,33,22,23,20,0,0,0,0,0,0,0,0,0,56,23,20,21,22,23,0,0,0,
0,0,0,0,0,0,0,0,56,24,25,33,27,24,25,26,27,24,25,26,27,24,25,0,0,0,0,0,0,0,25,26,27,33,25,26,27,24,25,26,27,24,25,26,27,24,25,26,27,24,25,26,27,24,33,26,27,24,33,26,27,24,57,0,0,0,0,0,0,0,0,0,0,56,25,26,0,0,0,0,
0,0,0,0,0,0,0,0,0,56,29,33,31,28,29,30,0,0,0,0,0,0,0,0,0,0,0,0,0,56,29,30,31,33,29,30,31,28,29,30,31,0,0,0,0,0,0,0,0,0,0,0,56,28,33,30,31,28,33,30,31,28,29,57,0,0,0,0,0,0,0,0,0,0,0,0,0,0,0,0,
0,0,0,0,0,0,0,0,0,16,17,33,19,16,17,0,0,0,0,0,0,0,0,0,0,0,0,0,0,0,56,18,19,33,17,18,19,16,17,18,19,0,0,0,0,0,0,0,0,0,0,0,19,16,33,18,19,16,33,18,19,16,17,18,57,57,0,0,0,0,0,0,0,0,0,0,0,0,0,0,
0,0,0,0,0,0,0,0,0,56,21,33,23,20,21,0,0,0,0,0,0,0,0,0,0,0,0,0,0,0,21,22,23,33,21,22,23,20,21,0,0,0,0,0,0,0,0,0,0,0,0,0,23,20,33,22,23,20,33,22,23,20,21,22,23,20,57,57,0,0,0,0,0,0,0,0,0,0,0,0,
0,0,0,0,0,0,0,0,0,0,56,33,27,24,25,0,0,0,0,0,0,0,0,0,0,0,0,0,0,0,25,26,27,33,25,26,27,24,0,0,0,0,0,0,0,0,0,0,0,0,0,0,27,24,33,26,27,24,33,26,27,24,25,26,27,24,25,26,57,0,0,0,0,0,0,0,0,0,0,0,
0,0,0,0,0,0,0,0,0,0,29,33,31,28,29,0,0,0,0,0,0,0,0,0,0,0,0,0,0,0,29,30,31,33,29,30,31,28,0,0,0,0,0,0,0,0,0,0,0,0,0,0,31,28,29,30,31,28,33,30,31,28,29,30,31,28,29,30,31,57,0,0,0,0,0,0,0,0,0,0,
0,0,0,0,0,0,0,0,0,0,17,33,19,16,17,0,0,0,0,0,0,0,0,0,0,0,0,0,0,0,17,18,19,33,17,18,19,16,0,0,0,0,0,0,0,0,0,0,0,0,0,0,19,16,17,18,19,16,33,18,19,16,17,18,19,16,17,18,19,16,57,57,0,0,0,0,0,0,0,0,
0,0,0,0,0,0,0,0,0,0,21,33,23,20,21,0,0,0,0,0,0,0,0,0,0,0,0,0,0,0,21,22,23,33,21,22,23,20,0,0,0,0,0,0,0,0,0,0,0,0,0,0,23,20,21,22,23,20,33,22,23,20,21,22,23,20,21,22,23,20,21,22,57,0,0,0,0,0,0,0,
0,0,0,0,0,0,0,0,0,0,25,33,27,24,25,57,0,0,0,0,0,0,0,0,0,0,0,0,0,24,25,26,27,33,25,26,27,24,0,0,0,0,0,0,0,0,0,0,0,0,0,26,55,24,25,26,27,24,25,26,27,24,25,26,27,0,0,26,27,24,25,26,27,57,0,0,0,0,0,0,
0,0,0,0,0,0,0,0,0,28,29,33,31,53,48,30,57,0,0,0,0,0,0,0,0,0,0,0,0,28,29,30,31,33,29,30,31,0,0,0,0,0,0,0,0,0,0,0,0,0,0,56,31,53,29,30,31,28,29,30,31,28,29,30,31,264,0,30,31,28,29,30,31,28,0,0,0,0,0,0,
0,0,0,0,0,0,0,0,0,16,17,33,19,16,52,49,19,57,17,18,19,57,0,0,0,0,0,0,0,16,17,18,19,33,17,18,0,0,0,0,0,0,0,0,0,0,0,0,0,0,0,0,56,16,17,18,19,16,17,18,19,16,17,18,19,16,17,18,19,16,17,18,19,16,0,0,0,0,0,0,
0,0,0,0,0,0,0,0,23,20,21,33,23,20,21,22,23,20,21,22,23,20,57,22,23,20,21,22,23,20,21,22,23,33,21,22,0,0,0,0,0,0,0,0,0,0,0,0,0,0,0,0,0,0,56,22,23,20,21,22,23,20,21,22,23,20,21,22,23,20,21,22,23,20,0,0,0,0,0,0,
0,0,0,0,27,24,25,26,27,24,25,33,27,24,25,26,27,24,25,26,27,24,25,26,27,24,25,26,27,24,25,26,27,33,25,26,0,0,0,0,0,0,0,0,0,0,0,0,0,0,0,0,0,0,0,0,0,0,0,56,27,24,25,26,27,24,25,26,27,24,25,26,27,24,0,0,0,0,0,0,
0,0,0,30,31,28,29,30,31,28,29,41,34,32,32,32,32,32,32,32,32,32,32,32,32,37,29,30,31,28,29,30,31,33,29,30,57,28,57,0,0,0,0,0,31,28,57,0,0,0,0,0,0,0,0,0,0,0,0,0,0,56,29,30,31,28,29,30,31,28,29,30,31,28,0,0,0,0,0,0,
0,0,56,18,19,16,17,18,19,16,17,33,19,16,17,18,19,16,17,18,19,16,17,18,19,35,17,18,19,16,17,18,19,33,17,18,19,16,17,0,0,0,0,18,53,51,50,51,19,16,57,0,0,0,0,0,0,0,0,0,0,0,56,18,19,16,17,18,19,16,17,18,19,16,0,0,0,0,0,0,
0,0,0,56,23,32,32,32,32,32,32,38,23,20,21,22,23,20,21,22,23,20,21,22,23,39,32,32,32,32,32,42,32,40,37,22,23,20,21,57,23,20,21,22,23,20,48,50,23,20,21,57,57,0,0,0,0,0,0,0,0,0,56,22,23,20,21,22,23,20,21,22,23,20,0,0,0,0,0,0,
0,0,0,26,27,24,25,26,27,24,25,26,27,24,0,0,0,0,56,26,27,24,25,26,27,24,25,26,27,24,25,33,27,24,33,26,27,24,25,26,27,24,25,26,27,24,25,26,27,24,25,26,27,57,25,57,0,0,0,0,0,0,0,0,0,0,0,0,56,24,25,26,27,24,0,0,0,0,0,0,
0,0,0,56,31,28,29,30,31,28,29,30,31,28,0,0,0,0,0,0,0,0,0,0,0,0,56,30,31,28,29,33,31,28,39,32,32,32,32,32,32,32,32,32,32,32,32,32,32,32,32,32,32,37,29,30,57,0,0,0,0,0,0,0,0,0,0,0,0,0,0,0,0,0,0,0,0,0,0,0,
0,0,0,0,56,16,17,18,19,49,17,18,19,16,0,0,0,0,0,0,0,0,0,0,0,0,0,0,0,56,17,33,19,16,17,18,19,16,17,18,19,16,17,18,19,16,17,18,19,16,17,18,19,33,17,18,19,0,0,0,0,0,0,0,0,0,0,0,0,0,0,0,0,0,0,0,0,0,0,0,
0,0,0,0,0,0,56,22,50,53,21,22,23,20,0,0,0,0,0,0,0,0,0,0,0,0,0,0,0,20,21,33,23,20,21,22,23,20,21,22,23,20,21,22,23,20,21,22,23,20,21,22,23,33,21,22,23,0,0,0,0,0,0,0,0,0,0,0,0,0,0,0,0,0,0,0,0,0,0,0,
0,0,0,0,0,0,0,0,56,24,25,26,27,24,0,0,0,0,0,0,0,0,0,0,0,0,0,0,0,56,25,33,27,50,54,51,27,24,0,0,56,24,25,26,27,24,25,26,27,24,25,26,27,33,25,26,27,0,0,0,0,0,0,0,0,0,0,0,0,0,0,0,0,0,0,0,0,0,0,0,
0,0,0,0,0,0,0,0,0,56,29,30,31,28,0,0,0,0,0,0,0,0,0,0,0,0,0,0,0,0,56,33,31,28,49,50,31,28,0,0,0,56,29,30,0,0,0,0,0,56,29,30,31,33,29,30,31,0,0,0,0,0,0,0,0,0,0,0,0,0,0,0,0,0,0,0,0,0,0,0,
0,0,0,0,0,0,0,0,0,0,0,0,0,0,0,0,0,0,0,0,0,0,0,0,0,0,0,0,0,0,17,18,19,16,50,52,19,16,0,0,0,0,0,0,0,0,0,0,0,0,56,18,19,33,17,18,19,57,0,0,0,0,0,0,0,0,0,0,0,0,0,0,0,0,0,0,0,0,0,0,
0,0,0,0,0,0,0,0,0,0,0,0,0,0,0,0,0,0,0,0,0,0,0,0,0,0,0,0,0,0,21,22,23,20,21,22,23,20,0,0,0,0,0,0,0,0,0,0,0,0,0,56,23,33,21,22,23,20,0,0,0,0,0,0,0,0,0,0,0,0,0,0,0,0,0,0,0,0,0,0,
0,0,0,0,0,0,0,0,0,0,0,0,0,0,0,0,0,0,0,0,0,0,0,0,0,0,0,0,0,0,25,26,27,24,25,26,27,24,0,0,0,0,0,0,0,0,0,0,0,0,0,26,27,33,25,26,27,24,0,0,0,0,0,0,0,0,0,0,0,0,0,0,0,0,0,0,0,0,0,0,
0,0,0,0,0,0,0,0,0,0,0,30,31,57,0,0,0,0,0,0,0,0,0,0,0,0,0,0,0,0,56,30,31,28,0,0,0,0,0,0,0,0,0,0,0,0,0,0,0,0,0,30,31,33,29,30,31,49,57,30,57,0,0,0,0,0,0,0,0,0,0,0,0,0,0,0,0,0,0,0,
0,0,0,0,0,0,0,0,0,0,17,18,19,16,0,0,0,0,0,0,0,0,0,0,0,0,0,0,0,0,0,56,19,0,0,0,0,0,0,0,0,0,0,0,0,0,0,0,0,0,0,18,19,33,17,18,19,16,53,49,19,57,17,18,57,0,0,0,0,0,0,0,0,0,0,0,0,0,0,0,
0,0,0,0,0,0,0,22,23,20,21,22,23,20,57,0,0,0,0,0,0,0,0,0,0,0,0,0,0,0,0,0,0,0,0,0,0,0,0,0,0,0,0,0,0,0,0,0,0,0,0,22,23,33,21,22,23,20,21,22,23,20,21,22,23,57,21,22,57,0,0,0,0,0,0,0,0,0,0,0,
0,0,0,26,27,24,25,26,27,24,25,26,27,24,25,0,0,0,0,0,0,0,0,0,0,0,0,0,0,0,0,0,0,0,0,0,0,0,0,0,0,0,0,0,0,0,0,0,0,0,0,26,27,33,25,26,27,24,25,26,27,24,25,26,27,24,25,26,27,57,57,0,0,0,0,0,0,0,0,0,
0,0,29,30,31,28,29,30,31,28,33,30,31,28,29,0,0,0,0,0,0,0,0,0,0,0,0,0,0,0,0,0,0,0,0,0,0,28,29,30,57,0,0,0,0,0,0,0,0,0,0,30,31,47,32,32,32,32,32,32,32,32,32,32,32,32,32,30,31,28,29,0,0,0,0,0,0,0,0,0,
0,16,17,18,19,16,17,18,19,16,33,18,19,48,17,57,0,0,0,0,0,0,0,18,19,16,17,57,0,0,0,0,0,0,0,18,19,16,17,18,19,57,17,18,57,0,0,0,0,0,0,18,19,33,17,18,19,16,17,18,19,16,17,18,19,16,17,18,19,16,17,0,0,0,0,0,0,0,0,0,
0,32,32,32,32,32,32,32,32,32,45,22,53,48,21,22,0,0,0,0,0,0,21,22,23,20,55,22,57,20,21,22,23,20,21,22,23,20,21,22,23,20,21,22,23,57,21,22,57,0,0,22,23,33,21,22,23,20,21,22,23,20,21,22,23,20,21,22,23,20,21,0,0,0,0,0,0,0,0,0,
0,56,25,26,27,24,25,26,27,24,33,26,27,24,25,26,0,0,0,0,0,0,25,26,27,24,51,50,27,24,25,26,27,24,25,26,27,24,25,26,27,24,25,26,27,24,25,26,27,57,25,26,27,33,25,26,27,24,25,26,27,24,25,26,27,24,25,26,27,24,25,0,0,0,0,0,0,0,0,0,
0,0,56,30,31,28,29,30,31,28,33,30,31,28,29,30,0,0,0,0,0,0,29,30,31,28,29,30,31,28,29,30,31,28,29,30,31,28,29,30,31,28,29,30,31,28,29,30,31,28,29,30,31,33,29,30,31,28,29,30,31,28,29,30,31,28,29,30,31,28,29,0,0,0,0,0,0,0,0,0,
0,0,0,56,19,16,17,18,19,16,33,18,19,16,0,0,0,0,0,0,0,16,17,18,19,32,32,32,32,32,32,32,32,32,44,32,32,32,32,32,32,32,32,32,32,32,32,32,32,32,32,32,32,43,17,18,19,16,0,0,0,0,56,18,19,16,17,18,19,16,17,0,0,0,0,0,0,0,0,0,
0,0,0,0,0,0,56,22,23,20,33,22,23,20,0,0,0,0,0,0,56,20,21,22,23,20,21,22,23,20,21,22,23,20,33,22,23,20,21,22,23,20,21,22,23,20,21,22,23,20,21,22,23,33,21,22,23,20,0,0,0,0,0,0,0,0,0,56,23,20,21,0,0,0,0,0,0,0,0,0,
0,0,0,0,0,0,0,56,27,24,33,26,27,24,0,0,0,0,0,0,0,0,0,56,27,24,25,26,27,24,25,26,27,24,33,26,27,24,25,26,27,24,25,26,27,24,25,26,27,24,25,26,27,33,25,26,27,24,57,0,0,0,0,0,0,0,0,0,0,0,0,0,0,0,0,0,0,0,0,0,
0,0,0,0,0,0,0,30,31,28,33,30,31,28,57,0,0,0,0,0,0,0,0,0,0,0,0,56,31,28,29,30,31,28,33,30,31,0,0,56,31,28,29,30,31,28,29,30,31,28,29,30,31,33,29,30,31,28,29,0,0,0,0,0,0,0,0,0,0,0,0,0,0,0,0,0,0,0,0,0,
0,0,0,0,0,0,0,56,19,16,33,18,19,16,17,0,0,0,0,0,0,0,0,0,0,0,0,0,0,56,17,18,19,16,33,18,19,0,0,0,0,0,0,0,0,56,17,18,19,16,17,18,19,33,17,18,19,16,17,0,0,0,0,0,0,0,0,0,0,0,0,0,0,0,0,0,0,0,0,0,
0,0,0,0,0,0,0,0,56,20,33,22,23,20,21,0,0,0,0,0,0,0,0,0,0,0,0,0,0,56,21,22,23,20,33,22,23,0,0,0,0,0,0,0,0,0,0,0,0,0,56,22,23,39,32,32,32,37,21,0,0,0,0,0,0,0,0,0,0,0,0,0,0,0,0,0,0,0,0,0,
0,0,0,0,0,0,0,0,27,24,33,26,27,24,25,0,0,0,0,0,0,0,0,0,0,0,0,0,0,0,0,56,27,24,33,26,27,0,0,0,0,0,0,0,0,0,0,0,0,0,0,0,0,56,25,26,27,33,25,57,0,0,0,0,0,0,0,0,0,0,0,0,0,0,0,0,0,0,0,0,
0,0,0,0,0,0,0,0,31,28,33,30,31,28,0,0,0,0,0,0,0,0,0,0,0,0,0,0,0,0,0,56,31,28,33,30,31,0,0,0,0,0,0,0,0,0,0,0,0,0,0,0,0,56,29,30,31,33,29,30,0,0,0,0,0,0,0,0,0,0,0,0,0,0,0,0,0,0,0,0,
0,0,0,0,0,0,0,18,19,16,33,18,19,16,0,0,0,0,0,0,0,0,0,0,0,0,0,0,0,0,0,0,56,16,33,18,19,57,0,0,0,0,0,0,0,0,0,0,0,0,0,0,0,0,56,18,19,33,17,18,0,0,0,0,0,0,0,0,0,0,0,0,0,0,0,0,0,0,0,0,
0,0,0,0,0,20,21,22,23,20,33,22,23,20,0,0,0,0,0,0,0,0,0,0,0,0,0,0,0,0,0,0,23,20,33,22,23,20,0,0,0,0,0,0,0,0,0,0,0,0,0,0,0,0,56,22,23,33,21,22,0,0,0,0,0,0,0,0,0,0,0,0,0,0,0,0,0,0,0,0,
0,0,0,0,27,24,25,26,27,24,33,26,27,53,0,0,0,0,0,0,0,0,0,0,0,0,0,0,0,0,0,0,27,24,33,26,27,24,0,0,0,0,0,0,0,0,0,0,0,0,0,0,0,0,0,56,27,33,25,26,57,0,0,0,0,0,0,0,0,0,0,0,0,0,0,0,0,0,0,0,
0,0,0,30,31,28,29,30,31,28,33,52,51,48,57,30,57,0,0,0,0,0,0,0,0,0,0,0,0,0,0,0,31,28,33,30,31,28,0,0,0,0,0,0,0,0,0,0,0,0,0,0,0,0,0,56,31,33,29,30,31,0,0,0,0,0,0,0,0,0,0,0,0,0,0,0,0,0,0,0,
0,0,0,18,19,16,17,18,19,16,33,48,205,197,193,206,19,57,17,18,19,57,0,0,0,0,0,0,0,0,17,18,19,16,33,18,19,16,0,0,0,0,0,0,0,0,0,0,0,0,0,0,0,0,0,0,56,33,17,18,19,57,57,0,0,0,0,0,0,0,0,0,0,0,0,0,0,0,0,0,
0,0,0,22,23,20,21,22,23,20,33,201,209,217,216,214,206,20,21,22,23,20,57,22,23,20,57,0,0,20,21,22,23,20,33,22,23,20,0,0,0,0,0,0,0,0,0,0,0,0,0,0,0,0,0,0,23,33,21,22,23,20,21,57,23,20,21,57,0,0,0,0,0,0,0,0,0,0,0,0,
0,0,0,26,27,24,25,26,27,24,33,192,218,219,218,219,198,24,25,26,27,24,25,26,27,24,25,57,27,24,25,26,27,24,33,26,27,24,57,26,57,0,0,0,0,0,0,0,0,0,0,0,0,0,0,26,27,33,25,26,27,24,25,26,27,24,25,26,57,24,25,57,0,0,0,0,0,0,0,0,
0,0,0,56,52,28,29,30,31,28,33,192,216,217,216,211,203,28,29,30,31,28,29,30,31,28,29,30,31,28,29,30,31,28,33,30,31,28,29,30,31,57,57,0,0,0,0,0,0,0,0,0,31,28,29,49,31,47,32,32,32,42,32,32,32,32,32,30,31,28,29,30,57,28,57,0,0,0,0,0,
0,0,0,0,56,48,17,18,19,16,33,204,195,195,199,207,19,16,17,18,19,16,17,18,19,16,17,18,19,16,17,18,19,16,33,18,19,16,17,18,19,16,17,0,0,0,0,0,0,16,17,18,19,16,50,54,19,33,17,18,19,39,32,32,32,32,17,18,19,16,17,18,19,16,17,0,0,0,0,0,
0,0,0,0,56,54,49,22,23,20,39,32,32,32,32,32,32,32,32,32,32,32,32,32,32,42,32,32,42,32,32,32,32,32,46,32,32,32,32,32,32,20,21,57,0,0,0,0,23,20,21,22,23,20,21,22,23,33,21,22,23,20,21,22,23,20,21,22,23,20,21,22,23,20,0,0,0,0,0,0,
0,0,0,0,0,56,51,26,27,205,193,193,193,206,25,26,27,24,25,26,27,24,25,26,27,33,25,26,33,24,25,26,27,24,25,26,27,24,25,26,27,24,25,26,57,0,0,0,27,24,25,26,27,24,25,26,27,33,25,26,27,24,25,26,27,24,25,52,51,24,25,26,27,0,0,0,0,0,0,0,
0,0,0,0,0,0,56,30,31,192,216,217,216,194,32,32,32,32,32,32,32,32,32,32,32,38,29,30,33,28,29,30,31,28,29,205,193,193,193,193,193,193,206,30,31,0,0,0,56,28,32,32,32,32,32,32,32,43,29,30,31,36,32,32,32,32,32,30,48,28,29,30,31,0,0,0,0,0,0,0,
0,0,0,0,0,0,0,0,56,204,195,208,218,210,193,206,19,16,17,18,19,16,17,18,19,16,17,18,33,16,17,18,19,16,205,209,216,217,216,217,216,217,194,18,19,0,0,0,0,56,17,18,19,16,17,18,19,33,17,18,19,33,17,18,19,16,17,18,55,16,17,18,19,0,0,0,0,0,0,0,
0,0,0,0,0,0,0,0,0,56,21,204,212,216,217,194,32,32,32,32,32,32,32,32,32,32,32,32,38,20,21,205,193,193,209,219,218,219,218,219,218,219,194,22,23,57,0,0,0,0,56,22,23,20,21,22,23,47,32,32,32,46,32,32,32,32,32,32,32,20,21,22,23,0,0,0,0,0,0,0,
0,0,0,0,0,0,0,0,0,0,56,26,192,218,219,210,193,193,193,193,193,193,193,193,193,193,193,193,193,193,193,209,216,217,216,217,216,217,216,217,216,211,207,26,27,24,0,0,0,0,25,53,51,24,25,26,27,33,25,205,193,193,193,202,27,24,25,26,27,24,25,26,27,0,0,0,0,0,0,0,
0,0,0,0,0,0,0,0,0,0,0,56,204,208,217,211,195,195,195,195,195,195,195,195,195,195,195,195,195,195,195,208,218,219,218,219,218,219,218,219,218,194,29,30,31,28,0,0,0,0,29,50,52,50,29,30,31,28,205,213,217,216,217,214,193,193,193,193,206,28,29,30,0,0,0,0,0,0,0,0,
0,0,0,0,0,0,0,0,0,0,0,0,56,200,195,207,19,16,17,18,19,16,17,18,19,16,17,18,19,16,17,204,195,195,195,195,195,195,195,195,195,207,17,18,19,16,0,0,0,0,56,18,19,16,17,18,19,16,192,218,219,218,219,218,219,218,219,218,210,202,17,18,0,0,0,0,0,0,0,0,
0,0,0,0,0,0,0,0,0,0,0,0,0,0,0,56,23,20,21,22,23,20,21,55,23,20,21,22,23,20,21,22,23,20,21,22,23,20,21,0,0,0,0,0,0,0,0,0,0,0,0,0,0,56,21,22,23,20,204,208,217,216,217,216,217,216,217,216,217,198,21,22,0,0,0,0,0,0,0,0,
0,0,0,0,0,0,0,0,0,0,0,0,0,0,0,0,0,0,0,56,27,24,25,26,27,24,25,26,27,24,25,26,27,0,0,0,0,0,0,0,0,0,0,0,0,0,0,0,0,0,0,0,0,0,0,0,0,56,25,204,195,195,195,212,219,218,219,218,215,207,25,26,0,0,0,0,0,0,0,0,
0,0,0,0,0,0,0,0,0,0,0,0,0,0,0,0,0,0,0,0,0,0,0,56,31,28,29,30,0,0,0,0,0,0,0,0,0,0,0,0,0,0,0,0,0,0,0,0,0,0,0,0,0,0,0,0,0,0,0,0,0,56,29,204,195,195,195,195,207,28,29,0,0,0,0,0,0,0,0,0,
0,0,0,0,0,0,0,0,0,0,0,0,0,0,0,0,0,0,0,0,0,0,0,0,0,0,0,0,0,0,0,0,0,0,0,0,0,0,0,0,0,0,0,0,0,0,0,0,0,0,0,0,0,0,0,0,0,0,0,0,0,0,0,0,0,0,0,0,0,0,0,0,0,0,0,0,0,0,0,0,
0,0,0,0,0,0,0,0,0,0,0,0,0,0,0,0,0,0,0,0,0,0,0,0,0,0,0,0,0,0,0,0,0,0,0,0,0,0,0,0,0,0,0,0,0,0,0,0,0,0,0,0,0,0,0,0,0,0,0,0,0,0,0,0,0,0,0,0,0,0,0,0,0,0,0,0,0,0,0,0,
0,0,0,0,0,0,0,0,0,0,0,0,0,0,0,0,0,0,0,0,0,0,0,0,0,0,0,0,0,0,0,0,0,0,0,0,0,0,0,0,0,0,0,0,0,0,0,0,0,0,0,0,0,0,0,0,0,0,0,0,0,0,0,0,0,0,0,0,0,0,0,0,0,0,0,0,0,0,0,0,
0,0,0,0,0,0,0,0,0,0,0,0,0,0,0,0,0,0,0,0,0,0,0,0,0,0,0,0,0,0,0,0,0,0,0,0,0,0,0,0,0,0,0,0,0,0,0,0,0,0,0,0,0,0,0,0,0,0,0,0,0,0,0,0,0,0,0,0,0,0,0,0,0,0,0,0,0,0,0,0,
0,0,0,0,0,0,0,0,0,0,0,0,0,0,0,0,0,0,0,0,0,0,0,0,0,0,0,0,0,0,0,0,0,0,0,0,0,0,0,0,0,0,0,0,0,0,0,0,0,0,0,0,0,0,0,0,0,0,0,0,0,0,0,0,0,0,0,0,0,0,0,0,0,0,0,0,0,0,0,0

[layer]
type=object
data=
0,0,0,0,0,0,0,0,0,0,0,0,0,0,0,0,0,0,0,0,0,0,0,0,0,0,0,0,0,0,0,0,0,0,0,0,0,0,0,0,0,0,0,0,0,0,0,0,0,0,0,0,0,0,0,0,0,0,0,0,0,0,0,0,0,0,0,0,0,0,0,0,0,0,0,0,0,0,0,0,
0,0,0,0,0,0,0,0,0,0,0,0,0,0,0,0,0,0,0,0,0,0,0,0,0,0,0,0,0,0,0,0,0,0,0,0,0,0,0,0,0,0,0,0,0,0,0,0,0,0,0,0,0,0,0,0,0,0,0,0,0,0,0,0,0,0,0,0,0,0,0,0,0,0,0,0,0,0,0,0,
0,0,0,0,0,0,0,0,0,0,0,0,0,0,0,0,0,0,0,0,0,0,0,0,0,0,0,0,0,0,0,0,0,0,0,0,0,0,0,0,0,0,0,0,0,0,0,0,0,0,0,0,0,0,0,0,0,0,0,0,0,0,0,0,0,0,0,0,0,0,0,0,0,0,0,0,0,0,0,0,
0,0,0,0,0,0,0,0,0,0,72,97,101,65,69,97,113,105,97,109,69,65,69,69,65,77,0,0,0,0,0,0,0,72,97,69,105,73,0,0,0,0,0,0,0,0,0,0,0,0,0,0,0,0,0,0,0,0,0,0,0,0,0,0,0,0,0,76,105,113,69,101,97,109,101,113,77,0,0,0,
0,0,0,0,0,0,0,0,76,65,115,0,0,0,0,0,0,0,0,0,0,151,153,0,0,66,0,0,0,0,0,72,109,84,0,132,133,81,73,0,0,0,0,0,0,0,0,0,0,0,0,0,0,0,0,0,0,0,72,113,101,65,109,105,65,101,65,80,0,179,150,0,0,0,0,0,85,69,77,0,
0,0,0,0,0,0,0,72,103,132,0,0,0,0,0,0,0,0,0,0,0,0,161,152,0,66,0,0,0,76,69,80,0,0,0,0,0,0,81,65,77,0,0,0,0,0,0,0,0,0,0,0,0,0,0,0,0,0,68,0,0,0,0,0,0,0,0,0,0,0,0,0,0,0,0,0,0,0,70,0,
0,0,0,0,0,76,97,80,135,0,0,130,0,0,0,0,0,0,0,0,0,0,0,0,0,66,0,0,0,96,147,0,0,131,129,0,0,0,0,0,81,69,101,113,77,0,0,0,72,69,73,0,0,0,0,0,0,72,103,0,0,0,0,0,0,0,0,131,0,0,0,0,129,0,0,0,0,0,240,0,
0,0,0,0,0,64,0,0,128,0,0,0,0,0,129,0,0,0,0,131,0,0,0,0,0,81,73,0,0,64,134,0,0,0,0,0,0,0,0,0,0,0,0,0,81,73,0,114,115,0,85,97,113,69,109,97,113,84,0,0,0,0,0,0,0,0,0,0,0,0,0,0,0,0,0,0,0,0,240,0,
0,0,0,0,0,100,0,0,130,0,0,0,0,0,0,0,163,110,0,0,0,0,0,0,0,0,66,0,0,79,120,146,0,0,0,0,0,0,0,0,0,0,0,0,0,85,109,84,0,0,0,0,0,0,0,0,0,0,0,0,0,0,0,0,0,0,0,134,110,178,0,151,149,0,0,0,0,0,66,0,
0,0,0,0,0,96,0,0,0,0,0,0,0,0,0,0,0,0,0,0,0,0,0,0,0,0,66,0,0,0,75,83,0,0,0,0,0,0,0,0,0,0,0,0,0,0,0,0,0,0,0,0,0,0,0,0,0,0,0,0,0,0,0,0,0,82,67,83,152,0,0,0,0,179,0,0,0,0,70,0,
0,0,0,0,0,108,0,0,0,146,0,0,0,0,0,0,129,0,0,0,0,0,0,0,0,86,74,0,0,0,0,104,0,0,0,0,111,0,0,0,0,129,0,0,0,0,0,0,0,0,0,0,0,0,0,0,0,0,0,0,0,0,82,67,67,74,0,75,83,0,0,0,0,0,0,0,0,0,66,0,
0,0,0,0,0,100,0,0,0,148,151,0,0,0,0,0,0,0,0,0,0,0,0,0,82,78,0,0,0,0,72,80,0,0,0,0,0,0,0,0,0,0,0,0,0,0,0,0,0,0,0,0,0,0,0,0,146,0,0,0,0,0,66,0,0,0,0,0,75,87,0,0,0,0,0,0,0,82,78,0,
0,0,0,0,0,75,83,0,0,0,0,0,0,0,0,0,0,0,0,0,0,0,0,86,78,0,0,0,0,0,68,132,0,0,0,0,0,0,0,0,0,0,0,0,0,0,0,0,0,0,0,0,0,0,0,0,148,0,0,0,0,0,66,0,0,0,0,0,0,79,71,83,0,0,0,0,0,70,0,0,
0,0,0,0,0,0,79,71,83,0,0,0,0,0,0,0,0,0,0,0,0,0,0,70,0,0,0,0,0,76,84,133,0,128,0,0,0,0,0,0,0,0,0,0,0,0,0,0,0,0,0,0,0,0,0,151,0,144,0,0,0,0,85,73,0,0,0,0,0,0,0,79,71,83,0,0,82,74,0,0,
0,0,0,0,0,0,0,0,79,87,0,0,0,0,0,0,86,67,71,71,71,67,71,78,0,0,0,0,0,100,134,0,0,0,0,0,0,0,0,0,0,86,67,71,71,67,71,67,71,71,71,67,83,0,128,0,0,0,0,0,0,0,0,85,77,0,0,0,0,0,0,0,0,79,71,71,78,0,0,0,
0,0,0,0,0,0,0,0,0,68,0,0,0,0,0,86,78,0,0,0,0,0,0,0,0,0,0,0,0,79,87,0,0,0,0,0,0,0,0,0,0,66,0,0,0,0,0,0,0,0,0,0,68,0,0,0,0,0,128,0,0,0,0,0,85,65,77,0,0,0,0,0,0,0,0,0,0,0,0,0,
0,0,0,0,0,0,0,0,0,112,0,0,0,0,0,66,0,0,0,0,0,0,0,0,0,0,0,0,0,0,64,0,0,0,0,0,0,0,0,82,71,74,0,0,0,0,0,0,0,0,0,0,96,0,130,0,0,0,130,0,0,0,0,0,0,0,85,69,73,0,0,0,0,0,0,0,0,0,0,0,
0,0,0,0,0,0,0,0,0,79,87,0,0,0,0,66,0,0,0,0,0,0,0,0,0,0,0,0,0,0,96,0,0,128,0,0,0,0,86,78,0,0,0,0,0,0,0,0,0,0,0,0,112,0,0,0,0,0,0,0,0,0,0,0,0,86,83,0,81,73,0,0,0,0,0,0,0,0,0,0,
0,0,0,0,0,0,0,0,0,0,100,0,0,0,0,66,0,0,0,0,0,0,0,0,0,0,0,0,0,0,100,0,0,0,0,0,0,0,70,0,0,0,0,0,0,0,0,0,0,0,0,0,104,0,0,0,0,110,0,0,0,0,0,0,0,119,84,0,0,81,73,0,0,0,0,0,0,0,0,0,
0,0,0,0,0,0,0,0,0,0,104,0,0,0,0,70,0,0,0,0,0,0,0,0,0,0,0,0,0,0,104,0,0,0,0,0,0,0,70,0,0,0,0,0,0,0,0,0,0,0,0,0,100,0,0,0,0,0,130,0,0,0,0,0,0,0,0,0,0,0,81,69,77,0,0,0,0,0,0,0,
0,0,0,0,0,0,0,0,0,0,64,0,0,0,151,66,0,0,0,0,0,0,0,0,0,0,0,0,0,76,84,0,0,0,0,0,0,0,70,0,0,0,0,0,0,0,0,0,0,0,0,76,80,132,0,0,0,0,0,0,0,0,0,0,0,0,0,0,0,0,0,0,85,77,0,0,0,0,0,0,
0,0,0,0,0,0,0,0,0,76,80,128,0,0,153,81,77,0,0,0,0,0,0,0,0,0,0,0,0,64,0,0,0,0,0,0,0,0,66,0,0,0,0,0,0,0,0,0,0,0,0,68,132,133,0,0,0,0,153,0,0,86,83,0,0,0,0,0,0,86,83,0,0,85,73,0,0,0,0,0,
0,0,0,0,0,0,0,0,0,100,0,0,0,0,0,150,85,73,0,0,0,0,0,0,0,0,0,0,0,96,0,0,0,0,0,0,0,86,74,0,0,0,0,0,0,0,0,0,0,0,0,112,133,0,0,0,0,0,152,0,0,117,84,0,0,0,0,0,0,81,115,0,0,0,70,0,0,0,0,0,
0,0,0,0,0,0,0,0,0,64,0,130,0,133,0,0,0,81,113,69,109,65,73,0,0,0,0,0,102,99,0,0,0,0,0,0,82,78,0,0,0,0,0,0,0,0,0,0,0,0,0,79,87,135,0,0,0,0,0,0,0,0,0,0,0,0,0,0,0,0,0,0,0,0,70,0,0,0,0,0,
0,0,0,0,0,0,0,72,69,80,0,0,0,0,0,0,0,0,0,0,0,0,81,101,105,69,65,113,80,0,0,132,110,0,0,0,70,0,0,0,0,0,0,0,0,0,0,0,0,0,0,0,75,67,87,0,0,0,0,0,0,0,0,0,0,0,0,0,0,0,0,0,0,0,70,0,0,0,0,0,
0,0,0,76,69,109,105,84,0,0,0,0,134,0,0,0,0,0,0,0,0,0,0,0,0,0,135,150,151,0,0,135,152,0,0,0,70,0,0,0,0,0,0,0,0,0,0,0,0,0,0,0,0,0,75,67,71,67,67,83,0,0,0,0,0,86,118,0,0,86,116,0,0,0,66,0,0,0,0,0,
0,0,76,84,132,0,0,0,0,0,0,0,0,0,0,0,0,0,0,0,0,0,0,0,0,0,0,132,0,0,0,0,0,0,0,0,85,101,109,77,0,0,0,76,105,69,101,73,0,0,0,0,0,0,0,0,0,0,0,75,67,83,0,0,0,121,84,0,0,81,103,0,0,0,70,0,0,0,0,0,
0,0,112,135,0,0,0,0,0,0,132,0,0,0,0,0,0,0,0,0,0,0,0,0,0,0,0,0,0,0,0,0,0,0,0,0,0,0,0,66,0,0,114,103,0,0,0,81,65,97,69,77,0,0,0,0,0,0,0,0,0,79,83,0,0,0,0,0,0,0,0,0,0,0,66,0,0,0,0,0,
0,0,79,87,0,131,129,0,0,0,0,0,0,0,0,0,0,0,0,0,0,0,0,0,0,0,0,0,0,0,0,0,0,0,0,0,0,0,0,81,97,113,84,0,0,0,0,0,0,0,0,85,69,73,0,0,0,0,0,0,0,0,68,0,0,0,0,0,0,0,0,0,0,0,66,0,0,0,0,0,
0,0,0,96,0,0,0,0,0,0,0,0,0,0,82,67,71,71,87,0,0,0,0,0,0,0,0,0,0,0,0,0,0,150,0,0,0,0,0,0,0,0,0,0,0,0,0,0,0,0,0,0,0,85,109,69,77,0,0,0,0,0,75,67,71,71,71,67,87,0,0,0,0,0,66,0,0,0,0,0,
0,0,0,100,135,0,110,0,0,0,111,0,0,0,106,0,0,0,79,67,71,71,67,67,107,71,87,0,0,0,0,0,151,153,0,0,0,0,0,0,0,0,0,0,0,0,131,0,0,0,0,0,0,0,0,0,85,73,0,0,0,0,0,0,0,0,0,0,79,67,67,67,67,71,74,0,0,0,0,0,
0,0,0,75,87,0,0,0,0,0,0,0,0,0,70,0,0,0,0,0,0,0,0,0,0,0,79,71,71,87,0,0,0,135,134,0,0,0,0,0,0,0,0,0,0,0,0,0,0,0,0,146,149,0,0,0,0,66,0,0,0,0,0,0,0,0,0,0,0,0,0,0,0,0,0,0,0,0,0,0,
0,0,0,0,75,71,83,0,0,0,0,0,0,0,66,0,0,0,0,0,0,0,0,0,0,0,0,0,0,112,0,0,0,0,0,0,0,0,0,0,0,0,0,0,0,0,0,0,0,0,0,151,144,0,0,0,0,70,0,0,0,0,0,0,0,0,0,0,0,0,0,0,0,0,0,0,0,0,0,0,
0,0,0,0,0,0,79,67,87,0,0,0,0,0,70,0,0,0,0,0,0,0,0,0,0,0,0,0,0,64,0,128,0,0,0,0,0,0,86,71,87,0,0,0,0,0,0,0,0,0,0,0,0,128,0,0,0,66,0,0,0,0,0,0,0,0,0,0,0,0,0,0,0,0,0,0,0,0,0,0,
0,0,0,0,0,0,0,0,75,83,0,0,0,0,70,0,0,0,0,0,0,0,0,0,0,0,0,0,0,75,83,130,0,0,151,0,0,0,66,0,79,87,0,0,82,67,71,71,67,116,0,0,0,130,0,0,0,70,0,0,0,0,0,0,0,0,0,0,0,0,0,0,0,0,0,0,0,0,0,0,
0,0,0,0,0,0,0,0,0,75,67,67,71,71,78,0,0,0,0,0,0,0,0,0,0,0,0,0,0,0,104,178,0,0,0,0,0,0,106,0,0,79,71,71,78,0,0,0,0,75,83,0,0,0,0,0,0,81,73,0,0,0,0,0,0,0,0,0,0,0,0,0,0,0,0,0,0,0,0,0,
0,0,0,0,0,0,0,0,0,0,0,0,0,0,0,0,0,0,0,0,0,0,0,0,0,0,0,0,0,0,68,0,0,0,0,0,0,0,66,0,0,0,0,0,0,0,0,0,0,0,79,120,0,0,0,0,0,0,66,0,0,0,0,0,0,0,0,0,0,0,0,0,0,0,0,0,0,0,0,0,
0,0,0,0,0,0,0,0,0,0,0,0,0,0,0,0,0,0,0,0,0,0,0,0,0,0,0,0,0,0,100,0,0,0,0,0,0,0,66,0,0,0,0,0,0,0,0,0,0,0,0,100,0,0,0,0,0,0,70,0,0,0,0,0,0,0,0,0,0,0,0,0,0,0,0,0,0,0,0,0,
0,0,0,0,0,0,0,0,0,0,76,97,105,69,73,0,0,0,0,0,0,0,0,0,0,0,0,0,0,0,68,0,0,0,86,71,71,71,78,0,0,0,0,0,0,0,0,0,0,0,0,104,0,0,0,0,0,0,85,105,101,73,0,0,0,0,0,0,0,0,0,0,0,0,0,0,0,0,0,0,
0,0,0,0,0,0,0,0,0,102,115,0,0,0,70,0,0,0,0,0,0,0,0,0,0,0,0,0,0,0,75,83,0,86,74,0,0,0,0,0,0,0,0,0,0,0,0,0,0,0,0,96,0,0,0,0,0,0,0,0,0,85,65,113,65,73,0,0,0,0,0,0,0,0,0,0,0,0,0,0,
0,0,0,0,0,0,76,113,97,84,0,0,0,0,81,73,0,0,0,0,0,0,0,0,0,0,0,0,0,0,0,75,71,74,0,0,0,0,0,0,0,0,0,0,0,0,0,0,0,0,0,112,0,0,150,0,0,0,0,0,0,0,0,178,179,81,69,101,65,73,0,0,0,0,0,0,0,0,0,0,
0,0,114,69,105,101,80,0,0,0,0,0,150,0,0,70,0,0,0,0,0,0,0,0,0,0,0,0,0,0,0,0,0,0,0,0,0,0,0,0,0,0,0,0,0,0,0,0,0,0,0,64,0,0,153,152,0,0,0,0,0,0,0,0,0,0,152,146,162,81,69,77,0,0,0,0,0,0,0,0,
0,72,80,132,0,133,0,0,0,0,130,151,153,0,0,70,0,0,0,0,0,0,0,0,0,0,0,0,0,0,0,0,0,0,0,0,76,97,105,69,97,73,0,0,0,0,0,0,0,0,0,104,0,0,0,0,0,0,0,0,0,129,0,0,0,131,131,149,0,0,0,66,0,0,0,0,0,0,0,0,
0,240,0,0,0,0,0,0,0,152,128,0,0,0,0,81,77,0,0,0,0,0,72,101,65,105,97,65,73,0,0,0,0,0,72,65,115,133,0,132,135,85,101,69,65,73,0,0,0,0,0,68,0,0,0,0,0,0,0,111,0,0,0,0,111,178,0,0,0,0,0,70,0,0,0,0,0,0,0,0,
0,240,0,0,0,0,0,0,0,0,0,0,0,0,0,0,66,0,0,0,0,0,100,0,0,0,0,0,81,109,69,113,65,69,84,0,0,0,0,0,0,0,0,0,0,85,65,101,105,73,0,96,0,130,0,0,0,0,0,0,0,0,0,0,0,0,0,0,0,0,0,66,0,0,0,0,0,0,0,0,
0,96,0,0,133,0,0,134,0,110,0,0,0,0,0,0,70,0,0,0,0,0,96,0,0,178,0,0,0,0,0,0,0,0,0,0,0,0,152,0,0,0,0,0,0,0,0,0,0,85,69,84,0,0,0,0,0,0,0,0,0,0,0,0,0,0,152,150,0,0,0,66,0,0,0,0,0,0,0,0,
0,79,87,0,0,0,0,0,0,151,0,0,0,0,0,0,66,0,0,0,0,114,80,134,163,110,0,0,0,0,0,0,0,0,0,0,0,0,111,0,0,0,0,0,0,0,0,0,0,0,0,0,151,0,0,0,0,0,0,0,0,0,0,0,0,0,151,152,151,150,151,66,0,0,0,0,0,0,0,0,
0,0,75,83,0,0,132,0,0,0,0,0,0,0,82,71,74,0,0,0,76,115,132,133,0,131,0,0,129,129,0,0,0,0,0,0,0,0,0,0,0,0,129,0,0,0,0,0,0,129,0,0,0,0,150,152,0,0,86,107,71,67,87,0,0,150,152,152,153,150,152,70,0,0,0,0,0,0,0,0,
0,0,0,75,67,67,83,0,0,0,0,0,0,0,70,0,0,0,0,0,68,0,0,0,0,0,0,0,0,0,0,0,0,0,0,0,0,0,0,0,0,0,0,0,0,0,0,0,0,0,0,0,110,0,152,0,0,0,66,0,0,0,75,71,71,67,71,83,0,150,152,70,0,0,0,0,0,0,0,0,
0,0,0,0,0,0,79,120,0,0,0,0,0,0,66,0,0,0,0,0,79,67,71,87,0,0,0,0,0,0,0,152,150,0,128,0,0,0,0,0,0,0,0,0,0,0,0,0,0,0,0,0,151,0,0,0,0,0,85,77,0,0,0,0,0,0,0,79,71,67,71,74,0,0,0,0,0,0,0,0,
0,0,0,0,0,0,0,104,0,0,130,0,0,0,81,73,0,0,0,0,0,0,0,75,71,107,67,83,0,150,149,0,0,0,0,0,0,82,107,83,0,0,0,0,0,0,0,0,0,0,0,0,0,0,0,0,0,0,0,70,0,0,0,0,0,0,0,0,0,0,0,0,0,0,0,0,0,0,0,0,
0,0,0,0,0,0,0,64,0,0,0,0,0,0,0,66,0,0,0,0,0,0,0,0,0,0,0,75,67,83,151,0,0,151,0,0,0,70,0,75,67,67,71,67,67,87,0,0,0,0,0,0,0,0,0,0,0,0,0,66,0,0,0,0,0,0,0,0,0,0,0,0,0,0,0,0,0,0,0,0,
0,0,0,0,0,0,0,79,83,0,0,0,0,0,0,70,0,0,0,0,0,0,0,0,0,0,0,0,0,68,152,0,0,0,0,0,0,66,0,0,0,0,0,0,0,79,67,67,71,71,83,0,0,0,0,0,0,0,0,66,0,0,0,0,0,0,0,0,0,0,0,0,0,0,0,0,0,0,0,0,
0,0,0,0,0,0,0,0,100,0,0,0,0,0,0,66,0,0,0,0,0,0,0,0,0,0,0,0,0,79,67,87,0,0,0,0,0,70,0,0,0,0,0,0,0,0,0,0,0,0,75,67,71,87,0,144,151,0,0,85,73,0,0,0,0,0,0,0,0,0,0,0,0,0,0,0,0,0,0,0,
0,0,0,0,0,0,0,76,80,0,0,0,0,0,82,74,0,0,0,0,0,0,0,0,0,0,0,0,0,0,0,68,0,0,0,0,0,66,0,0,0,0,0,0,0,0,0,0,0,0,0,0,0,68,0,148,0,0,0,0,70,0,0,0,0,0,0,0,0,0,0,0,0,0,0,0,0,0,0,0,
0,0,0,0,0,0,98,103,0,0,0,0,0,0,70,0,0,0,0,0,0,0,0,0,0,0,0,0,0,0,0,75,87,0,0,0,0,81,73,0,0,0,0,0,0,0,0,0,0,0,0,0,0,75,116,0,152,0,0,0,70,0,0,0,0,0,0,0,0,0,0,0,0,0,0,0,0,0,0,0,
0,0,0,0,72,69,99,0,0,0,0,0,0,0,70,0,0,0,0,0,0,0,0,0,0,0,0,0,0,0,0,0,104,0,0,0,0,0,70,0,0,0,0,0,0,0,0,0,0,0,0,0,0,0,68,0,0,0,0,0,70,0,0,0,0,0,0,0,0,0,0,0,0,0,0,0,0,0,0,0,
0,0,0,76,84,0,0,0,0,0,130,0,0,0,66,0,0,0,0,0,0,0,0,0,0,0,0,0,0,0,0,0,112,0,0,0,0,0,66,0,0,0,0,0,0,0,0,0,0,0,0,0,0,0,79,118,0,0,0,0,85,73,0,0,0,0,0,0,0,0,0,0,0,0,0,0,0,0,0,0,
0,0,0,100,0,0,0,0,0,0,0,0,0,0,81,105,97,77,0,0,0,0,0,0,0,0,0,0,0,0,0,72,84,0,0,0,0,0,70,0,0,0,0,0,0,0,0,0,0,0,0,0,0,0,0,64,0,0,0,0,0,70,0,0,0,0,0,0,0,0,0,0,0,0,0,0,0,0,0,0,
0,0,0,64,0,0,0,148,152,0,0,0,0,0,134,0,0,85,101,105,65,97,73,0,0,0,0,0,0,102,69,99,151,0,0,0,0,0,66,0,0,0,0,0,0,0,0,0,0,0,0,0,0,0,0,79,83,0,0,0,0,81,69,73,0,0,0,0,0,0,0,0,0,0,0,0,0,0,0,0,
0,0,0,112,0,0,86,67,120,0,0,135,0,0,0,0,0,0,0,0,0,0,85,65,101,109,97,77,0,68,0,152,151,0,0,0,0,0,66,0,0,0,0,0,0,0,0,0,0,0,0,0,0,0,0,0,104,0,0,0,0,0,0,81,101,65,65,97,77,0,0,0,0,0,0,0,0,0,0,0,
0,0,0,64,0,0,66,0,96,0,0,0,0,0,0,0,0,0,0,0,0,0,0,0,0,0,0,81,65,84,150,0,0,0,130,0,0,0,81,101,69,77,0,0,0,0,0,0,0,0,0,0,0,0,76,97,80,0,0,0,0,0,0,0,0,0,0,0,85,69,113,109,77,0,0,0,0,0,0,0,
0,0,0,104,0,0,106,0,64,0,0,0,0,0,0,0,0,0,0,0,0,0,148,145,0,0,0,0,0,0,0,0,0,0,0,0,0,0,0,132,152,85,69,73,0,0,0,0,0,0,0,76,105,65,80,0,0,0,0,0,0,0,0,129,0,0,131,151,0,133,132,134,85,69,65,73,0,0,0,0,
0,0,0,75,87,0,117,65,103,0,0,0,0,0,0,132,0,0,0,110,0,0,144,134,0,0,0,0,0,0,0,0,152,151,0,0,0,0,0,0,151,151,152,66,0,0,0,0,72,69,113,84,0,0,0,0,0,0,0,0,0,0,0,0,131,0,153,0,0,0,134,0,0,0,0,70,0,0,0,0,
0,0,0,0,68,0,0,146,0,0,0,0,0,0,0,0,0,0,131,0,0,0,0,0,0,0,0,0,0,0,0,0,0,0,0,0,129,0,0,131,0,0,152,81,77,0,0,0,108,0,0,0,0,0,0,0,0,128,151,82,116,0,0,0,0,0,0,0,0,0,0,0,0,0,82,74,0,0,0,0,
0,0,0,0,79,87,0,0,0,134,0,0,0,0,0,0,0,0,0,0,0,0,0,0,0,0,110,0,0,0,82,71,83,148,0,0,0,0,0,133,0,0,0,0,81,77,0,0,112,0,0,0,0,0,0,0,0,0,0,81,115,0,0,0,0,0,0,0,0,0,0,0,0,86,74,0,0,0,0,0,
0,0,0,0,0,75,87,0,0,0,0,0,0,133,131,0,131,0,0,0,0,0,129,0,0,0,0,0,128,0,66,114,115,151,133,0,0,0,0,0,134,0,132,0,0,66,0,0,100,0,131,0,0,131,0,0,0,0,0,0,0,0,0,0,131,0,0,111,0,0,0,0,0,66,0,0,0,0,0,0,
0,0,0,0,0,0,75,71,87,0,132,0,0,0,0,0,0,0,0,111,0,0,0,0,0,0,151,153,0,0,81,80,135,135,0,0,0,0,0,0,0,0,135,134,0,70,0,0,79,83,0,162,110,0,0,0,0,0,150,152,0,0,0,0,0,0,0,163,0,0,0,0,0,70,0,0,0,0,0,0,
0,0,0,0,0,0,0,0,75,116,150,0,0,0,0,0,0,131,0,0,129,0,0,0,0,0,0,0,0,0,0,132,133,132,134,0,0,0,0,0,0,0,0,135,0,81,73,0,0,75,87,0,0,0,0,0,0,0,0,0,0,0,0,0,0,0,129,0,131,150,0,0,0,66,0,0,0,0,0,0,
0,0,0,0,0,0,0,0,0,75,120,149,0,0,0,0,0,0,0,0,0,0,0,0,224,134,0,0,0,0,0,133,0,0,0,0,0,0,0,0,0,0,135,0,0,0,66,0,0,0,96,0,0,0,0,0,152,130,0,0,0,0,134,0,0,0,0,0,152,0,0,0,0,66,0,0,0,0,0,0,
0,0,0,0,0,0,0,0,0,0,75,83,0,0,0,0,0,0,0,0,0,0,0,135,225,133,133,0,146,0,0,0,0,0,0,0,0,0,0,0,0,0,0,0,0,0,70,0,0,0,104,0,0,0,0,0,0,150,0,132,0,0,0,133,0,0,133,0,0,0,0,0,82,78,0,0,0,0,0,0,
0,0,0,0,0,0,0,0,0,0,0,79,87,0,0,0,0,144,151,145,147,148,152,144,0,132,133,134,0,150,151,0,0,0,0,0,0,0,0,0,0,0,0,0,0,0,70,0,0,0,100,0,0,0,0,0,0,0,0,0,0,0,0,0,0,0,0,0,132,0,0,0,70,0,0,0,0,0,0,0,
0,0,0,0,0,0,0,0,0,0,0,0,75,71,71,87,0,0,0,0,0,151,160,0,0,146,134,0,0,149,146,0,0,0,0,0,0,0,0,86,71,67,71,71,67,67,78,0,0,0,79,67,67,83,0,0,0,0,0,0,0,0,0,0,0,0,0,0,0,0,0,0,66,0,0,0,0,0,0,0,
0,0,0,0,0,0,0,0,0,0,0,0,0,0,0,75,71,71,71,83,0,153,0,0,0,0,0,0,0,150,0,0,0,82,67,67,71,67,71,78,0,0,0,0,0,0,0,0,0,0,0,0,0,79,71,71,71,83,0,0,0,0,0,0,0,0,0,0,0,0,0,0,66,0,0,0,0,0,0,0,
0,0,0,0,0,0,0,0,0,0,0,0,0,0,0,0,0,0,0,75,67,67,67,83,0,0,0,0,82,71,71,71,71,78,0,0,0,0,0,0,0,0,0,0,0,0,0,0,0,0,0,0,0,0,0,0,0,75,71,71,71,87,0,0,0,0,0,0,0,0,0,82,74,0,0,0,0,0,0,0,
0,0,0,0,0,0,0,0,0,0,0,0,0,0,0,0,0,0,0,0,0,0,0,79,67,67,71,71,78,0,0,0,0,0,0,0,0,0,0,0,0,0,0,0,0,0,0,0,0,0,0,0,0,0,0,0,0,0,0,0,0,75,67,71,67,67,71,71,67,67,71,74,0,0,0,0,0,0,0,0,
0,0,0,0,0,0,0,0,0,0,0,0,0,0,0,0,0,0,0,0,0,0,0,0,0,0,0,0,0,0,0,0,0,0,0,0,0,0,0,0,0,0,0,0,0,0,0,0,0,0,0,0,0,0,0,0,0,0,0,0,0,0,0,0,0,0,0,0,0,0,0,0,0,0,0,0,0,0,0,0,
0,0,0,0,0,0,0,0,0,0,0,0,0,0,0,0,0,0,0,0,0,0,0,0,0,0,0,0,0,0,0,0,0,0,0,0,0,0,0,0,0,0,0,0,0,0,0,0,0,0,0,0,0,0,0,0,0,0,0,0,0,0,0,0,0,0,0,0,0,0,0,0,0,0,0,0,0,0,0,0,
0,0,0,0,0,0,0,0,0,0,0,0,0,0,0,0,0,0,0,0,0,0,0,0,0,0,0,0,0,0,0,0,0,0,0,0,0,0,0,0,0,0,0,0,0,0,0,0,0,0,0,0,0,0,0,0,0,0,0,0,0,0,0,0,0,0,0,0,0,0,0,0,0,0,0,0,0,0,0,0,
0,0,0,0,0,0,0,0,0,0,0,0,0,0,0,0,0,0,0,0,0,0,0,0,0,0,0,0,0,0,0,0,0,0,0,0,0,0,0,0,0,0,0,0,0,0,0,0,0,0,0,0,0,0,0,0,0,0,0,0,0,0,0,0,0,0,0,0,0,0,0,0,0,0,0,0,0,0,0,0

[layer]
type=collision
data=
3,3,3,3,3,3,3,3,3,3,3,3,3,3,3,3,3,3,3,3,3,3,3,3,3,3,3,3,3,3,3,3,3,3,3,3,3,3,3,3,3,3,3,3,3,3,3,3,3,3,3,3,3,3,3,3,3,3,3,3,3,3,3,3,3,3,3,3,3,3,3,3,3,3,3,3,3,3,3,3,
3,3,3,3,3,3,3,3,3,3,3,3,3,3,3,3,3,3,3,3,3,3,3,3,3,3,3,3,3,3,3,3,3,3,3,3,3,3,3,3,3,3,3,3,3,3,3,3,3,3,3,3,3,3,3,3,3,3,3,3,3,3,3,3,3,3,3,3,3,3,3,3,3,3,3,3,3,3,3,3,
3,3,3,3,3,3,3,3,3,3,3,3,3,3,3,3,3,3,3,3,3,3,3,3,3,3,3,3,3,3,3,3,3,3,3,3,3,3,3,3,3,3,3,3,3,3,3,3,3,3,3,3,3,3,3,3,3,3,3,3,3,3,3,3,3,3,3,3,3,3,3,3,3,3,3,3,3,3,3,3,
3,3,3,3,3,3,3,3,3,3,1,1,1,1,1,1,1,1,1,1,1,1,1,1,1,1,3,3,3,3,3,3,3,1,1,1,1,1,3,3,3,3,3,3,3,3,3,3,3,3,3,3,3,3,3,3,3,3,3,3,3,3,3,3,3,3,3,1,1,1,1,1,1,1,1,1,1,3,3,3,
3,3,3,3,3,3,3,3,1,1,1,0,0,0,0,0,0,0,0,0,0,4,3,0,0,1,3,3,3,3,3,1,1,1,0,0,0,1,1,3,3,3,3,3,3,3,3,3,3,3,3,3,3,3,3,3,3,3,1,1,1,1,1,1,1,1,1,1,0,4,4,0,0,0,0,0,1,1,1,3,
3,3,3,3,3,3,3,1,1,0,0,0,0,0,0,0,0,0,0,0,0,0,4,4,0,1,3,3,3,1,1,1,0,0,0,0,0,0,1,1,1,3,3,3,3,3,3,3,3,3,3,3,3,3,3,3,3,3,1,0,0,0,0,0,0,0,0,0,0,0,0,0,0,0,0,0,0,0,1,3,
3,3,3,3,3,1,1,1,0,0,0,4,0,0,0,0,0,0,0,0,0,0,0,0,0,1,3,3,3,1,4,0,0,4,4,0,0,0,0,0,1,1,1,1,1,3,3,3,1,1,1,3,3,3,3,3,3,1,1,0,0,0,0,0,0,0,0,4,0,0,0,0,4,0,0,0,0,0,0,3,
3,3,3,3,3,1,0,0,4,0,0,0,0,0,4,0,0,0,0,4,0,0,0,0,0,1,1,3,3,1,0,0,0,0,0,0,0,0,0,0,0,0,0,0,1,1,3,1,1,0,1,1,1,1,1,1,1,1,0,0,0,0,0,0,0,0,0,0,0,0,0,0,0,0,0,0,0,0,0,3,
3,3,3,3,3,1,0,0,4,0,0,0,0,0,0,0,4,1,0,0,0,0,0,0,0,0,1,3,3,1,1,4,0,0,0,0,0,0,0,0,0,0,0,0,0,1,1,1,0,0,0,0,0,0,0,0,0,0,0,0,0,0,0,0,0,0,0,0,1,4,0,4,1,0,0,0,0,0,1,3,
3,3,3,3,3,1,0,0,0,0,0,0,0,0,0,0,0,0,0,0,0,0,0,0,0,0,1,3,3,3,1,1,0,0,0,0,0,0,0,0,0,0,0,0,0,0,0,0,0,0,0,0,0,0,0,0,0,0,0,0,0,0,0,0,0,1,1,1,4,0,0,0,0,4,0,0,0,0,1,3,
3,3,3,3,3,1,0,0,0,4,0,0,0,0,0,0,4,0,0,0,0,0,0,0,0,1,1,3,3,3,3,1,0,0,0,0,1,0,0,0,0,4,0,0,0,0,0,0,0,0,0,0,0,0,0,0,0,0,0,0,0,0,1,1,1,1,3,1,1,0,0,0,0,0,0,0,0,0,1,3,
3,3,3,3,3,1,0,0,0,1,4,0,0,0,0,0,0,0,0,0,0,0,0,0,1,1,3,3,3,3,1,1,0,0,0,0,0,0,0,0,0,0,0,0,0,0,0,0,0,0,0,0,0,0,0,0,4,0,0,0,0,0,1,3,3,3,3,3,1,1,0,0,0,0,0,0,0,1,1,3,
3,3,3,3,3,1,1,0,0,0,0,0,0,0,0,0,0,0,0,0,0,0,0,1,1,3,3,3,3,3,1,0,0,0,0,0,0,0,0,0,0,0,0,0,0,0,0,0,0,0,0,0,0,0,0,0,1,0,0,0,0,0,1,3,3,3,3,3,3,1,1,1,0,0,0,0,0,1,3,3,
3,3,3,3,3,3,1,1,1,0,0,0,0,0,0,0,0,0,0,0,0,0,0,1,3,3,3,3,3,1,1,0,0,4,0,0,0,0,0,0,0,0,0,0,0,0,0,0,0,0,0,0,0,0,0,4,0,4,0,0,0,0,1,1,3,3,3,3,3,3,3,1,1,1,0,0,1,1,3,3,
3,3,3,3,3,3,3,3,1,1,0,0,0,0,0,0,1,1,1,1,1,1,1,1,3,3,3,3,3,1,0,0,0,0,0,0,0,0,0,0,0,1,1,1,1,1,1,1,1,1,1,1,1,0,4,0,0,0,0,0,0,0,0,1,1,3,3,3,3,3,3,3,3,1,1,1,1,3,3,3,
3,3,3,3,3,3,3,3,3,1,0,0,0,0,0,1,1,3,3,3,3,3,3,3,3,3,3,3,3,1,1,0,0,0,0,0,0,0,0,0,0,1,3,3,3,3,3,3,3,3,3,3,1,0,0,0,0,0,4,0,0,0,0,0,1,1,1,3,3,3,3,3,3,3,3,3,3,3,3,3,
3,3,3,3,3,3,3,3,3,1,0,0,0,0,0,1,3,3,3,3,3,3,3,3,3,3,3,3,3,3,1,0,0,0,0,0,0,0,0,1,1,1,3,3,3,3,3,3,3,3,3,3,1,0,4,0,0,0,4,0,0,0,0,0,0,0,1,1,1,3,3,3,3,3,3,3,3,3,3,3,
3,3,3,3,3,3,3,3,3,1,1,0,0,0,0,1,3,3,3,3,3,3,3,3,3,3,3,3,3,3,1,0,0,4,0,0,0,0,1,1,3,3,3,3,3,3,3,3,3,3,3,3,1,0,0,0,0,0,0,0,0,0,0,0,0,1,1,0,1,1,3,3,3,3,3,3,3,3,3,3,
3,3,3,3,3,3,3,3,3,3,1,0,0,0,0,1,3,3,3,3,3,3,3,3,3,3,3,3,3,3,1,0,0,0,0,0,0,0,1,3,3,3,3,3,3,3,3,3,3,3,3,3,1,0,0,0,0,1,0,0,0,0,0,0,0,1,1,0,0,1,1,3,3,3,3,3,3,3,3,3,
3,3,3,3,3,3,3,3,3,3,1,0,0,0,0,1,3,3,3,3,3,3,3,3,3,3,3,3,3,3,1,0,0,0,0,0,0,0,1,3,3,3,3,3,3,3,3,3,3,3,3,3,1,0,0,0,0,0,4,0,0,0,0,0,0,0,0,0,0,0,1,1,1,3,3,3,3,3,3,3,
3,3,3,3,3,3,3,3,3,3,1,0,0,0,4,1,3,3,3,3,3,3,3,3,3,3,3,3,3,1,1,0,0,0,0,0,0,0,1,3,3,3,3,3,3,3,3,3,3,3,3,1,1,0,0,0,0,0,0,0,0,0,0,0,0,0,0,0,0,0,0,0,1,1,3,3,3,3,3,3,
3,3,3,3,3,3,3,3,3,1,1,4,0,0,3,1,1,3,3,3,3,3,3,3,3,3,3,3,3,1,0,0,0,0,0,0,0,0,1,3,3,3,3,3,3,3,3,3,3,3,3,1,0,0,0,0,0,0,3,0,0,1,1,0,0,0,0,0,0,1,1,0,0,1,1,3,3,3,3,3,
3,3,3,3,3,3,3,3,3,1,0,0,0,0,0,4,1,1,3,3,3,3,3,3,3,3,3,3,3,1,0,0,0,0,0,0,0,1,1,3,3,3,3,3,3,3,3,3,3,3,3,1,0,0,0,0,0,0,4,0,0,1,1,0,0,0,0,0,0,1,1,0,0,0,1,3,3,3,3,3,
3,3,3,3,3,3,3,3,3,1,0,4,0,0,0,0,0,1,1,1,1,1,1,3,3,3,3,3,1,1,0,0,0,0,0,0,1,1,3,3,3,3,3,3,3,3,3,3,3,3,3,1,1,0,0,0,0,0,0,0,0,0,0,0,0,0,0,0,0,0,0,0,0,0,1,3,3,3,3,3,
3,3,3,3,3,3,3,1,1,1,0,0,0,0,0,0,0,0,0,0,0,0,1,1,1,1,1,1,1,0,0,0,1,0,0,0,1,3,3,3,3,3,3,3,3,3,3,3,3,3,3,3,1,1,1,0,0,0,0,0,0,0,0,0,0,0,0,0,0,0,0,0,0,0,1,3,3,3,3,3,
3,3,3,1,1,1,1,1,0,0,0,0,0,0,0,0,0,0,0,0,0,0,0,0,0,0,0,0,0,0,0,4,4,0,0,0,1,3,3,3,3,3,3,3,3,3,3,3,3,3,3,3,3,3,1,1,1,1,1,1,0,0,0,0,0,1,1,0,0,1,1,0,0,0,1,3,3,3,3,3,
3,3,1,1,0,0,0,0,0,0,0,0,0,0,0,0,0,0,0,0,0,0,0,0,0,0,0,0,1,0,0,0,0,0,0,0,1,1,1,1,3,3,3,1,1,1,1,1,3,3,3,3,3,3,3,3,3,3,3,1,1,1,0,0,0,1,1,0,0,1,1,0,0,0,1,3,3,3,3,3,
3,3,1,0,0,0,0,0,0,0,0,0,0,0,0,0,0,0,0,0,0,0,0,0,0,0,0,0,0,0,0,0,0,0,0,0,0,0,0,1,3,3,1,1,0,0,0,1,1,1,1,1,3,3,3,3,3,3,3,3,3,1,1,0,0,0,0,0,0,0,0,0,0,0,1,3,3,3,3,3,
3,3,1,1,0,4,4,0,0,0,0,0,0,0,0,0,0,0,0,0,0,0,0,0,0,0,0,0,0,0,0,0,0,0,0,0,0,0,0,1,1,1,1,0,0,0,0,0,0,0,0,1,1,1,3,3,3,3,3,3,3,3,1,0,0,0,0,0,0,0,0,0,0,0,1,3,3,3,3,3,
3,3,3,1,0,0,0,0,0,0,0,0,0,0,1,1,1,1,1,0,0,0,0,0,0,0,0,0,0,0,0,0,0,4,0,0,0,0,0,0,0,0,0,0,0,0,0,0,0,0,0,0,0,1,1,1,1,3,3,3,3,3,1,1,1,1,1,1,1,0,0,0,0,0,1,3,3,3,3,3,
3,3,3,1,0,0,1,0,0,0,1,0,0,0,1,3,3,3,1,1,1,1,1,1,1,1,1,0,0,0,0,0,4,3,0,0,0,0,0,0,0,0,0,0,0,0,4,0,0,0,0,0,0,0,0,0,1,1,3,3,3,3,3,3,3,3,3,3,1,1,1,1,1,1,1,3,3,3,3,3,
3,3,3,1,1,0,0,0,0,0,0,0,0,0,1,3,3,3,3,3,3,3,3,3,3,3,1,1,1,1,0,0,0,0,0,0,0,0,0,0,0,0,0,0,0,0,0,0,0,0,0,4,1,0,0,0,0,1,3,3,3,3,3,3,3,3,3,3,3,3,3,3,3,3,3,3,3,3,3,3,
3,3,3,3,1,1,1,0,0,0,0,0,0,0,1,3,3,3,3,3,3,3,3,3,3,3,3,3,3,1,0,0,0,0,0,0,0,0,0,0,0,0,0,0,0,0,0,0,0,0,0,4,4,0,0,0,0,1,3,3,3,3,3,3,3,3,3,3,3,3,3,3,3,3,3,3,3,3,3,3,
3,3,3,3,3,3,1,1,1,0,0,0,0,0,1,3,3,3,3,3,3,3,3,3,3,3,3,3,3,1,0,4,0,0,0,0,0,0,1,1,1,0,0,0,0,0,0,0,0,0,0,0,0,4,0,0,0,1,3,3,3,3,3,3,3,3,3,3,3,3,3,3,3,3,3,3,3,3,3,3,
3,3,3,3,3,3,3,3,1,1,0,0,0,0,1,3,3,3,3,3,3,3,3,3,3,3,3,3,3,1,1,4,0,0,4,0,0,0,1,3,1,1,0,0,1,1,1,1,1,1,0,0,0,4,0,0,0,1,3,3,3,3,3,3,3,3,3,3,3,3,3,3,3,3,3,3,3,3,3,3,
3,3,3,3,3,3,3,3,3,1,1,1,1,1,1,3,3,3,3,3,3,3,3,3,3,3,3,3,3,3,1,4,0,0,0,0,0,0,1,3,3,1,1,1,1,3,3,3,3,1,1,0,0,0,0,0,0,1,1,3,3,3,3,3,3,3,3,3,3,3,3,3,3,3,3,3,3,3,3,3,
3,3,3,3,3,3,3,3,3,3,3,3,3,3,3,3,3,3,3,3,3,3,3,3,3,3,3,3,3,3,1,0,0,0,0,0,0,0,1,3,3,3,3,3,3,3,3,3,3,3,1,1,0,0,0,0,0,0,1,3,3,3,3,3,3,3,3,3,3,3,3,3,3,3,3,3,3,3,3,3,
3,3,3,3,3,3,3,3,3,3,3,3,3,3,3,3,3,3,3,3,3,3,3,3,3,3,3,3,3,3,1,0,0,0,0,0,0,0,1,3,3,3,3,3,3,3,3,3,3,3,3,1,0,0,0,0,0,0,1,3,3,3,3,3,3,3,3,3,3,3,3,3,3,3,3,3,3,3,3,3,
3,3,3,3,3,3,3,3,3,3,1,1,1,1,1,3,3,3,3,3,3,3,3,3,3,3,3,3,3,3,1,0,0,0,1,1,1,1,1,3,3,3,3,3,3,3,3,3,3,3,3,1,0,0,0,0,0,0,1,1,1,1,3,3,3,3,3,3,3,3,3,3,3,3,3,3,3,3,3,3,
3,3,3,3,3,3,3,3,3,1,1,0,0,0,1,3,3,3,3,3,3,3,3,3,3,3,3,3,3,3,1,1,0,1,1,3,3,3,3,3,3,3,3,3,3,3,3,3,3,3,3,1,0,0,0,0,0,0,0,0,0,1,1,1,1,1,3,3,3,3,3,3,3,3,3,3,3,3,3,3,
3,3,3,3,3,3,1,1,1,1,0,0,0,0,1,1,3,3,3,3,3,3,3,3,3,3,3,3,3,3,3,1,1,1,3,3,3,3,3,3,3,3,3,3,3,3,3,3,3,3,3,1,0,0,4,0,0,0,0,0,0,0,0,4,4,1,1,1,1,1,3,3,3,3,3,3,3,3,3,3,
3,3,1,1,1,1,1,0,0,0,0,0,4,0,0,1,3,3,3,3,3,3,3,3,3,3,3,3,3,3,3,3,3,3,3,3,3,3,3,3,3,3,3,3,3,3,3,3,3,3,3,1,0,0,3,4,0,0,0,0,0,0,0,0,0,0,4,4,4,1,1,1,3,3,3,3,3,3,3,3,
3,1,1,0,0,0,0,0,0,0,4,4,3,0,0,1,3,3,3,3,3,3,3,3,3,3,3,3,3,3,3,3,3,3,3,3,1,1,1,1,1,1,3,3,3,3,3,3,3,3,3,1,0,0,0,0,0,0,0,0,0,4,0,0,0,4,4,1,0,0,0,1,3,3,3,3,3,3,3,3,
3,0,0,0,0,0,0,0,0,4,4,0,0,0,0,1,1,3,3,3,3,3,1,1,1,1,1,1,1,3,3,3,3,3,1,1,1,0,0,0,0,1,1,1,1,1,3,3,3,3,3,1,0,0,0,0,0,0,0,1,0,0,0,0,1,4,0,0,0,0,0,1,3,3,3,3,3,3,3,3,
3,0,0,0,0,0,0,0,0,0,0,0,0,0,0,0,1,3,3,3,3,3,1,0,0,0,0,0,1,1,1,1,1,1,1,0,0,0,0,0,0,0,0,0,0,1,1,1,1,1,3,1,0,4,0,0,0,0,0,0,0,0,0,0,0,0,0,0,0,0,0,1,3,3,3,3,3,3,3,3,
3,1,0,0,0,0,0,0,0,1,0,0,0,0,0,0,1,3,3,3,3,3,1,0,0,4,0,0,0,0,0,0,0,0,0,0,0,0,4,0,0,0,0,0,0,0,0,0,0,1,1,1,0,0,0,0,0,0,0,0,0,0,0,0,0,0,4,4,0,0,0,1,3,3,3,3,3,3,3,3,
3,1,1,0,0,0,0,0,0,4,0,0,0,0,0,0,1,3,3,3,3,1,1,0,4,1,0,0,0,0,0,0,0,0,0,0,0,0,1,0,0,0,0,0,0,0,0,0,0,0,0,0,4,0,0,0,0,0,0,0,0,0,0,0,0,0,4,4,4,4,4,1,3,3,3,3,3,3,3,3,
3,3,1,1,0,0,0,0,0,0,0,0,0,0,1,1,1,3,3,3,1,1,0,0,0,4,0,0,4,4,0,0,0,0,0,0,0,0,0,0,0,0,4,0,0,0,0,0,0,4,0,0,0,0,4,4,0,0,1,1,1,1,1,0,0,0,4,4,3,4,4,1,3,3,3,3,3,3,3,3,
3,3,3,1,1,1,1,0,0,0,0,0,0,0,1,3,3,3,3,3,1,0,0,0,0,0,0,0,0,0,0,0,0,0,0,0,0,0,0,0,0,0,0,0,0,0,0,0,0,0,0,0,1,0,4,0,0,0,1,3,3,3,1,1,1,1,1,1,4,4,4,1,3,3,3,3,3,3,3,3,
3,3,3,3,3,3,1,1,0,0,0,0,0,0,1,3,3,3,3,3,1,1,1,1,0,0,0,0,0,0,0,4,4,0,4,0,0,0,0,0,0,0,0,0,0,0,0,0,0,0,0,0,4,0,4,0,0,0,1,1,3,3,3,3,3,3,3,1,1,1,1,1,3,3,3,3,3,3,3,3,
3,3,3,3,3,3,3,1,0,0,4,0,0,0,1,1,3,3,3,3,3,3,3,1,1,1,1,1,0,4,0,0,0,0,0,0,0,1,1,1,0,0,0,0,0,0,0,0,0,0,0,0,0,0,0,0,0,0,0,1,3,3,3,3,3,3,3,3,3,3,3,3,3,3,3,3,3,3,3,3,
3,3,3,3,3,3,3,1,0,0,0,0,0,0,0,1,3,3,3,3,3,3,3,3,3,3,3,1,1,1,4,0,0,4,0,0,0,1,3,1,1,1,1,1,1,1,0,0,0,0,0,0,0,0,0,0,0,0,0,1,3,3,3,3,3,3,3,3,3,3,3,3,3,3,3,3,3,3,3,3,
3,3,3,3,3,3,3,1,1,0,0,0,0,0,0,1,3,3,3,3,3,3,3,3,3,3,3,3,3,1,4,0,0,0,0,0,0,1,3,3,3,3,3,3,3,1,1,1,1,1,1,0,0,0,0,0,0,0,0,1,3,3,3,3,3,3,3,3,3,3,3,3,3,3,3,3,3,3,3,3,
3,3,3,3,3,3,3,3,1,0,0,0,0,0,0,1,3,3,3,3,3,3,3,3,3,3,3,3,3,1,1,1,0,0,0,0,0,1,3,3,3,3,3,3,3,3,3,3,3,3,1,1,1,1,0,4,4,0,0,1,1,3,3,3,3,3,3,3,3,3,3,3,3,3,3,3,3,3,3,3,
3,3,3,3,3,3,3,1,1,0,0,0,0,0,1,1,3,3,3,3,3,3,3,3,3,3,3,3,3,3,3,1,0,0,0,0,0,1,3,3,3,3,3,3,3,3,3,3,3,3,3,3,3,1,0,1,0,0,0,0,1,3,3,3,3,3,3,3,3,3,3,3,3,3,3,3,3,3,3,3,
3,3,3,3,3,3,1,1,0,0,0,0,0,0,1,3,3,3,3,3,3,3,3,3,3,3,3,3,3,3,3,1,1,0,0,0,0,1,1,3,3,3,3,3,3,3,3,3,3,3,3,3,3,1,1,0,4,0,0,0,1,3,3,3,3,3,3,3,3,3,3,3,3,3,3,3,3,3,3,3,
3,3,3,3,1,1,1,0,0,0,0,0,0,0,1,3,3,3,3,3,3,3,3,3,3,3,3,3,3,3,3,3,1,0,0,0,0,0,1,3,3,3,3,3,3,3,3,3,3,3,3,3,3,3,1,0,0,0,0,0,1,3,3,3,3,3,3,3,3,3,3,3,3,3,3,3,3,3,3,3,
3,3,3,1,1,0,0,0,0,0,4,0,0,0,1,3,3,3,3,3,3,3,3,3,3,3,3,3,3,3,3,3,1,0,0,0,0,0,1,3,3,3,3,3,3,3,3,3,3,3,3,3,3,3,1,1,0,0,0,0,1,1,3,3,3,3,3,3,3,3,3,3,3,3,3,3,3,3,3,3,
3,3,3,1,0,0,0,0,0,0,0,0,0,0,1,1,1,1,3,3,3,3,3,3,3,3,3,3,3,3,3,1,1,0,0,0,0,0,1,3,3,3,3,3,3,3,3,3,3,3,3,3,3,3,3,1,0,0,0,0,0,1,3,3,3,3,3,3,3,3,3,3,3,3,3,3,3,3,3,3,
3,3,3,1,0,0,0,1,4,0,0,0,2,2,2,2,0,1,1,1,1,1,1,3,3,3,3,3,3,1,1,1,4,0,0,0,0,0,1,3,3,3,3,3,3,3,3,3,3,3,3,3,3,3,3,1,1,0,0,0,0,1,1,1,3,3,3,3,3,3,3,3,3,3,3,3,3,3,3,3,
3,3,3,1,0,0,1,1,1,0,0,2,2,2,2,2,2,0,0,0,0,0,1,1,1,1,1,1,3,1,0,4,4,0,0,0,0,0,1,3,3,3,3,3,3,3,3,3,3,3,3,3,3,3,3,3,1,0,0,0,0,0,0,1,1,1,1,1,1,3,3,3,3,3,3,3,3,3,3,3,
3,3,3,1,0,0,1,3,1,0,0,2,2,2,2,2,2,0,0,0,0,0,0,0,0,0,0,1,1,1,4,0,0,0,4,0,0,0,1,1,1,1,3,3,3,3,3,3,3,3,3,3,3,3,1,1,1,0,0,0,0,0,0,0,0,0,0,0,1,1,1,1,1,3,3,3,3,3,3,3,
3,3,3,1,0,0,1,3,1,0,0,2,2,2,2,2,2,0,0,0,0,0,1,4,0,0,0,0,0,0,0,0,0,0,0,0,0,0,0,0,4,1,1,1,3,3,3,3,3,3,3,1,1,1,1,0,0,0,0,0,0,0,0,4,0,0,4,4,0,0,0,0,1,1,1,1,3,3,3,3,
3,3,3,1,1,0,1,1,1,0,0,2,2,2,2,2,0,0,0,1,0,0,4,0,0,0,0,0,0,0,0,0,4,4,0,0,0,0,0,0,4,4,4,1,3,3,3,3,1,1,1,1,0,0,0,0,0,0,0,0,0,0,0,0,4,0,3,0,0,0,0,0,0,0,0,1,3,3,3,3,
3,3,3,3,1,0,0,4,0,0,0,0,0,0,0,0,0,0,4,0,0,0,0,0,0,0,0,0,0,0,0,0,0,0,0,0,4,0,0,4,0,0,4,1,1,3,3,3,1,0,0,0,0,0,0,0,0,4,0,1,1,0,0,0,0,0,0,0,0,0,0,0,0,0,1,1,3,3,3,3,
3,3,3,3,1,1,0,0,0,2,2,2,2,2,0,0,0,0,0,0,0,0,0,0,0,0,1,0,0,0,1,1,1,1,0,0,0,0,0,0,0,0,0,0,1,1,3,3,1,0,0,0,0,0,0,0,0,0,0,1,1,0,0,0,0,0,0,0,0,0,0,0,0,1,1,3,3,3,3,3,
3,3,3,3,3,1,1,0,0,2,2,2,2,2,4,0,4,0,0,0,0,0,4,0,0,0,0,0,4,0,1,1,1,4,0,2,2,2,2,2,2,2,2,0,0,1,3,3,1,0,4,0,0,4,0,0,0,0,0,0,0,0,0,0,4,0,0,1,0,0,0,0,0,1,3,3,3,3,3,3,
3,3,3,3,3,3,1,1,1,2,2,2,2,2,2,2,0,0,0,1,0,0,0,0,0,0,4,3,0,0,1,1,0,0,2,2,2,2,2,2,2,2,2,0,0,1,3,3,1,1,0,4,1,0,0,0,0,0,3,4,0,0,0,0,0,0,0,4,0,0,0,0,0,1,3,3,3,3,3,3,
3,3,3,3,3,3,3,3,1,1,4,2,2,2,2,2,0,4,0,0,4,0,0,0,0,0,0,0,0,0,0,2,2,2,2,2,2,2,2,2,2,2,2,0,0,1,1,3,3,1,1,0,0,0,0,0,0,0,0,0,0,0,0,0,0,0,4,0,4,4,0,0,0,1,3,3,3,3,3,3,
3,3,3,3,3,3,3,3,3,1,1,1,2,2,2,2,2,2,2,2,2,2,2,2,0,2,2,2,2,2,2,2,2,2,2,2,2,2,2,2,2,2,2,0,0,0,1,3,3,3,1,0,0,0,0,0,4,4,0,2,2,2,2,2,0,0,0,0,4,0,0,0,0,1,3,3,3,3,3,3,
3,3,3,3,3,3,3,3,3,3,1,1,2,2,2,2,2,2,2,2,2,2,2,2,0,2,2,2,2,2,2,2,2,2,2,2,2,2,2,2,2,2,0,0,0,0,1,3,3,3,1,0,0,0,0,0,0,4,2,2,2,2,2,2,2,2,2,2,2,0,0,0,1,1,3,3,3,3,3,3,
3,3,3,3,3,3,3,3,3,3,3,1,1,2,2,2,0,4,4,4,4,1,4,4,0,0,0,0,0,4,4,2,2,2,2,2,2,2,2,2,2,2,0,0,0,0,1,3,3,3,1,0,0,0,0,0,0,0,2,2,2,2,2,2,2,2,2,2,2,2,0,0,1,3,3,3,3,3,3,3,
3,3,3,3,3,3,3,3,3,3,3,3,1,1,1,1,0,0,0,0,0,4,4,0,0,4,0,0,0,1,4,0,0,0,0,0,0,0,0,1,1,1,1,1,1,1,1,3,3,3,1,1,1,1,0,0,0,0,2,2,2,2,2,2,2,2,2,2,2,2,0,0,1,3,3,3,3,3,3,3,
3,3,3,3,3,3,3,3,3,3,3,3,3,3,3,1,1,1,1,1,0,3,0,0,0,0,0,0,0,4,0,0,0,1,1,1,1,1,1,1,3,3,3,3,3,3,3,3,3,3,3,3,3,1,1,1,1,1,0,2,2,2,2,2,2,2,2,2,2,2,0,0,1,3,3,3,3,3,3,3,
3,3,3,3,3,3,3,3,3,3,3,3,3,3,3,3,3,3,3,1,1,1,1,1,0,0,0,0,1,1,1,1,1,1,3,3,3,3,3,3,3,3,3,3,3,3,3,3,3,3,3,3,3,3,3,3,3,1,1,1,1,1,0,2,2,2,2,2,2,0,0,1,1,3,3,3,3,3,3,3,
3,3,3,3,3,3,3,3,3,3,3,3,3,3,3,3,3,3,3,3,3,3,3,1,1,1,1,1,1,3,3,3,3,3,3,3,3,3,3,3,3,3,3,3,3,3,3,3,3,3,3,3,3,3,3,3,3,3,3,3,3,1,1,1,1,1,1,1,1,1,1,1,3,3,3,3,3,3,3,3,
3,3,3,3,3,3,3,3,3,3,3,3,3,3,3,3,3,3,3,3,3,3,3,3,3,3,3,3,3,3,3,3,3,3,3,3,3,3,3,3,3,3,3,3,3,3,3,3,3,3,3,3,3,3,3,3,3,3,3,3,3,3,3,3,3,3,3,3,3,3,3,3,3,3,3,3,3,3,3,3,
3,3,3,3,3,3,3,3,3,3,3,3,3,3,3,3,3,3,3,3,3,3,3,3,3,3,3,3,3,3,3,3,3,3,3,3,3,3,3,3,3,3,3,3,3,3,3,3,3,3,3,3,3,3,3,3,3,3,3,3,3,3,3,3,3,3,3,3,3,3,3,3,3,3,3,3,3,3,3,3,
3,3,3,3,3,3,3,3,3,3,3,3,3,3,3,3,3,3,3,3,3,3,3,3,3,3,3,3,3,3,3,3,3,3,3,3,3,3,3,3,3,3,3,3,3,3,3,3,3,3,3,3,3,3,3,3,3,3,3,3,3,3,3,3,3,3,3,3,3,3,3,3,3,3,3,3,3,3,3,3,
3,3,3,3,3,3,3,3,3,3,3,3,3,3,3,3,3,3,3,3,3,3,3,3,3,3,3,3,3,3,3,3,3,3,3,3,3,3,3,3,3,3,3,3,3,3,3,3,3,3,3,3,3,3,3,3,3,3,3,3,3,3,3,3,3,3,3,3,3,3,3,3,3,3,3,3,3,3,3,3

[event]
# Unlock waypoint
type=event
location=63,19,6,6
activate=on_trigger
mapmod=background,65,22,265
msg=Blackmire Mines waypoint discovered.
repeat=false
requires_not_status=emp_waypoint_4
set_status=emp_waypoint_4

[event]
# to Hyperspace
type=event
location=65,21,2,2
activate=on_trigger
hotspot=location
intermap=maps/hyperspace.txt,30,17
requires_status=emp_waypoint_4
soundfx=soundfx/environment/teleporter.ogg,0,0
tooltip=Hyperspace

[event]
# unlock waypoint (on_load)
type=event
location=69,14,1,1
activate=on_load
mapmod=background,65,22,265
requires_status=emp_waypoint_4

[event]
# Treasure Chest
type=event
location=22,5,1,1
activate=on_trigger
hotspot=location
loot=loot/level_5.txt
mapmod=object,22,5,177
repeat=false
soundfx=soundfx/wood_open.ogg
tooltip=Treasure Chest

[event]
# Crate
type=event
location=16,8,1,1
activate=on_trigger
hotspot=location
loot=loot/level_5.txt
mapmod=object,16,8,179
repeat=false
soundfx=soundfx/wood_open.ogg
tooltip=Crate

[event]
# Crate
type=event
location=67,67,1,1
activate=on_trigger
hotspot=location
loot=loot/level_5.txt
mapmod=object,67,67,179
repeat=false
soundfx=soundfx/wood_open.ogg
tooltip=Crate

[event]
# Barrel
type=event
location=68,41,1,1
activate=on_trigger
hotspot=location
loot=loot/level_5.txt
mapmod=object,68,41,178
repeat=false
soundfx=soundfx/wood_open.ogg
tooltip=Barrel

[event]
# Treasure Chest
type=event
location=22,72,1,1
activate=on_trigger
hotspot=location
loot=loot/level_5.txt
mapmod=object,22,72,176
repeat=false
soundfx=soundfx/wood_open.ogg
tooltip=Treasure Chest

[event]
# Cave wind sound effect
type=event
location=0,0,1,1
activate=on_load
soundfx=soundfx/environment/cave_wind_loop.ogg

[event]
# Water dripping
type=event
location=14,7,1,1
activate=on_load
soundfx=soundfx/environment/cave_droplets_loop.ogg

[event]
# Water dripping
type=event
location=63,71,1,1
activate=on_load
soundfx=soundfx/environment/cave_droplets_loop.ogg

[event]
# Water dripping
type=event
location=7,29,1,1
activate=on_load
soundfx=soundfx/environment/cave_droplets_loop.ogg

[event]
# Water dripping
type=event
location=35,8,1,1
activate=on_load
soundfx=soundfx/environment/cave_droplets_loop.ogg

[event]
# Water dripping
type=event
location=56,12,1,1
activate=on_load
soundfx=soundfx/environment/cave_droplets_loop.ogg

[event]
# Water dripping
type=event
location=72,8,1,1
activate=on_load
soundfx=soundfx/environment/cave_droplets_loop.ogg

[event]
# Water dripping
type=event
location=32,34,1,1
activate=on_load
soundfx=soundfx/environment/cave_droplets_loop.ogg

[event]
# Water dripping
type=event
location=67,42,1,1
activate=on_load
soundfx=soundfx/environment/cave_droplets_loop.ogg

[event]
# Water dripping
type=event
location=52,31,1,1
activate=on_load
soundfx=soundfx/environment/cave_droplets_loop.ogg

[event]
# Water dripping
type=event
location=55,54,1,1
activate=on_load
soundfx=soundfx/environment/cave_droplets_loop.ogg

[event]
# Water dripping
type=event
location=30,50,1,1
activate=on_load
soundfx=soundfx/environment/cave_droplets_loop.ogg

[event]
# Water dripping
type=event
location=33,65,1,1
activate=on_load
soundfx=soundfx/environment/cave_droplets_loop.ogg

[event]
# Water dripping
type=event
location=7,59,1,1
activate=on_load
soundfx=soundfx/environment/cave_droplets_loop.ogg

[event]
# Water dripping
type=event
location=21,72,1,1
activate=on_load
soundfx=soundfx/environment/cave_droplets_loop.ogg

[event]
# River sound
type=event
location=24,69,1,1
activate=on_load
soundfx=soundfx/environment/river_loop.ogg

[event]
# to Lake Kuuma
type=event
location=78,6,1,2
activate=on_trigger
hotspot=location
intermap=maps/lake_kuuma.txt,49,105
tooltip=Lake Kuuma

[event]
# Barrel
type=event
location=51,67,1,1
activate=on_trigger
hotspot=location
loot=loot/level_5.txt
mapmod=object,51,67,178
repeat=false
soundfx=soundfx/wood_open.ogg
tooltip=Barrel

[event]
# Crate
type=event
location=24,46,1,1
activate=on_trigger
hotspot=location
loot=loot/level_5.txt
mapmod=object,24,46,179
repeat=false
soundfx=soundfx/wood_open.ogg
tooltip=Crate

[event]
# to Abandoned Mines
type=event
location=1,43,1,2
activate=on_trigger
hotspot=location
intermap=maps/abandoned_mines.txt,76,71
tooltip=Abandoned Mines

[enemy]
type=enemy
location=30,4,20,16
category=undead
level=5
number=4,5

[enemy]
type=enemy
location=29,24,9,13
category=undead
level=5
number=3,4

[enemy]
type=enemy
location=10,22,7,6
category=goblin
level=5
number=2

[enemy]
type=enemy
location=6,4,18,9
category=dungeon
level=5
number=4

[enemy]
type=enemy
location=45,27,13,10
category=undead
level=5
number=3,4

[enemy]
type=enemy
location=62,40,9,8
category=dungeon
level=5
number=3

[enemy]
type=enemy
location=46,48,8,5
category=dungeon
level=5
number=2,3

[enemy]
type=enemy
location=62,60,10,11
category=dungeon
level=5
number=3,4

[enemy]
type=enemy
location=48,60,7,13
category=dungeon
level=5
number=2,3

[enemy]
type=enemy
location=23,44,15,6
category=undead
level=5
number=3

[enemy]
type=enemy
location=27,60,13,9
category=undead
level=5
number=3

[enemy]
type=enemy
location=9,60,13,9
category=undead
level=5
number=3

[enemy]
type=enemy
location=8,50,6,9
category=undead
level=5
number=2

[enemy]
type=enemy
location=4,26,3,7
category=goblin
level=5
number=2,3

