[header]
width=100
height=100
tilewidth=64
tileheight=32
orientation=isometric
background_color=0,0,0,255
hero_pos=87,97
music=music/forest_theme.ogg
tileset=tilesetdefs/tileset_grassland.txt
title=Black Oak Farm

[tilesets]
tileset=../../../tiled/grassland/tiled_collision.png,64,32,0,0
tileset=../../../tiled/grassland/grassland.png,64,128,0,0
tileset=../../../tiled/grassland/grassland_water.png,64,64,0,32
tileset=../../../tiled/grassland/grassland_structures.png,64,256,0,0
tileset=../../../tiled/grassland/grassland_trees.png,128,256,-32,0
tileset=../../../tiled/grassland/set_rules.png,64,32,0,0
tileset=../../../tiled/grassland/tiled_grassland_2x2.png,128,64,0,16
tileset=../../../tiled/grassland/rottentower.png,358,358,0,48

[layer]
type=background
data=
0,0,0,0,0,0,0,0,0,0,0,19,16,144,178,179,176,177,178,179,176,177,178,146,0,0,0,0,0,0,0,0,0,0,0,0,0,0,0,0,0,0,0,0,0,0,0,0,0,0,0,0,0,0,0,0,0,0,0,0,0,0,0,0,0,0,0,0,0,0,0,0,0,0,0,0,0,0,0,0,0,0,0,0,0,0,0,0,0,0,0,0,0,0,0,0,0,0,0,0,
0,0,0,0,0,0,0,0,0,0,0,23,20,148,182,183,180,181,182,183,180,181,182,146,0,0,0,0,0,0,0,0,0,0,0,0,0,0,0,0,0,0,0,0,0,0,0,0,0,0,0,0,0,0,0,0,0,0,0,0,0,0,0,0,0,0,0,0,0,0,0,0,0,0,0,0,0,0,0,0,0,0,0,0,0,0,0,0,0,0,0,0,0,0,0,0,0,0,0,0,
0,0,0,0,0,0,0,0,0,0,0,27,24,159,163,187,184,185,186,187,184,185,186,146,0,0,0,0,0,0,0,0,0,0,0,0,0,0,0,0,0,0,0,0,0,0,0,0,0,0,0,0,0,0,0,0,0,0,0,0,0,0,19,16,17,18,19,16,17,18,19,0,0,0,0,0,0,0,0,0,0,0,0,0,0,0,0,0,0,0,0,0,0,0,0,0,0,0,0,0,
0,0,0,0,0,0,0,0,0,0,0,31,28,29,148,191,188,189,190,191,188,189,190,150,0,0,0,0,0,0,0,0,0,0,0,0,0,0,0,0,0,0,0,0,0,0,0,0,0,22,23,20,0,0,0,0,21,22,23,20,21,22,23,20,21,22,23,20,21,22,23,20,21,0,0,0,0,0,0,0,0,0,0,0,0,0,0,0,0,0,0,0,0,0,0,0,0,0,0,0,
0,0,0,0,0,0,0,0,0,0,0,0,16,17,144,179,176,177,178,179,176,177,178,146,25,26,27,24,25,26,0,0,0,0,27,24,25,0,0,0,0,0,0,24,25,26,27,24,25,26,27,24,25,26,27,24,25,26,27,24,25,26,27,24,25,26,27,24,25,26,27,24,25,26,0,0,0,0,0,0,0,0,0,0,0,0,0,0,0,0,0,0,0,0,0,0,0,0,0,0,
0,0,0,0,0,0,0,0,0,0,0,0,20,21,148,183,180,181,182,183,180,181,182,150,29,30,31,28,29,30,31,28,29,30,31,28,29,0,0,0,0,0,31,28,29,30,31,28,29,30,31,28,29,30,31,28,29,30,31,28,29,30,31,28,29,30,31,28,29,30,31,28,29,30,31,0,0,0,0,0,0,0,0,0,0,0,0,0,0,0,0,0,0,0,0,0,0,0,0,0,
0,0,0,0,0,0,0,0,0,0,0,0,24,25,144,187,184,185,186,187,184,185,186,146,17,18,19,16,17,18,19,16,17,18,19,16,17,18,19,16,17,18,19,16,17,18,19,16,17,18,19,16,17,18,19,16,17,18,19,47,35,47,19,16,17,18,19,16,17,18,19,16,17,18,19,16,0,0,0,0,0,0,0,0,0,0,0,0,0,0,0,0,0,0,0,0,0,0,0,0,
0,0,0,0,0,0,0,0,0,0,0,0,28,29,155,163,188,189,190,191,188,189,166,154,21,22,23,20,21,22,23,20,21,22,23,20,21,22,23,20,21,22,23,20,21,39,47,20,21,22,23,20,21,22,23,20,42,32,36,42,21,22,23,20,21,22,23,20,21,22,23,20,21,22,23,20,21,0,0,0,0,0,0,0,0,0,0,0,0,0,0,0,0,0,0,0,0,0,0,0,
0,0,0,0,0,0,0,0,0,0,0,0,16,17,18,159,163,177,178,179,176,177,150,24,25,26,27,24,25,26,27,24,25,26,27,24,25,26,27,24,25,26,27,45,43,36,27,24,25,26,27,24,25,26,27,43,46,32,27,24,25,26,27,24,25,26,27,24,25,26,27,24,25,26,27,24,25,26,0,0,0,0,0,0,0,0,0,0,0,0,0,0,0,0,0,0,0,0,0,0,
20,21,22,23,20,21,22,23,0,0,0,0,0,21,22,23,155,167,182,183,180,181,146,28,29,30,31,28,29,30,31,28,0,0,0,238,29,30,31,28,29,30,42,39,29,30,31,28,29,30,31,28,29,30,31,28,29,30,31,28,29,30,31,156,149,149,145,145,157,30,31,28,29,30,41,28,29,30,31,0,0,0,0,0,0,0,0,0,0,0,0,0,0,0,0,0,0,0,0,0,
24,25,26,27,24,25,26,27,24,0,0,0,0,0,26,27,24,148,186,187,184,185,161,153,17,18,19,16,17,18,19,16,0,0,0,237,17,18,19,16,17,44,35,16,17,18,19,16,17,18,19,16,17,18,19,16,17,18,19,16,156,149,149,164,184,185,186,187,161,149,153,16,17,18,33,32,17,18,19,16,0,0,0,0,0,0,0,0,0,0,0,0,0,0,0,0,0,0,0,0,
28,29,30,31,28,29,30,31,28,29,0,0,0,0,0,31,28,144,190,191,188,189,190,165,153,22,23,20,21,22,23,20,0,0,0,236,21,22,23,20,21,34,23,20,21,22,23,20,21,152,149,149,149,145,145,153,21,22,23,20,144,189,190,191,188,189,190,191,188,189,161,145,153,22,23,39,38,22,23,20,21,0,0,0,0,0,0,0,0,0,0,0,0,0,0,0,0,0,0,0,
16,17,18,19,16,17,18,19,16,17,18,0,0,0,0,19,16,144,178,179,176,177,178,179,146,26,27,24,25,26,27,24,232,233,234,235,25,26,27,24,44,26,27,24,25,26,27,24,152,160,178,179,176,177,178,165,149,149,145,145,160,177,178,179,176,177,178,179,176,177,178,179,161,157,27,24,37,37,27,24,25,26,0,0,0,0,0,0,0,0,0,0,0,0,0,0,0,0,0,0,
20,21,22,23,20,21,22,23,20,21,22,23,0,0,0,23,20,148,182,183,180,181,182,183,165,153,31,28,29,30,31,28,29,30,31,28,29,30,31,32,41,30,31,28,29,30,31,152,160,181,182,183,180,181,182,183,180,181,182,183,180,181,182,183,180,181,182,183,180,181,182,183,180,165,153,28,29,30,31,28,29,30,31,0,0,0,0,0,0,0,0,0,0,0,0,0,0,0,0,0,
0,0,0,0,0,0,26,27,24,25,26,27,24,0,0,27,24,155,167,187,184,185,186,187,184,165,157,16,17,18,19,16,17,18,19,16,17,18,43,39,17,18,19,16,17,18,156,164,184,185,186,187,184,185,186,187,184,185,186,187,184,185,186,187,184,185,186,187,184,185,186,187,184,185,150,16,17,18,19,16,17,18,19,0,0,0,0,0,0,0,0,0,0,0,0,0,0,0,0,0,
0,0,0,0,0,0,30,31,28,29,30,31,28,0,0,31,28,29,148,191,188,189,190,191,188,189,146,20,21,22,23,20,21,22,23,36,34,33,23,20,21,22,23,20,21,156,160,191,188,189,190,191,188,189,190,191,188,189,190,191,188,189,190,191,188,189,190,191,188,189,190,191,188,189,161,157,21,22,23,20,21,22,23,20,0,0,0,0,0,0,0,0,0,0,0,0,0,0,0,0,
0,0,0,0,0,0,18,19,16,17,18,19,16,0,0,0,16,17,159,167,176,177,178,179,176,177,165,153,25,26,27,24,25,26,27,24,25,26,27,24,25,26,27,24,25,144,178,179,176,177,178,179,176,177,178,179,176,177,178,179,176,177,178,179,176,177,178,179,176,177,178,179,176,177,178,165,157,26,27,24,25,26,27,24,0,0,0,0,0,0,0,0,0,0,0,0,0,0,0,0,
0,0,0,0,0,0,0,23,20,21,22,23,20,0,0,0,20,21,22,159,151,163,182,183,180,181,182,161,157,30,31,28,29,30,31,28,29,30,31,28,29,30,31,28,29,144,182,183,180,181,182,183,180,181,182,166,151,151,151,147,147,147,151,151,151,151,147,151,147,167,182,183,180,181,182,183,165,153,31,28,29,30,31,28,29,0,0,0,0,0,0,0,0,0,0,0,0,0,0,0,
0,0,0,0,0,0,0,27,24,25,26,27,24,0,0,0,0,25,26,27,24,159,167,187,184,185,186,187,165,157,19,16,17,18,19,16,17,18,19,16,17,18,19,16,156,160,186,187,184,185,186,187,184,185,166,158,17,18,19,16,17,18,19,16,17,18,19,16,17,159,151,163,184,185,186,187,184,150,19,16,17,18,19,16,17,0,0,0,0,0,0,0,0,0,0,0,0,0,0,0,
0,0,0,0,0,0,0,31,28,29,30,31,28,29,0,0,0,0,0,31,28,29,159,167,188,189,190,191,188,161,149,153,21,22,23,20,21,22,23,20,21,22,23,156,164,189,190,191,188,189,190,191,188,162,158,20,21,22,23,20,21,22,23,20,21,22,23,20,21,22,23,159,147,167,190,191,188,165,157,20,21,22,23,20,21,22,0,0,0,0,0,0,0,0,0,0,0,0,0,0,
0,0,0,0,0,0,0,19,16,17,18,19,16,17,0,0,0,0,0,0,16,17,18,148,176,177,178,179,176,177,178,150,25,26,27,24,25,26,27,24,25,26,152,164,176,177,178,179,176,177,178,179,162,154,27,24,25,26,27,24,25,26,27,24,25,26,27,24,25,26,27,24,25,159,167,179,176,177,146,24,25,26,27,24,25,26,0,0,0,0,0,0,0,0,0,0,0,0,0,0,
0,0,0,0,0,0,0,23,20,21,22,23,20,21,0,0,0,0,0,0,0,21,22,148,180,181,182,183,180,181,182,165,153,30,31,28,29,30,31,28,156,149,160,183,180,181,182,183,180,181,182,183,146,30,31,28,29,30,31,28,29,30,31,28,29,30,31,28,29,30,31,28,29,30,155,167,180,181,165,157,29,30,31,28,29,30,31,0,0,0,0,0,0,0,0,0,0,0,0,0,
0,0,0,0,0,0,0,0,24,25,26,27,24,25,26,27,24,0,0,0,0,25,26,144,184,185,186,187,184,185,186,187,165,145,145,145,193,193,145,145,164,185,186,187,184,185,186,187,184,185,186,162,154,18,19,16,17,18,19,16,17,18,19,16,17,18,19,16,17,18,19,16,17,18,19,148,184,185,186,146,17,18,19,16,17,18,19,0,0,0,0,0,0,0,0,0,0,0,0,0,
0,0,0,0,0,0,0,0,28,29,30,31,28,29,30,31,28,29,30,31,28,29,30,155,163,189,190,191,188,189,190,191,188,189,190,191,203,203,190,191,188,189,190,191,188,189,190,191,188,189,190,146,21,22,23,20,21,22,23,20,21,22,23,20,21,22,23,20,21,22,23,20,21,22,23,155,163,189,190,150,21,22,23,20,21,22,23,0,0,0,0,0,0,0,0,0,0,0,0,0,
0,0,0,0,0,0,0,0,16,17,18,19,16,17,18,19,16,17,18,19,16,17,18,19,155,167,178,179,176,177,178,179,176,177,178,179,203,203,178,179,176,177,178,179,176,177,178,179,176,177,178,150,25,26,27,24,25,26,27,24,25,26,27,24,34,34,27,24,25,26,27,24,25,26,27,24,159,167,178,161,153,26,27,24,25,26,27,24,0,0,0,0,0,0,0,0,0,0,0,0,
0,0,0,0,0,0,0,0,20,21,22,23,20,21,22,23,20,21,22,23,20,21,22,23,20,155,151,167,180,181,182,183,180,181,182,183,203,203,182,183,180,181,182,183,180,181,182,183,180,181,182,146,29,30,31,28,29,30,31,28,29,30,31,35,44,33,35,38,41,39,33,28,29,30,31,28,29,159,147,151,154,30,31,28,29,30,31,28,0,0,0,0,0,0,0,0,0,0,0,0,
0,0,0,0,0,0,0,0,24,25,26,27,24,25,26,27,24,25,26,27,24,25,26,27,24,25,26,155,167,185,186,187,184,185,186,187,197,197,186,187,184,185,186,187,184,185,186,187,184,185,186,146,17,18,19,16,17,18,19,16,17,18,41,35,17,18,19,16,17,18,40,47,17,18,19,16,17,18,19,16,17,18,19,16,17,18,19,16,17,0,0,0,0,0,0,0,0,0,0,0,
0,0,0,0,0,0,0,0,28,29,30,31,28,29,30,31,28,29,30,31,47,29,30,31,28,29,30,31,155,163,190,191,188,189,190,191,188,189,190,191,188,189,190,191,188,189,190,191,188,189,166,158,21,22,23,20,21,22,23,20,21,22,35,38,21,22,23,20,21,22,23,33,40,22,23,20,21,22,23,20,21,22,23,20,21,22,23,20,21,22,0,0,0,0,0,0,0,0,0,0,
0,0,0,0,0,0,0,0,16,17,18,19,16,17,18,19,16,17,18,19,45,42,18,19,16,17,18,19,16,155,163,179,176,177,178,179,176,177,178,179,176,177,178,179,176,177,178,179,162,147,154,24,25,26,27,24,25,26,27,24,25,26,35,35,25,26,27,24,25,26,27,24,45,41,38,24,25,26,27,24,25,26,27,24,25,26,27,24,25,26,0,0,0,0,0,0,0,0,0,0,
0,0,0,0,0,0,0,0,20,21,22,23,20,21,22,23,20,21,22,23,20,21,45,37,20,21,22,23,20,21,155,163,180,181,182,183,180,181,182,183,180,181,182,183,180,166,151,147,154,30,31,28,29,30,31,28,29,30,31,28,29,30,31,28,29,30,31,28,29,30,31,28,29,30,47,44,41,35,34,36,29,40,32,35,29,30,31,28,29,30,31,0,0,0,0,0,0,0,0,0,
0,0,0,0,0,0,0,0,24,25,26,27,24,25,26,27,24,25,26,27,24,25,26,34,44,25,26,27,24,25,26,155,167,185,186,187,184,185,186,187,184,185,186,187,184,150,19,16,17,18,19,16,17,18,19,16,17,18,19,16,17,18,19,16,17,18,19,16,17,18,19,16,17,18,19,16,44,32,19,41,35,39,19,16,17,18,19,16,17,18,19,0,0,0,0,0,0,0,0,0,
0,0,0,0,0,0,0,31,28,29,30,31,28,29,30,31,28,29,30,31,28,29,30,31,35,29,30,31,28,29,30,31,159,167,190,191,188,189,190,191,188,189,190,191,166,158,23,20,21,22,23,20,21,22,23,20,21,22,23,20,21,22,23,20,21,22,23,20,21,22,23,20,21,22,23,20,21,22,23,20,21,22,23,20,21,22,23,20,21,22,23,0,0,0,0,0,0,0,0,0,
0,0,0,0,0,0,0,19,16,17,18,19,16,17,18,19,16,17,18,19,16,17,18,19,16,35,18,19,16,17,18,19,16,148,178,179,176,177,178,179,176,177,178,179,146,26,27,24,25,26,27,24,25,26,27,24,25,26,27,24,25,26,27,24,25,26,27,24,25,26,27,24,25,26,27,24,25,26,27,45,25,26,27,24,25,44,45,24,25,26,27,0,0,0,0,0,0,0,0,0,
0,0,0,0,0,0,0,23,20,21,22,23,20,21,22,23,20,0,0,0,0,0,22,23,20,21,22,23,20,21,22,23,20,144,182,183,180,181,182,183,180,181,182,162,158,30,31,28,29,30,31,28,29,30,31,28,29,30,31,28,29,30,31,28,29,30,31,28,29,30,31,28,29,30,31,28,29,30,31,28,29,30,31,28,29,30,31,46,29,30,31,28,0,0,0,0,0,0,0,0,
0,0,0,0,0,0,0,27,24,25,26,27,24,25,26,27,24,0,0,0,0,0,0,27,24,25,26,27,24,25,26,27,152,160,186,187,184,185,186,187,184,185,186,146,17,18,19,16,17,18,19,16,17,18,19,16,17,18,19,16,17,18,19,16,17,18,19,16,17,18,19,16,17,18,19,16,17,18,19,16,17,18,19,16,17,18,19,44,17,18,19,16,0,0,0,0,0,0,0,0,
0,0,0,0,0,0,0,31,28,29,30,31,28,29,30,31,28,0,0,0,0,0,0,0,0,29,30,31,28,29,30,31,155,163,190,191,188,189,190,191,188,189,190,146,21,22,23,20,21,22,23,20,21,22,23,20,21,22,23,20,21,22,23,20,21,22,23,20,21,22,23,20,21,22,23,20,21,22,23,20,21,22,23,20,21,22,23,41,34,22,23,20,0,0,0,0,0,0,0,0,
0,0,0,0,0,0,0,19,16,17,18,19,16,17,18,19,16,0,0,0,0,0,0,0,0,0,18,19,16,17,18,19,16,155,167,179,176,177,178,179,176,177,178,146,25,26,27,24,25,26,27,24,25,26,27,24,25,26,27,24,25,26,27,24,25,26,27,24,25,26,27,24,25,26,27,24,25,26,27,24,25,26,27,24,25,26,27,24,25,26,27,24,0,0,0,0,0,0,0,0,
0,0,0,0,0,0,22,23,20,21,22,23,20,21,22,23,20,0,0,0,0,0,0,0,0,0,22,23,20,21,22,23,20,21,148,183,180,181,182,183,180,181,182,146,29,30,31,28,29,30,31,28,29,30,31,28,29,30,31,28,29,30,31,28,29,30,31,28,29,30,31,28,29,30,31,28,29,30,0,0,0,0,31,28,29,30,31,28,29,30,31,28,0,0,0,0,0,0,0,0,
0,0,0,0,0,0,26,27,24,25,26,27,24,25,26,27,24,0,0,0,0,0,0,0,0,0,26,27,24,25,26,27,24,25,144,187,184,185,186,187,184,185,186,146,17,18,19,16,17,18,19,16,17,18,19,16,17,18,19,16,17,18,19,16,17,18,19,16,17,18,19,16,17,18,19,16,17,0,0,0,0,0,19,16,17,18,19,16,17,18,19,16,0,0,0,0,0,0,0,0,
0,0,0,0,0,0,30,31,28,29,30,31,28,29,30,31,28,0,0,0,0,0,0,0,0,0,30,31,28,29,30,43,28,29,159,167,188,189,190,191,188,189,190,146,21,22,23,20,21,22,23,20,21,22,23,20,21,22,23,20,21,22,23,20,21,22,23,20,21,22,23,20,21,22,23,20,21,0,0,0,0,0,0,20,21,22,23,20,21,22,23,20,0,0,0,0,0,0,0,0,
0,0,0,0,0,0,18,19,16,17,18,19,16,17,18,19,16,0,0,0,0,0,0,0,0,0,18,19,16,17,18,33,16,17,18,148,176,177,178,179,176,177,178,150,25,26,27,24,25,26,27,24,25,26,27,24,25,26,27,24,25,26,27,24,25,26,27,24,25,26,27,24,25,26,27,24,25,0,0,0,0,0,0,24,25,26,27,24,25,26,27,24,25,0,0,0,0,0,0,0,
0,0,0,0,0,0,22,23,20,21,22,23,20,21,22,23,20,21,0,0,0,0,0,0,0,21,22,23,20,21,22,35,34,21,22,192,206,196,182,183,198,202,202,194,29,45,47,43,29,30,31,38,29,38,41,28,29,30,31,28,29,30,31,28,29,30,31,28,29,30,31,28,29,30,31,28,29,0,0,0,0,0,0,0,29,30,31,28,39,30,31,28,29,0,0,0,0,0,0,0,
0,0,0,0,0,0,0,27,24,25,26,27,24,25,26,27,24,25,0,0,0,0,0,0,0,25,26,27,24,25,26,27,36,25,26,144,184,185,186,187,184,185,186,150,17,18,19,16,38,43,19,47,42,33,19,16,17,18,19,16,17,18,19,16,17,18,19,16,17,18,19,16,17,18,19,16,17,0,0,0,0,0,0,0,17,18,19,16,32,43,19,16,17,18,0,0,0,0,0,0,
0,0,0,0,0,0,0,31,28,29,30,31,28,29,30,31,28,29,0,0,0,0,0,0,0,29,30,31,28,29,30,31,35,37,30,159,167,189,190,191,188,189,190,146,21,22,23,20,21,36,42,20,21,22,23,20,21,22,23,20,21,22,23,20,21,22,23,20,21,22,23,20,21,22,23,20,21,0,0,0,0,0,0,0,21,22,23,20,21,38,23,20,21,22,0,0,0,0,0,0,
0,0,0,0,0,0,0,0,16,17,18,19,16,17,18,19,16,17,18,0,0,0,0,0,16,17,18,19,16,17,18,19,16,32,18,19,148,177,178,179,176,177,178,146,25,26,27,24,25,26,27,24,25,26,27,24,25,26,27,24,25,26,27,24,25,26,27,24,25,26,27,24,25,26,27,24,25,0,0,0,0,0,0,0,25,26,27,24,25,37,43,24,25,26,0,0,0,0,0,0,
0,0,0,0,0,0,0,0,0,21,22,23,20,21,22,23,20,21,22,23,0,0,0,0,20,21,22,23,20,21,22,23,20,34,22,23,148,181,182,183,180,181,182,146,29,30,31,28,29,30,31,28,29,30,31,28,29,30,31,28,29,30,31,28,29,30,31,28,29,30,31,28,29,30,31,28,29,30,0,0,0,0,0,0,29,30,31,28,29,30,32,28,29,30,0,0,0,0,0,0,
0,0,0,0,0,0,0,0,0,0,0,27,24,25,26,27,24,25,26,27,24,25,26,27,24,25,26,27,24,25,26,27,24,47,42,27,159,167,186,187,184,185,186,165,153,18,19,16,17,18,19,16,17,18,19,16,17,18,19,16,17,18,19,16,17,18,19,16,17,18,19,16,17,18,19,16,17,18,0,0,0,0,0,0,0,18,19,16,17,18,46,16,17,18,0,0,0,0,0,0,
0,0,0,0,0,0,0,0,0,0,0,31,28,29,30,31,28,29,30,31,28,29,30,31,28,29,30,31,28,29,30,31,28,29,32,31,28,159,163,191,188,189,190,191,146,22,23,20,21,22,23,20,21,22,23,20,21,22,23,20,21,22,23,20,21,22,23,20,21,22,23,20,21,22,23,20,21,22,0,0,0,0,0,0,0,0,23,20,21,35,45,20,21,22,0,0,0,0,0,0,
0,0,0,0,0,0,0,0,0,0,0,19,16,17,18,19,16,17,18,19,16,17,18,19,16,17,18,19,16,17,18,19,16,17,41,19,16,17,144,179,176,177,178,179,161,157,27,24,25,26,27,24,25,26,27,24,25,26,27,24,25,26,27,24,25,26,27,24,25,26,27,24,25,26,27,24,25,26,0,0,0,0,0,0,0,0,27,24,25,33,47,24,25,0,0,0,0,0,0,0,
0,0,0,0,0,0,0,0,0,0,0,0,20,21,22,23,20,21,22,23,20,21,22,23,20,21,22,23,20,21,22,23,20,21,47,23,20,21,144,183,180,181,182,183,180,161,153,28,29,30,31,28,29,30,31,28,29,30,31,28,29,30,31,28,29,30,31,28,29,30,31,28,29,30,31,28,29,30,31,0,0,0,0,0,0,0,31,28,29,30,31,28,29,0,0,0,0,0,0,0,
0,0,0,0,0,0,0,0,0,0,0,0,24,25,26,27,24,25,26,27,24,25,26,27,24,25,26,27,24,25,26,27,24,25,32,27,24,25,148,187,184,185,186,187,184,185,165,157,17,18,19,16,17,18,19,16,17,18,19,16,17,18,19,16,17,18,19,16,17,18,19,16,17,18,19,16,17,18,19,16,0,0,0,0,0,0,19,16,17,18,19,16,17,0,0,0,0,0,0,0,
0,0,0,0,0,0,0,0,0,0,0,0,28,29,30,31,28,29,30,31,28,29,30,31,28,29,30,31,28,29,30,31,28,29,39,36,28,29,155,167,188,189,190,191,188,189,190,150,21,22,23,20,21,22,23,20,21,22,23,20,21,22,23,20,21,22,23,20,21,22,23,20,21,22,23,20,21,22,23,20,0,0,0,0,0,0,23,20,21,22,23,20,21,0,0,0,0,0,0,0,
0,0,0,0,0,0,0,0,0,0,0,0,16,17,18,19,16,17,18,19,16,17,18,19,16,17,18,19,16,17,18,19,16,17,18,47,16,17,18,144,176,177,178,179,176,177,178,165,157,26,27,24,25,26,27,24,25,26,27,24,25,26,27,24,25,26,27,24,25,26,27,24,25,26,27,24,25,26,27,24,0,0,0,0,0,0,27,24,25,26,27,24,25,0,0,0,0,0,0,0,
0,0,0,0,0,0,0,0,0,0,0,0,20,21,22,23,20,21,22,23,20,21,22,23,20,21,22,23,20,21,22,23,20,21,22,39,20,21,22,159,163,181,182,183,180,181,182,183,150,30,31,28,29,30,31,28,29,30,31,28,29,30,31,28,29,30,31,28,29,30,31,28,29,30,31,28,29,30,31,28,0,0,0,0,0,0,31,28,29,30,31,28,29,30,0,0,0,0,0,0,
0,0,0,0,0,0,0,0,0,0,0,27,24,25,26,27,24,25,26,0,0,0,26,27,24,25,26,27,24,25,26,27,24,25,45,32,24,25,26,27,155,163,186,187,184,185,186,187,161,153,19,16,17,18,19,16,17,18,19,16,17,18,19,16,17,18,19,16,17,18,19,16,17,18,19,16,17,18,19,16,17,0,0,0,0,18,19,16,17,18,19,16,17,18,0,0,0,0,0,0,
0,0,0,0,0,0,0,0,0,0,0,31,28,29,30,31,28,29,30,0,0,0,0,0,28,29,30,31,28,29,30,31,28,29,34,31,28,29,30,31,28,159,167,191,188,189,190,191,188,165,157,20,21,22,23,20,21,22,23,20,21,22,23,20,21,22,23,20,21,22,23,20,21,22,23,20,21,22,23,20,21,22,23,20,21,22,23,20,21,22,23,20,21,22,0,0,0,0,0,0,
0,0,0,0,0,0,0,0,0,0,0,0,16,17,18,19,16,17,18,0,0,0,0,0,0,0,18,19,16,17,18,19,16,36,45,19,16,17,18,19,16,17,148,179,176,177,178,179,176,177,161,153,25,26,27,24,25,26,27,24,25,26,27,24,25,26,27,24,25,26,27,24,25,26,27,24,25,26,27,24,25,26,27,24,25,26,27,24,25,26,27,24,25,26,0,0,0,0,0,0,
0,0,0,0,0,0,0,0,0,0,0,0,0,21,22,23,20,21,22,23,0,0,0,0,0,0,0,23,20,21,22,23,20,42,22,23,20,21,22,23,20,21,144,183,180,181,182,183,180,181,182,165,157,30,31,28,29,30,31,28,29,30,31,28,29,30,31,28,29,30,31,28,29,30,31,28,29,30,31,28,29,30,31,28,29,30,47,41,29,30,31,28,29,30,0,0,0,0,0,0,
0,0,0,0,0,0,0,0,0,0,0,0,0,25,26,27,24,25,26,27,0,0,0,0,0,0,0,27,24,25,26,27,24,41,26,27,24,25,26,27,24,25,159,163,184,185,186,187,184,185,186,187,165,153,19,16,17,18,19,16,17,18,19,16,17,18,19,16,17,18,19,16,17,18,19,16,17,18,19,16,17,18,19,16,38,43,36,47,17,18,19,16,17,0,0,0,0,0,0,0,
0,0,0,0,0,0,0,0,0,0,0,0,0,29,30,31,28,29,30,31,0,0,0,0,0,0,0,31,28,29,30,31,43,37,30,31,28,29,30,31,28,29,30,159,167,189,190,191,188,189,190,191,188,165,153,20,21,22,23,20,21,22,23,20,21,22,23,20,21,22,23,20,21,22,23,20,21,22,23,20,21,43,38,33,42,32,40,45,21,22,23,20,21,0,0,0,0,0,0,0,
0,0,0,0,0,0,0,0,0,0,0,0,0,0,18,19,16,17,18,19,16,17,0,0,0,0,0,0,16,17,18,38,40,17,18,19,16,17,18,19,16,17,18,19,155,163,178,179,176,177,178,179,176,177,165,157,25,26,27,24,25,26,27,24,25,26,27,24,25,26,27,24,25,26,27,24,25,26,27,24,25,42,44,39,25,26,27,24,25,26,27,24,0,0,0,0,0,0,0,0,
0,0,0,0,0,0,0,0,0,0,0,0,0,0,22,23,20,21,22,23,20,21,0,0,0,0,0,0,20,21,32,42,20,21,22,23,20,21,22,23,20,21,22,23,20,155,167,183,180,181,182,183,180,181,182,165,157,30,31,28,29,30,31,28,29,30,31,28,29,30,31,28,29,30,31,28,29,30,44,41,34,45,31,28,29,30,31,28,29,30,31,0,0,0,0,0,0,0,0,0,
0,0,0,0,0,0,0,0,0,0,0,0,0,0,26,27,24,25,26,27,24,25,0,0,0,0,0,0,24,25,46,27,24,25,26,27,24,25,26,27,24,25,26,27,24,25,155,167,184,185,186,187,184,185,186,187,146,18,19,16,17,18,19,16,17,18,19,16,17,18,19,16,17,18,19,16,17,18,19,16,17,18,19,16,17,18,19,16,17,18,0,0,0,0,0,0,0,0,0,0,
0,0,0,0,0,0,0,0,0,0,0,0,0,0,30,31,28,29,30,31,28,29,0,0,0,0,0,31,28,45,35,31,28,29,30,31,28,29,30,31,28,29,30,31,28,29,30,155,163,189,190,191,188,189,190,191,165,157,23,20,21,22,23,20,21,22,23,20,21,22,23,20,21,22,23,20,21,22,23,20,21,22,23,20,21,22,23,20,21,0,0,0,0,0,0,0,0,0,0,0,
0,0,0,0,0,0,0,0,0,0,0,0,0,0,0,19,16,17,18,19,16,17,18,0,0,0,0,19,16,35,18,19,16,17,18,19,16,17,18,19,16,17,18,19,16,17,18,19,159,163,178,179,176,177,178,179,176,161,153,24,25,26,27,24,25,26,27,24,25,26,27,24,25,26,27,24,25,26,27,24,25,26,27,24,25,26,27,24,0,0,0,0,0,0,0,0,0,0,0,0,
0,0,0,0,0,0,0,0,0,0,0,0,0,0,0,0,20,21,22,23,20,21,22,23,0,0,0,23,20,33,33,23,20,21,22,23,20,21,22,23,20,21,22,23,20,21,22,23,20,148,182,183,180,181,182,183,180,181,146,28,29,30,31,28,29,30,31,28,29,30,31,28,29,30,31,28,29,30,31,28,29,30,31,28,29,30,31,28,0,0,0,0,0,0,0,0,0,0,0,0,
0,0,0,0,0,0,0,0,0,0,0,0,0,0,0,0,0,25,26,27,24,25,26,27,24,25,26,27,24,37,41,27,24,25,26,27,24,25,26,27,24,25,26,27,24,25,26,27,24,144,186,187,184,185,186,187,184,185,146,16,17,18,19,16,17,18,19,16,17,18,19,16,17,18,19,16,17,18,19,16,17,18,19,16,17,18,19,0,0,0,0,0,0,0,0,0,0,0,0,0,
0,0,0,0,0,0,0,0,0,0,0,0,0,0,0,0,0,0,30,31,28,29,30,31,28,29,30,31,28,37,41,31,28,29,30,31,28,29,30,31,28,29,30,31,28,29,30,31,28,159,163,191,188,189,190,191,188,162,154,20,21,22,23,20,21,22,23,20,21,22,23,20,21,22,23,20,21,22,23,20,21,22,23,20,21,22,0,0,0,0,0,0,0,0,0,0,0,0,0,0,
0,0,0,0,0,0,0,0,0,0,0,0,0,0,0,0,0,0,0,19,16,17,18,19,16,17,18,19,16,33,47,19,16,17,18,19,16,17,18,19,16,17,18,19,16,17,18,19,16,17,148,179,176,177,178,179,176,150,27,24,25,26,27,24,25,26,27,24,25,26,27,24,25,26,27,24,25,26,27,24,25,0,0,0,0,0,0,0,0,0,0,0,0,0,0,0,0,0,0,0,
0,0,0,0,0,0,0,0,0,0,0,0,0,0,0,0,0,0,0,23,20,21,22,23,20,21,22,23,20,38,36,23,20,21,22,23,20,21,22,23,20,21,22,23,20,21,22,23,20,21,148,183,180,181,182,183,180,146,31,28,29,30,31,28,29,30,31,28,29,30,31,28,29,30,31,28,29,30,31,0,0,0,0,0,0,0,0,0,0,0,0,0,0,0,0,0,0,0,0,0,
0,0,0,0,0,0,0,0,0,0,0,0,0,0,0,0,0,0,0,27,24,25,26,27,24,25,26,27,24,43,45,27,24,25,26,27,24,25,26,27,24,25,26,27,24,25,26,27,24,25,144,187,184,185,186,187,162,154,19,16,17,18,19,16,17,18,19,16,17,18,19,16,17,18,19,16,17,18,19,0,0,0,0,0,0,0,0,0,0,0,0,0,0,0,0,0,0,0,0,0,
0,0,0,0,0,0,0,0,0,29,30,31,28,29,30,0,0,0,30,31,28,29,30,31,28,29,30,31,28,32,47,31,28,29,30,31,28,29,30,31,28,29,30,31,28,29,30,31,28,29,148,191,188,189,190,191,150,22,23,20,21,22,23,20,21,22,23,20,21,22,23,20,21,22,23,20,21,22,23,0,0,0,0,0,0,0,0,0,0,0,0,0,0,0,0,0,0,0,0,0,
0,0,0,0,0,0,0,0,16,17,18,19,16,17,18,0,0,17,18,19,16,17,18,19,16,17,18,19,16,34,18,19,16,17,18,19,16,17,36,19,16,17,18,19,16,17,18,19,16,17,148,179,176,177,178,179,150,26,27,24,25,26,27,24,25,26,27,24,25,26,27,24,25,26,27,24,25,26,27,0,0,0,0,0,0,0,0,0,0,0,0,0,0,0,0,0,0,0,0,0,
0,0,0,0,0,0,0,23,20,16,17,18,19,21,22,23,20,21,22,23,20,21,22,23,20,21,22,23,20,43,32,23,20,21,22,23,20,21,45,23,20,21,22,23,20,21,22,23,20,21,148,183,180,181,182,183,165,157,31,28,29,30,31,28,29,30,31,28,42,30,31,28,29,30,31,28,29,30,31,28,0,0,0,0,0,0,0,0,0,0,0,0,0,0,0,0,0,0,0,0,
0,0,0,0,0,0,26,27,24,20,21,22,23,25,26,27,24,25,26,27,24,25,26,27,24,25,26,27,24,25,47,27,24,25,26,27,24,25,37,27,24,25,26,27,24,25,26,27,24,152,164,187,184,185,186,187,184,161,153,16,17,18,19,16,17,18,19,16,35,35,19,16,17,18,19,16,17,18,19,16,17,0,0,0,0,0,0,0,0,0,0,0,0,0,0,0,0,0,0,0,
0,0,0,0,0,29,30,31,28,24,25,26,27,29,30,31,28,29,30,31,28,29,30,31,28,29,30,31,28,29,36,34,28,29,30,31,28,41,34,31,28,29,30,31,28,29,30,31,28,148,190,191,188,189,190,191,188,189,150,20,21,22,23,20,21,22,23,20,36,33,23,20,21,22,23,20,21,22,23,20,21,22,0,0,0,0,0,0,0,0,0,0,0,0,0,0,0,0,0,0,
0,0,0,0,16,17,18,19,16,28,29,30,31,17,18,19,16,17,18,19,16,17,18,19,16,17,18,19,16,17,18,36,16,17,18,19,34,37,18,19,16,17,18,19,16,17,18,19,16,148,178,179,176,177,178,179,176,177,150,24,25,26,27,24,25,26,27,24,46,26,44,24,25,26,27,24,25,26,27,24,25,26,27,0,0,0,0,0,0,0,0,0,0,0,0,0,0,0,0,0,
0,0,0,0,20,21,22,23,20,21,22,23,20,21,22,23,20,21,22,23,20,21,22,23,20,21,22,23,20,21,22,34,20,21,40,41,37,44,22,23,20,21,22,23,20,21,22,23,152,164,182,183,180,181,182,183,180,162,158,28,29,30,31,28,29,30,31,28,29,39,46,28,29,30,31,28,29,30,31,28,29,30,31,0,0,0,0,0,0,0,0,0,0,0,0,0,0,0,0,0,
0,0,0,27,24,25,26,27,24,25,26,27,24,25,26,27,24,25,26,27,24,25,26,27,24,25,26,27,24,25,26,41,24,44,38,44,34,25,26,27,24,25,26,27,24,25,26,152,164,185,186,187,184,185,186,187,162,158,19,16,17,18,19,46,17,18,19,16,17,37,40,16,17,18,19,16,17,18,19,16,17,18,19,16,0,0,0,0,0,0,0,0,0,0,0,0,0,0,0,0,
0,0,30,31,28,29,30,31,28,29,30,31,28,29,45,41,35,47,37,31,28,29,30,31,28,47,42,47,43,34,30,40,41,46,45,33,28,29,30,31,28,29,30,31,28,29,156,160,188,189,190,191,188,189,190,191,146,22,23,20,21,22,23,32,21,22,23,20,21,40,32,20,21,22,23,20,21,22,23,20,21,22,23,20,0,0,0,0,0,0,0,0,0,0,0,0,0,0,0,0,
0,0,18,19,16,17,18,19,16,17,18,19,16,42,40,19,16,17,38,47,16,17,18,19,36,45,34,33,42,35,45,44,40,47,42,19,16,17,18,19,16,17,18,19,16,156,160,179,176,177,178,179,176,177,178,162,158,26,27,24,25,26,27,24,45,37,27,46,35,33,32,44,25,26,27,24,25,26,27,24,25,26,27,24,0,0,0,0,0,0,0,0,0,0,0,0,0,0,0,0,
0,0,22,23,20,21,22,23,20,21,22,23,20,21,22,23,20,21,22,42,39,32,46,34,38,37,22,23,20,21,22,23,20,21,22,23,20,21,22,23,20,21,22,152,145,160,182,183,180,181,182,183,180,181,182,150,0,0,31,28,29,30,31,28,29,30,37,42,38,43,34,42,44,38,42,38,45,45,31,28,29,30,31,28,29,0,0,0,0,0,0,0,0,0,0,0,0,0,0,0,
0,0,26,27,24,25,26,27,24,25,26,27,24,25,26,27,24,25,26,27,39,45,44,34,46,25,26,27,24,25,26,27,24,25,26,27,24,25,26,27,24,25,152,160,184,185,186,187,184,185,186,187,184,185,166,154,0,0,0,16,17,18,19,16,17,18,19,16,17,18,19,39,32,32,36,46,40,39,33,44,34,36,45,16,17,18,0,0,0,0,0,0,0,0,0,0,0,0,0,0,
0,0,30,31,28,29,30,31,28,29,30,31,28,29,30,31,28,29,30,31,28,29,30,31,28,29,30,31,28,29,30,31,28,29,30,31,28,29,30,31,28,156,164,191,188,189,190,191,188,189,190,191,188,189,146,0,0,0,0,0,0,22,23,20,21,22,23,20,21,22,23,20,21,22,23,35,45,47,39,40,42,35,42,37,21,22,23,0,0,0,0,0,0,0,0,0,0,0,0,0,
0,0,18,19,16,17,18,19,16,17,18,19,16,17,18,19,16,17,18,19,16,17,18,19,16,17,18,19,16,17,18,19,16,17,18,19,16,17,18,19,152,160,178,179,176,177,178,179,176,177,178,179,176,162,158,0,0,0,0,0,0,0,27,24,25,26,27,24,25,26,27,24,25,26,27,24,25,26,27,38,41,42,45,47,25,26,27,24,0,0,0,0,0,0,0,0,0,0,0,0,
20,21,22,23,20,21,22,23,20,21,22,23,20,21,22,23,20,21,22,23,20,21,22,23,20,21,22,23,20,21,22,23,20,21,22,23,20,21,22,152,160,181,182,183,180,181,182,183,180,181,182,183,162,158,0,0,0,0,0,0,0,0,0,28,29,30,31,28,29,30,31,28,29,30,31,28,29,30,31,28,29,30,31,40,46,30,31,28,29,0,0,0,0,0,0,0,0,0,0,0,
149,149,149,149,149,157,26,27,24,25,26,27,24,25,26,27,24,25,26,27,24,25,26,27,24,25,26,27,24,25,26,27,24,25,26,27,24,156,149,160,184,185,186,187,184,185,186,187,184,185,186,162,158,0,0,0,0,0,0,0,0,0,0,0,0,0,0,0,17,18,19,16,17,18,19,16,17,18,19,16,17,18,19,45,37,18,19,16,17,0,0,0,0,0,0,0,0,0,0,0,
188,189,190,191,188,161,145,149,145,157,30,31,28,29,30,31,28,29,30,31,28,29,30,31,28,29,30,31,28,29,152,149,145,145,149,149,145,160,190,191,188,189,190,191,188,189,190,191,188,189,162,158,0,0,0,0,0,0,0,0,0,0,0,0,0,0,0,0,0,0,0,20,21,22,23,20,21,22,23,20,21,22,23,20,41,22,23,20,21,0,0,0,0,0,0,0,0,0,0,0,
176,177,178,179,176,177,178,179,176,165,149,145,153,17,18,19,16,17,18,19,16,17,18,19,16,17,18,152,149,145,164,179,176,177,178,179,176,177,178,179,176,177,178,179,176,177,178,166,151,151,154,0,0,0,0,0,0,0,0,0,0,0,0,0,0,0,0,0,0,0,0,0,25,26,27,24,25,26,27,24,25,26,27,24,32,36,27,24,25,26,0,0,0,0,0,0,0,0,0,0,
180,181,182,183,180,181,182,183,180,181,182,183,165,145,157,23,20,21,22,23,20,21,22,23,152,145,145,160,180,181,182,183,180,181,182,183,180,181,182,183,180,181,182,166,151,151,147,154,0,0,0,0,0,0,0,0,0,0,0,0,0,0,0,0,0,0,0,0,0,0,0,0,0,30,31,28,29,30,31,28,29,30,31,28,36,40,31,28,29,30,0,0,0,0,0,0,0,0,0,0,
184,185,186,187,184,185,186,187,184,185,186,187,184,185,165,145,153,25,26,156,149,149,149,145,160,185,186,187,184,185,186,187,184,185,186,187,184,185,186,187,184,162,147,154,0,0,0,0,0,0,0,0,0,0,0,0,0,0,0,0,0,0,0,0,0,0,0,0,0,0,0,0,0,0,0,0,0,18,19,16,17,18,19,16,44,39,19,16,17,18,0,0,0,0,0,0,0,0,0,0,
188,189,190,191,188,189,190,191,188,189,190,191,188,189,190,191,161,145,149,160,188,189,190,191,188,189,190,191,188,189,190,191,188,189,190,191,188,189,190,191,166,158,0,0,0,0,0,0,0,0,0,0,0,0,0,0,0,0,0,0,0,0,0,0,0,0,0,0,0,0,0,0,0,0,0,0,0,0,0,0,21,22,23,20,21,39,39,20,21,22,23,0,0,0,0,0,0,0,0,0,
147,167,178,179,176,177,178,179,176,177,178,179,176,177,178,179,176,177,178,179,176,177,178,179,176,177,178,179,176,177,178,179,176,177,178,179,176,177,166,147,154,0,0,0,0,0,0,0,0,0,0,0,0,0,0,0,0,0,0,0,0,0,0,0,0,0,0,0,0,0,0,0,0,0,0,0,0,0,0,0,25,26,27,24,25,42,39,24,25,26,27,0,0,0,0,0,0,0,0,0,
16,155,163,183,180,181,182,183,180,181,182,183,180,181,182,183,180,181,182,183,180,181,182,183,180,181,182,183,180,181,182,183,180,181,182,166,151,151,154,0,0,0,0,0,0,0,0,0,0,0,0,0,0,0,0,0,0,0,0,0,0,0,0,0,0,0,0,0,0,0,0,0,0,0,0,0,0,0,0,0,0,30,31,28,29,33,37,28,29,30,31,0,0,0,0,0,0,0,0,0,
0,16,155,147,167,185,186,187,184,185,186,187,184,185,186,187,184,185,186,187,166,147,147,151,151,151,151,151,151,151,167,147,147,151,147,154,0,0,0,0,0,0,0,0,0,0,0,0,0,0,0,0,0,0,0,0,0,0,0,0,0,0,0,0,0,0,0,0,0,0,0,0,0,0,0,0,0,0,0,0,0,0,19,16,17,18,37,46,17,18,19,0,0,0,0,0,0,0,0,0,
0,0,0,16,155,147,151,147,151,167,190,191,188,189,190,191,188,189,190,166,154,0,0,0,0,0,0,0,0,16,155,0,0,0,0,0,0,0,0,0,0,0,0,0,0,0,0,0,0,0,0,0,0,0,0,0,0,0,0,0,0,0,0,0,0,0,0,0,0,0,0,0,0,0,0,0,0,0,0,0,0,0,0,20,21,22,43,35,21,22,23,0,0,0,0,0,0,0,0,0,
0,0,0,0,0,0,0,0,16,159,147,151,147,147,163,179,176,162,147,154,0,0,0,0,0,0,0,0,0,0,0,0,0,0,0,0,0,0,0,0,0,0,0,0,0,0,0,0,0,0,0,0,0,0,0,0,0,0,0,0,0,0,0,0,0,0,0,0,0,0,0,0,0,0,0,0,0,0,0,0,0,0,0,0,25,26,44,39,25,26,27,0,0,0,0,0,0,0,0,0,
0,0,0,0,0,0,0,0,0,0,0,0,0,16,159,151,151,154,0,0,0,0,0,0,0,0,0,0,0,0,0,0,0,0,0,0,0,0,0,0,0,0,0,0,0,0,0,0,0,0,0,0,0,0,0,0,0,0,0,0,0,0,0,0,0,0,0,0,0,0,0,0,0,0,0,0,0,0,0,0,0,0,0,0,0,30,31,42,44,30,31,0,0,0,0,0,0,0,0,0,
0,0,0,0,0,0,0,0,0,0,0,0,0,0,0,0,0,0,0,0,0,0,0,0,0,0,0,0,0,0,0,0,0,0,0,0,0,0,0,0,0,0,0,0,0,0,0,0,0,0,0,0,0,0,0,0,0,0,0,0,0,0,0,0,0,0,0,0,0,0,0,0,0,0,0,0,0,0,0,0,0,0,0,0,0,0,19,34,36,18,19,0,0,0,0,0,0,0,0,0,
0,0,0,0,0,0,0,0,0,0,0,0,0,0,0,0,0,0,0,0,0,0,0,0,0,0,0,0,0,0,0,0,0,0,0,0,0,0,0,0,0,0,0,0,0,0,0,0,0,0,0,0,0,0,0,0,0,0,0,0,0,0,0,0,0,0,0,0,0,0,0,0,0,0,0,0,0,0,0,0,0,0,0,0,0,0,23,20,21,22,23,0,0,0,0,0,0,0,0,0

[layer]
type=object
data=
0,0,0,0,0,0,0,0,0,0,0,48,0,0,0,0,0,0,0,0,0,0,0,0,50,0,0,0,0,0,0,0,0,0,0,0,0,0,0,0,0,0,0,0,0,0,0,0,0,0,0,0,0,0,0,0,0,0,0,0,0,0,0,0,0,0,0,0,0,0,0,0,0,0,0,0,0,0,0,0,0,0,0,0,0,0,0,0,0,0,0,0,0,0,0,0,0,0,0,0,
0,0,0,0,0,0,0,0,0,0,0,48,248,0,0,0,0,0,0,0,0,0,0,0,50,0,0,0,0,0,0,0,0,0,0,0,0,0,0,0,0,0,0,0,0,0,0,0,0,0,0,0,0,0,0,0,0,0,0,0,0,0,0,0,0,0,0,0,0,0,0,0,0,0,0,0,0,0,0,0,0,0,0,0,0,0,0,0,0,0,0,0,0,0,0,0,0,0,0,0,
0,0,0,0,0,0,0,0,0,0,0,48,0,0,0,0,0,0,0,0,0,0,0,0,54,0,0,0,0,0,0,0,0,0,0,0,0,0,0,0,0,0,0,0,0,0,0,0,0,0,0,0,0,0,0,0,0,0,0,0,0,56,53,53,53,53,53,49,49,53,49,57,0,0,0,0,0,0,0,0,0,0,0,0,0,0,0,0,0,0,0,0,0,0,0,0,0,0,0,0,
0,0,0,0,0,0,0,0,0,0,0,48,255,0,0,0,0,0,0,0,0,0,0,0,54,0,0,0,0,0,0,0,0,0,0,0,0,0,0,0,0,0,0,0,0,0,0,0,60,49,49,53,61,0,0,60,49,53,53,53,53,64,0,0,0,0,249,0,0,0,250,65,53,61,0,0,0,0,0,0,0,0,0,0,0,0,0,0,0,0,0,0,0,0,0,0,0,0,0,0,
0,0,0,0,0,0,0,0,0,0,0,59,71,0,0,0,0,0,0,0,0,0,0,0,65,53,53,49,53,49,61,0,0,60,53,53,49,61,0,0,0,0,60,53,49,49,53,53,68,0,253,0,65,49,49,64,0,249,0,124,0,0,0,252,0,0,0,0,0,0,0,0,0,69,57,0,0,0,0,0,0,0,0,0,0,0,0,0,0,0,0,0,0,0,0,0,0,0,0,0,
0,0,0,0,0,0,0,0,0,0,0,0,52,249,0,121,0,0,0,0,0,0,0,0,0,251,0,0,251,0,69,53,49,64,253,0,0,50,0,0,0,0,52,0,0,248,0,0,0,0,0,0,0,0,248,0,0,0,0,0,0,0,0,0,0,0,0,0,0,0,0,0,0,0,69,61,0,0,0,0,0,0,0,0,0,0,0,0,0,0,0,0,0,0,0,0,0,0,0,0,
0,0,0,0,0,0,0,0,0,0,0,0,48,0,0,0,128,121,0,0,0,0,0,0,0,0,0,0,0,0,0,255,0,0,0,0,0,65,49,53,53,49,68,0,0,0,0,0,127,0,0,0,0,0,0,0,0,0,0,0,0,0,0,0,0,0,0,0,0,0,126,0,0,0,255,69,61,0,0,0,0,0,0,0,0,0,0,0,0,0,0,0,0,0,0,0,0,0,0,0,
0,0,0,0,0,0,0,0,0,0,0,0,52,0,0,0,114,0,0,0,0,0,0,0,0,0,0,0,0,127,0,0,0,0,0,0,0,0,0,253,0,0,251,0,0,0,0,0,0,0,0,0,0,0,0,0,0,0,0,0,0,0,0,0,0,0,0,0,0,0,0,0,0,0,0,0,65,57,0,0,0,0,0,0,0,0,0,0,0,0,0,0,0,0,0,0,0,0,0,0,
0,0,0,0,0,0,0,0,0,0,0,0,48,251,0,0,0,0,0,0,0,0,0,0,0,0,0,0,0,0,0,0,106,107,106,107,130,0,0,0,0,0,0,0,0,0,0,0,0,0,0,0,0,0,0,0,0,0,0,0,0,123,0,0,0,0,0,0,0,0,0,0,0,0,0,0,0,65,57,0,0,0,0,0,0,0,0,0,0,0,0,0,0,0,0,0,0,0,0,0,
49,49,53,49,53,53,49,53,57,0,0,0,59,67,0,0,0,0,0,0,0,0,0,0,247,0,0,0,0,0,0,0,0,0,0,0,109,0,124,0,0,0,0,0,0,0,0,0,0,0,122,0,0,0,0,0,0,0,0,0,0,0,0,0,0,0,0,0,0,241,0,0,0,0,0,0,0,0,69,57,0,0,0,0,0,0,0,0,0,0,0,0,0,0,0,0,0,0,0,0,
92,0,0,0,254,0,0,0,69,61,0,0,0,59,67,0,252,0,0,0,0,0,0,0,0,0,0,0,0,0,0,0,0,0,0,0,108,0,0,0,0,0,0,0,0,0,0,0,0,0,0,0,0,0,0,0,0,0,0,0,0,0,0,0,0,0,0,0,0,0,0,0,0,0,0,0,0,0,0,69,61,0,0,0,0,0,0,0,0,0,0,0,0,0,0,0,0,0,0,0,
92,0,0,0,0,0,0,0,251,69,61,0,0,0,59,71,0,0,0,0,0,0,0,0,0,0,0,0,0,0,252,0,0,0,0,0,0,0,0,0,0,0,0,0,0,0,0,0,0,0,0,0,0,0,0,0,246,0,0,0,0,0,0,0,0,121,0,0,130,0,0,0,0,0,0,0,0,0,0,0,69,57,0,0,0,0,0,0,0,0,0,0,0,0,0,0,0,0,0,0,
92,0,0,0,0,0,0,0,0,0,65,61,0,0,0,48,0,0,0,0,0,0,0,0,0,242,0,0,0,0,0,0,0,0,0,0,0,0,0,0,0,0,0,0,0,0,0,0,240,0,0,0,0,0,0,0,0,0,0,0,0,0,131,0,0,0,0,114,0,0,0,0,0,0,0,0,0,0,0,0,252,65,57,0,0,0,0,0,0,0,0,0,0,0,0,0,0,0,0,0,
92,0,0,0,0,0,0,0,0,0,0,69,57,0,0,48,254,0,120,0,0,0,0,0,0,0,0,0,0,0,122,0,0,93,93,0,0,0,0,0,0,0,0,0,0,0,0,0,0,0,0,129,0,130,115,0,0,0,115,0,0,0,0,121,0,0,0,0,0,0,0,0,0,0,0,0,0,0,0,0,0,0,69,57,0,0,0,0,0,0,0,0,0,0,0,0,0,0,0,0,
55,55,55,55,55,55,67,0,0,0,0,0,65,61,0,52,123,0,0,0,0,0,0,0,0,0,0,0,0,0,0,0,0,0,0,0,0,0,0,0,0,0,0,0,0,0,0,0,115,0,0,0,0,0,0,0,0,0,0,0,0,0,0,0,0,0,0,0,0,0,114,0,0,121,0,0,0,0,0,0,0,0,0,54,0,0,0,0,0,0,0,0,0,0,0,0,0,0,0,0,
0,0,0,0,0,0,52,0,0,0,0,0,254,54,0,48,0,0,0,0,0,0,0,0,0,0,0,0,0,0,0,0,0,0,0,0,0,0,0,0,0,0,0,0,0,0,0,0,0,0,0,0,0,0,0,0,0,0,0,0,0,0,0,0,0,0,0,0,0,0,0,0,0,0,0,0,0,0,0,0,0,0,0,69,61,0,0,0,0,0,0,0,0,0,0,0,0,0,0,0,
0,0,0,0,0,0,52,255,0,0,0,0,0,54,0,59,71,0,0,0,0,0,0,0,0,0,0,0,0,246,0,0,0,0,0,0,0,0,0,0,0,0,0,0,249,0,0,0,0,0,0,0,0,0,0,0,0,0,0,0,0,0,0,0,114,0,0,0,0,0,0,0,0,0,0,0,0,0,0,123,0,0,0,249,50,0,0,0,0,0,0,0,0,0,0,0,0,0,0,0,
0,0,0,0,0,0,63,67,0,0,0,0,0,54,0,0,48,250,0,0,0,0,0,0,0,0,0,0,0,0,0,0,0,0,0,0,0,0,0,0,0,0,0,0,0,0,0,121,0,0,0,0,0,115,0,0,0,0,0,0,0,0,0,0,0,0,0,0,0,0,0,0,0,0,0,0,0,0,0,0,0,0,0,0,69,57,0,0,0,0,0,0,0,0,0,0,0,0,0,0,
0,0,0,0,0,0,0,48,0,123,0,0,0,50,0,0,63,71,0,0,243,0,0,0,0,0,0,0,0,0,0,0,0,0,0,0,0,0,0,0,0,0,0,0,0,0,0,131,0,0,0,0,0,0,0,0,0,0,0,0,0,0,0,0,0,0,0,0,0,0,121,0,0,114,0,115,0,0,0,0,0,0,0,0,0,54,0,0,0,0,0,0,0,0,0,0,0,0,0,0,
0,0,0,0,0,0,0,52,0,0,0,0,0,69,57,0,0,59,51,71,0,0,0,0,0,0,0,0,0,0,0,0,0,0,0,0,0,125,0,0,0,0,0,0,0,0,0,0,0,0,0,0,0,0,0,0,0,0,0,0,0,248,0,0,0,0,0,0,0,0,0,0,0,0,0,0,0,120,0,0,0,0,0,124,0,65,61,0,0,0,0,0,0,0,0,0,0,0,0,0,
0,0,0,0,0,0,0,48,0,0,0,0,0,0,54,0,0,0,0,59,71,0,0,0,0,0,0,0,0,0,0,0,0,0,0,0,0,0,0,0,0,241,0,0,0,0,121,0,0,0,0,0,0,0,0,0,0,0,242,0,0,0,0,0,0,0,247,0,0,0,0,0,0,0,0,0,0,0,0,0,0,0,0,0,0,0,54,0,0,0,0,0,0,0,0,0,0,0,0,0,
0,0,0,0,0,0,0,52,252,0,0,0,124,0,54,0,0,0,0,0,59,67,0,0,0,0,0,0,0,0,0,121,0,0,254,0,0,0,0,0,0,0,0,0,114,0,0,0,0,0,0,0,0,0,0,0,0,0,0,0,0,0,0,0,0,0,0,0,0,0,0,0,0,0,0,0,114,0,0,0,0,0,0,0,0,0,69,57,0,0,0,0,0,0,0,0,0,0,0,0,
0,0,0,0,0,0,0,63,67,0,0,0,0,0,69,49,49,57,0,0,0,52,254,0,0,0,0,0,0,0,0,0,0,0,0,0,0,0,0,0,0,0,0,0,0,0,0,0,0,0,0,0,0,0,0,0,0,0,0,0,0,0,0,0,0,0,215,0,0,0,0,0,0,0,0,0,0,0,0,0,0,0,0,0,0,0,0,54,0,0,0,0,0,0,0,0,0,0,0,0,
0,0,0,0,0,0,0,0,52,0,0,0,0,0,0,0,252,65,53,53,49,64,0,0,0,0,0,0,0,0,0,0,0,0,0,0,0,0,0,0,0,0,115,0,0,0,0,0,0,0,0,0,0,0,0,0,0,0,0,0,0,0,0,0,212,213,214,0,0,0,0,248,0,0,0,0,0,120,0,121,0,0,0,0,0,0,0,50,0,0,0,0,0,0,0,0,0,0,0,0,
0,0,0,0,0,0,0,0,48,251,0,0,0,0,0,0,0,0,0,0,249,0,0,0,0,115,0,0,0,0,0,0,0,0,0,0,0,0,173,0,0,128,0,0,0,0,0,0,0,0,0,0,0,0,0,240,0,0,0,0,252,0,0,0,0,0,0,0,0,0,0,0,0,0,0,0,0,0,128,114,0,0,248,0,0,124,0,65,57,0,0,0,0,0,0,0,0,0,0,0,
0,0,0,0,0,0,0,0,52,0,0,0,0,0,0,0,0,0,0,0,0,0,0,0,0,0,0,0,0,0,0,0,0,0,0,0,0,0,172,0,121,0,0,0,0,0,0,0,0,0,0,0,0,0,0,0,0,0,0,0,0,0,0,0,0,0,0,0,0,0,0,0,0,0,0,0,0,0,114,0,0,0,0,0,0,0,0,0,50,0,0,0,0,0,0,0,0,0,0,0,
0,0,0,0,0,0,0,0,48,0,0,0,0,0,0,0,0,0,0,0,0,0,0,0,0,0,0,0,0,0,0,0,0,0,0,0,0,0,171,0,0,0,0,0,0,0,0,0,0,0,115,0,0,0,0,0,0,0,0,0,0,0,0,0,0,0,0,0,0,0,0,0,0,0,0,0,0,0,0,0,0,0,0,0,0,0,0,0,69,61,0,0,0,0,0,0,0,0,0,0,
0,0,0,0,0,0,0,0,52,0,0,0,0,0,0,0,0,0,0,0,0,0,0,0,0,0,0,0,0,0,0,0,0,0,0,0,0,0,0,0,114,0,0,0,0,114,0,0,0,0,0,0,0,0,0,0,0,0,0,0,0,0,0,0,0,0,0,0,0,0,0,0,0,0,0,0,241,0,0,0,0,0,0,0,0,0,0,0,0,65,57,0,0,0,0,0,0,0,0,0,
0,0,0,0,0,0,0,0,48,0,249,0,0,0,0,0,254,0,0,0,0,0,0,0,0,0,0,0,0,0,0,0,0,0,0,0,0,0,0,0,0,0,0,0,0,0,130,0,0,0,0,0,0,0,255,0,0,0,0,250,0,0,0,0,0,0,0,137,0,0,0,0,0,0,0,0,0,0,0,0,0,0,0,0,0,0,0,0,0,0,54,0,0,0,0,0,0,0,0,0,
0,0,0,0,0,0,0,0,48,0,0,0,0,0,0,0,0,0,0,0,0,0,0,0,0,0,0,0,0,0,0,0,0,0,0,0,0,0,0,0,0,0,0,0,0,0,0,0,0,0,0,0,0,0,0,0,0,0,0,0,0,0,0,0,0,0,0,0,0,0,0,0,0,0,0,0,0,0,0,0,0,0,0,0,0,0,0,0,0,0,65,61,0,0,0,0,0,0,0,0,
0,0,0,0,0,0,0,56,68,0,0,0,0,0,0,0,0,0,0,0,0,0,0,0,0,0,0,250,0,0,0,0,0,0,0,0,0,0,0,0,0,0,0,0,0,0,0,0,0,0,0,106,107,106,107,110,111,106,107,106,107,0,0,0,0,106,107,110,111,106,107,109,0,0,0,0,0,0,0,0,0,0,0,0,0,139,0,0,0,0,0,54,0,0,0,0,0,0,0,0,
0,0,0,0,0,0,0,52,0,0,0,0,0,0,0,0,0,0,0,0,0,0,0,0,0,0,0,0,0,0,0,0,0,0,0,0,0,0,0,0,0,0,0,0,0,0,0,0,0,0,0,0,0,251,0,0,0,0,0,0,0,0,0,0,0,0,0,0,0,0,0,108,0,0,0,0,0,0,0,0,0,0,0,0,0,0,0,0,0,0,252,50,0,0,0,0,0,0,0,0,
0,0,0,0,0,0,0,52,249,0,0,0,0,0,0,0,0,0,0,0,0,0,0,0,0,0,0,0,0,0,0,0,247,0,0,0,0,0,0,0,0,0,0,0,0,0,0,0,0,0,243,0,0,0,112,0,113,0,121,0,121,0,117,0,117,0,115,129,115,0,0,105,0,0,0,0,0,0,0,0,0,0,0,0,0,0,0,0,0,0,0,50,0,0,0,0,0,0,0,0,
0,0,0,0,0,0,0,52,0,0,0,0,0,0,0,0,0,66,51,51,51,51,71,253,0,0,0,0,126,0,0,0,0,0,0,120,0,0,0,0,0,0,0,0,0,0,249,0,0,0,0,0,0,0,112,0,112,0,120,0,120,0,117,0,116,0,114,0,114,0,0,104,0,0,0,0,0,0,0,0,0,0,0,0,0,0,0,0,0,0,0,65,57,0,0,0,0,0,0,0,
0,0,0,0,0,0,0,48,0,0,0,0,0,0,0,0,0,50,0,0,0,0,63,71,0,0,0,0,0,0,0,0,0,0,0,0,0,0,0,0,0,0,0,0,0,0,0,0,0,0,0,0,0,0,113,0,112,0,121,0,121,0,116,0,117,0,115,0,114,0,0,105,0,0,0,248,0,0,0,0,0,0,0,254,0,0,0,0,0,0,0,0,54,0,0,0,0,0,0,0,
0,0,0,0,0,0,0,52,0,0,0,0,0,0,0,0,0,50,0,0,0,0,0,63,51,71,0,0,0,0,0,0,0,0,0,0,0,0,0,0,0,0,0,0,0,0,0,0,0,0,0,0,0,0,113,130,112,0,121,0,120,0,116,0,117,0,114,0,114,0,0,104,0,0,0,0,0,0,0,0,0,0,0,0,0,0,0,0,0,0,0,0,54,0,0,0,0,0,0,0,
0,0,0,0,0,0,56,64,0,0,0,0,0,0,0,0,251,54,0,0,0,0,0,0,0,59,67,0,0,0,0,0,0,0,120,0,0,0,0,0,0,0,0,0,0,0,0,0,0,0,0,0,0,0,113,0,113,0,120,0,120,0,117,0,117,0,115,0,115,0,0,105,0,0,0,0,0,0,0,0,0,0,0,0,0,0,0,0,0,0,0,0,50,0,0,0,0,0,0,0,
0,0,0,0,0,0,52,253,0,0,251,0,0,0,0,0,0,50,0,0,0,0,0,0,0,0,48,0,0,0,0,0,0,0,0,0,0,0,0,0,0,0,0,0,0,0,0,0,0,0,0,243,0,0,113,0,113,0,121,0,120,0,117,0,117,0,114,0,114,0,0,104,0,0,0,0,0,0,66,55,51,55,71,0,0,0,0,0,0,0,0,0,50,0,0,0,0,0,0,0,
0,0,0,0,0,0,52,0,0,0,0,0,0,0,0,0,0,54,0,0,0,0,0,0,0,0,48,0,0,0,0,0,0,0,0,0,0,0,0,0,0,0,0,0,0,0,0,0,0,0,0,0,0,0,112,0,112,0,121,0,120,131,117,0,116,0,115,0,115,0,0,105,0,0,0,0,0,66,58,0,0,0,48,0,0,0,0,0,0,0,0,0,54,0,0,0,0,0,0,0,
0,0,0,0,0,0,48,117,131,0,0,0,0,0,0,0,0,50,0,0,0,0,0,0,0,0,48,252,0,0,0,0,0,0,0,0,0,0,0,0,0,0,0,0,0,0,254,0,0,0,0,0,0,0,112,0,113,0,120,0,120,0,117,0,117,0,114,0,115,0,0,104,0,255,0,0,247,50,0,0,0,0,63,71,0,0,0,0,0,0,0,0,54,0,0,0,0,0,0,0,
0,0,0,0,0,0,52,74,75,0,0,0,0,0,0,0,0,54,0,0,0,0,0,0,0,60,64,0,0,0,0,0,0,0,0,0,0,0,0,0,0,0,0,0,0,0,0,0,0,0,0,0,0,0,0,0,0,0,0,0,0,0,0,0,0,0,0,0,0,0,0,109,0,0,0,0,0,50,0,0,0,0,0,52,249,0,0,0,0,0,0,248,65,57,0,0,0,0,0,0,
0,0,0,0,0,0,48,0,96,0,0,0,0,0,0,0,0,69,57,0,0,0,0,0,0,48,0,0,0,0,0,0,0,0,0,0,0,100,0,0,0,0,0,0,0,0,0,0,0,0,0,0,0,0,0,0,0,0,0,0,0,0,0,0,0,0,0,0,0,0,0,108,0,0,0,0,0,50,0,0,0,0,0,59,71,0,0,0,0,0,0,0,0,50,0,0,0,0,0,0,
0,0,0,0,0,0,63,71,0,113,0,0,0,0,0,0,0,254,54,0,0,0,0,0,0,48,254,0,0,0,0,0,0,0,0,0,0,0,0,0,0,0,0,0,0,0,0,0,0,0,0,0,0,0,117,0,116,0,114,0,114,0,112,0,112,0,120,0,120,0,0,105,0,0,0,0,0,50,0,0,0,0,0,0,52,0,0,0,0,0,0,0,0,69,57,0,0,0,0,0,
0,0,0,0,0,0,0,48,249,0,0,0,0,0,0,0,0,0,54,0,0,0,0,0,60,64,0,0,0,0,0,0,0,0,0,0,0,115,0,0,0,114,0,0,0,0,0,0,0,0,0,0,0,0,116,0,117,0,114,0,115,0,112,0,112,0,120,0,120,0,0,104,0,0,0,0,0,54,0,0,0,0,0,0,52,0,0,0,0,0,0,0,0,0,50,0,0,0,0,0,
0,0,0,0,0,0,0,59,67,0,0,0,0,0,0,0,0,0,69,57,0,0,0,0,52,0,0,0,0,0,0,0,0,0,0,0,0,0,0,0,0,0,0,0,0,0,0,0,0,0,0,0,0,0,116,0,117,0,115,0,114,0,113,0,112,0,121,0,121,0,0,105,0,0,0,240,0,50,0,0,0,0,0,0,52,130,0,0,0,0,0,0,0,0,54,0,0,0,0,0,
0,0,0,0,0,0,0,0,63,71,0,0,0,0,0,0,0,0,0,69,57,0,0,0,48,0,251,0,0,0,0,243,0,0,0,0,0,0,130,0,0,0,0,0,0,0,0,0,0,255,0,0,0,0,117,0,116,0,115,130,115,0,113,0,113,0,121,0,121,0,0,104,0,0,0,0,0,69,57,0,0,0,0,0,48,253,112,0,0,0,0,0,0,0,50,0,0,0,0,0,
0,0,0,0,0,0,0,0,0,59,55,67,0,0,0,0,0,0,0,0,69,49,53,53,68,0,0,0,0,0,0,0,0,0,0,0,0,0,121,0,0,0,0,0,0,0,0,0,0,0,0,0,0,0,116,0,116,0,114,0,114,0,112,0,112,0,120,0,120,0,0,105,0,0,0,0,0,0,50,0,0,0,0,0,59,71,98,0,0,0,0,0,0,0,54,0,0,0,0,0,
0,0,0,0,0,0,0,0,0,0,0,48,0,0,0,0,0,0,0,0,0,0,252,0,0,0,0,0,0,0,0,0,0,0,0,0,0,0,0,0,0,0,0,0,120,0,251,0,0,0,0,0,0,0,117,0,117,0,115,0,115,0,113,0,113,0,121,0,121,0,0,104,0,0,0,0,0,0,54,0,0,0,0,0,0,63,71,116,0,0,0,0,0,0,54,0,0,0,0,0,
0,0,0,0,0,0,0,0,0,0,0,48,0,0,0,0,0,0,0,0,0,0,0,125,0,0,0,0,0,0,0,0,0,0,0,0,0,105,0,0,0,0,0,0,0,0,0,0,0,0,0,0,0,0,116,0,116,0,115,0,115,0,113,0,112,128,121,0,120,0,0,105,0,0,254,0,0,0,54,0,0,0,0,0,0,0,48,130,0,0,0,0,0,70,62,0,0,0,0,0,
0,0,0,0,0,0,0,0,0,0,0,59,71,0,0,0,242,0,0,0,0,0,0,0,0,0,0,0,0,0,0,0,0,0,0,0,0,104,0,0,0,0,0,0,0,0,0,0,0,0,0,0,0,0,116,0,116,0,114,0,114,0,113,0,113,0,120,0,120,0,0,104,0,0,0,0,0,0,65,61,0,0,0,0,0,0,52,128,0,0,0,0,0,54,0,0,0,0,0,0,
0,0,0,0,0,0,0,0,0,0,0,0,48,253,0,0,0,0,0,0,0,0,0,0,0,0,0,0,0,0,0,0,0,0,0,0,0,0,0,0,0,0,0,0,0,0,0,0,0,0,0,251,0,0,0,0,0,0,0,0,0,0,0,0,0,0,0,0,0,0,0,0,0,110,111,105,0,0,0,65,61,0,0,0,0,0,48,0,0,0,0,0,0,54,0,0,0,0,0,0,
0,0,0,0,0,0,0,0,0,0,0,0,48,0,0,0,0,0,0,0,0,0,0,0,0,0,0,0,0,0,0,0,0,0,0,0,0,0,0,0,0,0,0,0,0,0,0,0,0,0,0,0,0,0,0,0,0,0,0,0,0,0,0,0,0,0,0,0,0,0,0,0,0,0,0,104,0,0,242,0,50,0,0,0,0,0,52,0,0,0,0,0,0,50,0,0,0,0,0,0,
0,0,0,0,0,0,0,0,0,0,0,0,48,0,0,0,0,0,0,0,0,0,0,0,0,0,0,0,0,0,0,0,0,0,0,0,0,0,0,0,0,0,0,0,0,0,0,0,0,0,0,0,0,0,124,0,0,0,0,121,0,121,0,117,0,116,0,114,0,114,0,112,0,112,0,105,0,0,0,0,54,0,0,0,0,0,48,251,0,0,0,0,0,54,0,0,0,0,0,0,
0,0,0,0,0,0,0,0,0,0,0,60,68,0,0,0,0,0,0,0,0,0,0,0,0,0,0,0,0,0,0,0,0,242,0,0,0,0,0,0,0,0,0,0,0,0,0,0,0,0,0,0,0,0,0,0,0,0,0,121,0,120,0,116,0,116,0,114,0,115,0,112,129,113,0,104,0,0,0,0,54,0,0,0,0,56,64,0,0,0,0,0,0,69,61,0,0,0,0,0,
0,0,0,0,0,0,0,0,0,0,0,48,0,0,0,0,0,0,0,70,51,55,71,0,0,0,0,0,0,0,0,0,0,0,0,0,0,0,0,0,0,0,0,0,0,0,0,0,0,0,0,240,0,0,0,0,0,0,0,120,0,120,0,116,0,116,0,114,0,114,0,113,0,113,0,105,0,0,0,0,69,57,0,0,60,64,0,127,0,0,0,0,0,0,54,0,0,0,0,0,
0,0,0,0,0,0,0,0,0,0,0,48,252,0,0,0,0,0,0,50,0,0,63,51,71,0,0,0,0,241,0,0,0,0,0,0,0,0,0,0,0,0,0,0,0,0,0,0,0,0,0,0,0,0,0,0,0,125,0,121,0,121,0,117,0,116,0,115,0,115,0,112,0,112,0,104,0,0,0,0,0,69,53,53,64,253,0,0,0,0,0,0,0,0,50,0,0,0,0,0,
0,0,0,0,0,0,0,0,0,0,0,59,67,0,0,0,0,0,0,54,0,0,0,0,59,55,71,0,0,0,0,0,0,0,0,0,0,0,0,0,0,0,0,0,0,0,0,0,0,0,0,0,0,0,0,0,0,0,0,120,0,120,0,117,0,116,0,115,0,114,0,113,0,113,0,105,0,0,0,249,0,0,0,0,0,0,0,0,0,0,0,0,0,245,50,0,0,0,0,0,
0,0,0,0,0,0,0,0,0,0,0,0,63,71,0,0,0,0,0,65,61,0,0,0,0,0,59,67,0,0,0,0,0,0,0,0,0,0,0,0,0,0,0,0,0,0,0,0,0,0,0,0,0,0,0,0,0,0,0,121,0,120,0,117,0,116,0,115,0,115,0,112,0,113,0,104,0,0,0,0,0,0,0,0,0,0,0,0,0,0,0,0,0,0,50,0,0,0,0,0,
0,0,0,0,0,0,0,0,0,0,0,0,0,52,0,0,0,0,0,0,54,0,0,0,0,0,0,48,0,0,0,0,0,0,0,0,0,0,0,0,0,0,0,0,0,0,0,0,0,0,0,0,0,0,0,0,0,0,0,121,0,120,128,117,0,116,0,114,0,115,0,113,0,113,0,105,0,255,0,0,0,0,0,0,0,0,0,0,0,0,0,0,0,70,62,0,0,0,0,0,
0,0,0,0,0,0,0,0,0,0,0,0,0,52,250,0,0,0,0,0,54,0,0,0,0,0,0,48,0,0,0,0,0,0,0,0,0,0,0,0,0,0,0,0,0,0,0,0,0,0,0,0,0,0,0,0,247,0,0,121,0,120,0,117,0,116,0,115,0,115,0,112,0,112,0,104,0,0,0,0,0,0,0,0,0,0,0,0,0,0,0,0,0,50,0,0,0,0,0,0,
0,0,0,0,0,0,0,0,0,0,0,0,0,63,67,0,0,0,0,0,69,53,61,0,0,0,0,63,67,0,0,0,0,0,0,0,0,0,0,0,0,0,0,0,0,0,0,0,0,0,0,0,0,0,0,0,0,0,0,0,0,0,0,0,0,0,0,0,0,0,0,0,0,0,0,0,0,0,0,0,0,0,0,0,0,0,0,0,0,0,0,243,66,62,0,0,0,0,0,0,
0,0,0,0,0,0,0,0,0,0,0,0,0,0,52,0,0,0,0,0,0,0,50,0,0,0,0,0,52,0,0,0,0,0,0,0,0,242,0,0,0,0,249,0,0,0,0,0,0,0,0,0,0,0,0,0,0,0,0,0,0,0,0,0,0,0,0,0,0,244,0,0,0,131,0,0,0,0,0,0,0,0,0,0,0,0,0,0,0,0,0,70,62,0,0,0,0,0,0,0,
0,0,0,0,0,0,0,0,0,0,0,0,0,0,52,0,0,0,0,0,0,0,54,0,0,0,0,56,68,0,0,0,0,0,0,0,0,0,0,0,0,0,0,0,0,0,0,0,0,0,0,0,0,0,0,0,0,0,0,0,0,0,113,113,113,112,113,112,112,112,0,121,0,120,0,105,0,0,0,0,0,0,0,0,0,0,0,0,0,0,70,62,0,0,0,0,0,0,0,0,
0,0,0,0,0,0,0,0,0,0,0,0,0,0,48,0,0,0,0,0,0,0,54,0,0,0,0,48,0,0,0,0,0,0,0,0,0,0,0,0,0,0,0,0,0,0,0,0,0,0,0,0,0,0,0,0,0,0,243,0,0,0,0,0,0,0,0,0,0,0,0,120,0,121,0,104,0,0,0,0,0,0,0,0,127,0,0,0,0,70,62,0,0,0,0,0,0,0,0,0,
0,0,0,0,0,0,0,0,0,0,0,0,0,0,63,71,251,0,0,0,0,0,69,61,0,0,0,52,251,0,0,0,0,0,0,0,0,0,0,0,0,0,0,0,0,0,0,0,0,0,0,0,0,0,0,0,0,0,0,0,0,0,112,112,113,113,112,113,113,112,0,120,0,121,0,109,0,0,0,0,0,0,0,0,0,0,0,0,66,58,0,0,0,0,0,0,0,0,0,0,
0,0,0,0,0,0,0,0,0,0,0,0,0,0,0,63,67,0,0,0,0,0,0,65,61,0,60,64,0,0,0,0,0,0,0,0,0,0,0,0,0,0,0,0,0,0,0,0,0,0,0,0,0,0,0,0,0,0,0,0,0,0,0,0,0,0,0,130,0,0,0,121,0,121,0,108,0,0,0,0,0,0,250,0,0,0,0,0,54,0,0,0,0,0,0,0,0,0,0,0,
0,0,0,0,0,0,0,0,0,0,0,0,0,0,0,0,59,67,0,0,0,0,0,0,65,53,68,0,0,0,0,0,0,0,0,0,0,0,0,0,0,0,0,0,0,0,242,0,0,0,121,0,0,0,0,0,0,0,0,0,0,0,117,116,116,117,117,116,117,116,0,121,0,120,0,105,0,0,0,0,0,0,0,0,0,0,0,66,58,0,0,0,0,0,0,0,0,0,0,0,
0,0,0,0,0,0,0,0,0,0,0,0,0,0,0,0,0,59,71,0,0,0,0,0,0,0,252,0,0,0,0,0,0,0,0,0,0,0,0,0,0,0,0,0,0,0,0,0,0,0,0,0,0,0,0,0,0,0,0,0,0,0,0,0,131,0,0,0,0,0,0,120,0,120,0,104,0,0,245,0,0,0,0,0,0,0,66,62,0,0,0,0,0,0,0,0,0,0,0,0,
0,0,0,0,0,0,0,0,0,0,0,0,0,0,0,0,0,0,59,67,0,0,0,0,0,0,0,0,0,0,0,0,0,0,0,0,0,0,0,0,0,0,0,0,0,0,0,0,0,0,0,0,0,0,0,0,0,0,0,0,0,0,116,117,117,116,117,116,116,116,0,121,0,120,0,105,0,0,0,0,0,70,51,51,51,51,58,0,0,0,0,0,0,0,0,0,0,0,0,0,
0,0,0,0,0,0,0,0,0,0,0,0,0,0,0,0,0,0,0,48,254,0,0,122,0,0,0,0,0,0,0,0,0,243,0,0,0,0,0,0,0,0,0,0,0,0,0,0,0,105,0,128,0,0,0,0,0,0,0,0,255,0,0,0,0,0,0,0,0,0,0,121,0,120,0,104,0,0,0,66,51,62,0,0,0,0,0,0,0,0,0,0,0,0,0,0,0,0,0,0,
0,0,0,0,0,0,0,0,0,0,0,0,0,0,0,0,0,0,60,64,0,0,0,0,0,0,0,0,0,0,0,0,0,0,0,0,0,0,0,0,0,0,0,241,0,0,0,246,0,104,0,0,0,0,0,0,0,0,0,0,0,0,0,0,0,0,0,0,0,0,0,0,0,0,0,105,0,254,0,54,0,0,0,0,0,0,0,0,0,0,0,0,0,0,0,0,0,0,0,0,
0,0,0,0,0,0,0,0,60,53,53,49,49,53,49,57,0,56,64,0,0,0,0,0,0,0,0,0,0,0,0,0,0,0,0,0,0,296,93,93,142,140,0,0,0,0,0,0,0,0,0,120,0,0,0,0,0,0,0,0,0,0,0,0,0,0,0,0,0,0,0,0,0,0,0,104,0,0,0,54,0,0,0,0,0,0,0,0,0,0,0,0,0,0,0,0,0,0,0,0,
0,0,0,0,0,0,0,60,68,249,131,0,252,105,134,50,0,48,252,0,0,0,0,0,0,0,0,0,0,0,0,0,0,0,0,0,0,0,0,0,0,118,0,0,0,0,0,0,0,105,0,129,0,0,0,0,0,0,0,0,0,0,0,0,0,0,0,0,0,0,0,0,0,0,0,109,0,0,0,50,0,0,0,0,0,0,0,0,0,0,0,0,0,0,0,0,0,0,0,0,
0,0,0,0,0,0,56,68,0,0,0,0,0,104,0,65,53,64,0,0,0,0,0,0,0,0,0,0,0,0,0,0,0,0,0,0,0,0,0,0,0,0,0,0,0,0,0,0,0,104,0,0,121,0,0,0,0,0,0,240,0,0,0,0,0,0,0,0,0,0,0,0,0,0,0,108,0,0,0,65,61,0,0,0,0,0,0,0,0,0,0,0,0,0,0,0,0,0,0,0,
0,0,0,0,0,60,68,0,249,0,0,0,0,0,0,0,0,0,0,0,0,0,0,0,0,0,0,0,0,0,0,0,0,0,0,0,0,0,0,0,0,0,0,0,0,0,0,0,0,0,0,0,0,0,0,0,0,0,0,0,0,0,0,0,0,0,0,0,0,0,0,0,0,0,0,0,0,0,0,0,69,61,0,0,0,0,0,0,0,0,0,0,0,0,0,0,0,0,0,0,
0,0,0,0,56,64,0,73,0,0,0,0,0,0,0,0,124,0,0,0,0,0,0,0,0,0,0,0,0,0,0,0,0,0,0,0,0,0,0,0,0,123,0,0,0,0,252,0,0,0,0,0,0,0,0,0,0,0,0,0,0,0,0,0,0,243,0,0,0,0,0,0,0,0,0,0,0,0,0,0,0,69,61,0,0,0,0,0,0,0,0,0,0,0,0,0,0,0,0,0,
0,0,0,0,52,255,124,72,0,0,0,0,0,0,0,0,0,0,0,0,0,0,0,0,0,0,255,0,0,0,0,0,0,0,250,0,0,0,0,0,0,0,0,0,0,0,0,0,0,0,0,115,0,0,0,0,0,0,0,0,0,0,211,0,0,0,0,0,0,0,0,0,127,0,0,0,0,0,0,0,0,0,69,57,0,0,0,0,0,0,0,0,0,0,0,0,0,0,0,0,
0,0,0,60,64,0,0,0,0,0,0,0,0,0,0,0,0,0,0,0,0,0,0,0,0,0,0,0,0,0,0,0,0,0,0,0,0,0,0,0,0,0,0,0,0,0,0,0,0,0,0,0,0,0,0,0,0,0,0,0,0,0,210,0,0,0,102,0,0,0,0,0,0,0,0,0,252,0,0,0,0,0,0,54,0,0,0,0,0,0,0,0,0,0,0,0,0,0,0,0,
0,0,60,64,0,0,0,0,0,0,0,0,0,0,0,0,0,0,0,0,0,0,0,0,0,0,0,0,0,0,0,0,0,0,0,0,0,0,0,0,0,0,0,0,0,0,0,0,0,0,0,0,0,0,0,0,0,0,0,0,0,208,209,0,0,0,0,0,0,0,0,0,0,0,0,0,0,0,0,0,0,0,253,65,61,0,0,0,0,0,0,0,0,0,0,0,0,0,0,0,
0,0,52,254,116,0,102,0,0,0,0,0,0,0,0,0,0,0,0,0,0,0,0,0,0,0,0,0,0,0,0,0,0,0,0,0,0,0,0,0,0,0,0,0,0,0,0,0,0,0,0,0,0,0,0,0,0,0,0,0,0,0,101,0,0,0,0,0,0,0,0,0,0,0,0,0,0,0,0,0,0,0,0,0,50,0,0,0,0,0,0,0,0,0,0,0,0,0,0,0,
0,0,48,123,0,0,0,0,0,0,0,0,0,0,0,0,0,0,0,0,0,0,253,0,0,0,0,0,0,0,0,0,0,0,0,0,0,0,0,0,0,251,0,0,0,0,0,0,0,0,0,0,0,0,0,0,0,0,254,0,0,0,0,0,0,0,0,0,0,0,0,0,138,0,0,0,0,0,133,0,0,0,0,0,54,0,0,0,0,0,0,0,0,0,0,0,0,0,0,0,
0,0,52,0,0,0,0,0,0,0,0,0,0,0,0,0,0,0,0,0,0,0,0,0,0,0,0,0,0,0,0,0,0,0,0,0,0,0,0,0,0,0,0,0,0,0,0,0,0,0,0,0,0,0,0,0,66,51,71,0,0,0,0,0,0,0,0,0,0,0,0,0,0,0,0,0,0,0,0,0,0,0,0,0,69,57,0,0,0,0,0,0,0,0,0,0,0,0,0,0,
0,0,48,0,0,0,0,0,0,0,0,241,0,0,0,0,0,0,0,0,0,0,0,0,0,0,0,0,0,0,0,0,0,0,0,0,0,0,0,0,0,0,0,0,0,0,0,0,0,0,0,0,0,0,0,0,54,0,63,67,0,0,0,0,0,0,0,0,0,0,0,0,0,0,0,0,0,0,0,0,0,0,0,0,0,65,57,0,0,0,0,0,0,0,0,0,0,0,0,0,
0,0,48,0,251,0,0,0,0,0,0,0,0,0,0,0,0,0,248,0,0,0,0,0,0,0,0,0,0,0,0,0,0,0,0,0,0,0,0,123,0,0,0,0,0,0,0,0,0,0,0,0,0,0,0,70,58,0,0,59,51,71,250,0,0,0,0,0,0,0,0,0,0,0,0,0,0,0,0,0,0,0,0,0,0,0,69,57,0,0,0,0,0,0,0,0,0,0,0,0,
0,0,48,0,98,125,0,0,0,0,0,0,0,0,0,0,0,0,0,0,0,0,0,0,0,0,0,0,0,0,0,0,0,0,0,0,0,0,0,0,0,0,0,0,0,0,0,0,0,0,0,0,0,0,0,54,0,0,0,0,0,63,71,0,0,0,0,0,0,125,0,0,0,0,0,0,0,0,0,0,0,0,0,0,0,0,0,69,57,0,0,0,0,0,0,0,0,0,0,0,
49,49,64,255,126,0,0,0,0,0,0,0,0,0,0,0,125,0,0,0,0,0,0,0,0,0,0,0,0,0,0,0,0,240,0,0,0,0,0,0,0,0,0,0,0,0,0,0,0,0,0,0,0,0,70,62,0,0,0,0,0,0,63,71,0,0,0,246,0,0,0,0,0,0,0,0,0,0,0,0,0,0,0,0,0,0,0,0,65,57,0,0,0,0,0,0,0,0,0,0,
120,0,0,0,0,0,0,0,0,248,0,0,0,0,0,0,0,0,0,0,0,0,0,0,0,0,0,0,0,0,0,0,0,0,0,0,0,0,0,0,0,0,0,0,0,0,0,0,0,0,0,0,0,66,62,0,0,0,0,0,0,0,0,59,51,51,51,55,67,0,0,0,0,0,0,0,132,0,0,0,0,0,0,0,0,0,0,0,0,54,0,0,0,0,0,0,0,0,0,0,
0,130,0,115,0,0,0,0,0,0,0,0,0,0,0,0,0,0,0,0,0,0,0,0,0,0,0,0,106,107,0,0,0,0,0,0,0,0,0,0,0,0,0,0,0,0,0,0,0,0,0,0,70,62,0,0,0,0,0,0,0,0,0,0,0,0,0,0,63,55,55,67,0,0,0,0,0,0,0,0,255,0,0,0,0,0,0,0,0,54,0,0,0,0,0,0,0,0,0,0,
0,115,121,130,0,120,0,0,0,0,0,0,0,0,0,0,0,0,0,0,0,0,0,0,0,110,111,0,0,0,0,0,0,114,0,0,130,0,0,0,0,0,0,0,0,0,0,0,0,0,0,66,62,0,0,0,0,0,0,0,0,0,0,0,0,0,0,0,0,0,0,0,67,0,0,0,0,0,0,0,0,0,0,0,0,0,0,0,255,65,61,0,0,0,0,0,0,0,0,0,
0,0,0,120,0,0,0,0,0,120,0,0,0,0,0,240,0,0,0,0,0,0,0,250,0,0,0,0,0,0,0,0,121,0,0,129,115,0,0,0,0,0,0,0,0,0,0,0,66,51,51,58,0,0,0,0,0,0,0,0,0,0,0,0,0,0,0,0,0,0,0,0,0,67,0,0,248,0,0,0,0,0,0,0,0,0,0,0,0,0,50,0,0,0,0,0,0,0,0,0,
0,0,0,0,0,0,0,0,0,0,0,0,121,0,0,0,0,0,0,0,0,0,0,0,0,0,0,0,0,0,0,0,0,0,0,0,0,0,0,0,0,0,0,0,70,51,51,55,62,0,0,0,0,0,0,0,0,0,0,0,0,0,0,0,0,0,0,0,0,0,0,0,0,63,55,51,51,71,0,0,0,0,123,0,0,0,0,0,0,0,50,0,0,0,0,0,0,0,0,0,
0,0,0,0,0,0,0,0,0,0,0,0,0,0,0,0,0,0,0,0,0,0,128,0,0,0,120,0,0,0,0,0,0,0,0,0,0,0,0,0,0,0,70,51,58,0,0,0,0,0,0,0,0,0,0,0,0,0,0,0,0,0,0,0,0,0,0,0,0,0,0,0,0,0,0,0,0,59,51,55,71,0,0,0,0,0,0,0,0,0,69,57,0,0,0,0,0,0,0,0,
0,120,131,0,0,0,0,0,0,0,0,0,0,0,0,0,121,0,0,0,0,115,114,129,0,0,0,0,0,0,0,0,0,0,0,0,0,0,0,0,0,70,62,0,0,0,0,0,0,0,0,0,0,0,0,0,0,0,0,0,0,0,0,0,0,0,0,0,0,0,0,0,0,0,0,0,0,0,0,0,52,0,0,0,0,0,0,0,0,0,0,54,0,0,0,0,0,0,0,0,
71,0,0,0,0,0,0,0,0,0,0,0,0,0,0,0,0,0,0,0,0,0,0,0,0,0,0,0,0,0,0,0,0,0,0,0,0,0,0,70,55,62,0,0,0,0,0,0,0,0,0,0,0,0,0,0,0,0,0,0,0,0,0,0,0,0,0,0,0,0,0,0,0,0,0,0,0,0,0,0,63,67,0,0,0,0,0,0,0,0,0,54,0,0,0,0,0,0,0,0,
63,67,0,121,0,0,0,0,0,0,0,0,0,0,0,0,0,0,0,0,0,0,0,0,0,0,0,0,114,0,0,0,0,0,0,0,70,55,51,58,0,0,0,0,0,0,0,0,0,0,0,0,0,0,0,0,0,0,0,0,0,0,0,0,0,0,0,0,0,0,0,0,0,0,0,0,0,0,0,0,0,63,71,0,0,0,0,0,0,0,243,54,0,0,0,0,0,0,0,0,
0,63,51,67,0,0,0,0,0,0,0,0,0,0,0,0,0,0,0,0,0,66,55,55,55,51,55,55,55,67,0,66,51,51,51,51,58,0,0,0,0,0,0,0,0,0,0,0,0,0,0,0,0,0,0,0,0,0,0,0,0,0,0,0,0,0,0,0,0,0,0,0,0,0,0,0,0,0,0,0,0,0,59,67,250,0,0,0,0,0,0,50,0,0,0,0,0,0,0,0,
0,0,0,63,51,55,55,51,67,0,0,0,0,0,0,0,0,0,0,0,66,58,0,0,0,0,0,0,0,59,55,58,0,0,0,0,0,0,0,0,0,0,0,0,0,0,0,0,0,0,0,0,0,0,0,0,0,0,0,0,0,0,0,0,0,0,0,0,0,0,0,0,0,0,0,0,0,0,0,0,0,0,0,63,71,0,0,0,0,0,0,50,0,0,0,0,0,0,0,0,
0,0,0,0,0,0,0,0,63,55,51,51,55,71,0,0,0,0,66,55,58,0,0,0,0,0,0,0,0,0,0,0,0,0,0,0,0,0,0,0,0,0,0,0,0,0,0,0,0,0,0,0,0,0,0,0,0,0,0,0,0,0,0,0,0,0,0,0,0,0,0,0,0,0,0,0,0,0,0,0,0,0,0,0,63,67,0,0,0,0,0,50,0,0,0,0,0,0,0,0,
0,0,0,0,0,0,0,0,0,0,0,0,0,59,55,55,51,51,62,0,0,0,0,0,0,0,0,0,0,0,0,0,0,0,0,0,0,0,0,0,0,0,0,0,0,0,0,0,0,0,0,0,0,0,0,0,0,0,0,0,0,0,0,0,0,0,0,0,0,0,0,0,0,0,0,0,0,0,0,0,0,0,0,0,0,59,71,0,0,0,0,54,0,0,0,0,0,0,0,0,
0,0,0,0,0,0,0,0,0,0,0,0,0,0,0,0,0,0,0,0,0,0,0,0,0,0,0,0,0,0,0,0,0,0,0,0,0,0,0,0,0,0,0,0,0,0,0,0,0,0,0,0,0,0,0,0,0,0,0,0,0,0,0,0,0,0,0,0,0,0,0,0,0,0,0,0,0,0,0,0,0,0,0,0,0,0,52,95,95,95,95,54,0,0,0,0,0,0,0,0

[layer]
type=collision
data=
3,3,3,3,3,3,3,3,3,3,3,1,0,2,2,2,2,2,2,2,2,2,2,2,1,3,3,3,3,3,3,3,3,3,3,3,3,3,3,3,3,3,3,3,3,3,3,3,3,3,3,3,3,3,3,3,3,3,3,3,3,3,3,3,3,3,3,3,3,3,3,3,3,3,3,3,3,3,3,3,3,3,3,3,3,3,3,3,3,3,3,3,3,3,3,3,3,3,3,3,
3,3,3,3,3,3,3,3,3,3,3,1,1,2,2,2,2,2,2,2,2,2,2,2,1,3,3,3,3,3,3,3,3,3,3,3,3,3,3,3,3,3,3,3,3,3,3,3,3,3,3,3,3,3,3,3,3,3,3,3,3,3,3,3,3,3,3,3,3,3,3,3,3,3,3,3,3,3,3,3,3,3,3,3,3,3,3,3,3,3,3,3,3,3,3,3,3,3,3,3,
3,3,3,3,3,3,3,3,3,3,3,1,0,2,2,2,2,2,2,2,2,2,2,2,1,3,3,3,3,3,3,3,3,3,3,3,3,3,3,3,3,3,3,3,3,3,3,3,3,3,3,3,3,3,3,3,3,3,3,3,3,1,1,1,1,1,1,1,1,1,1,1,3,3,3,3,3,3,3,3,3,3,3,3,3,3,3,3,3,3,3,3,3,3,3,3,3,3,3,3,
3,3,3,3,3,3,3,3,3,3,3,1,1,0,2,2,2,2,2,2,2,2,2,2,1,3,3,3,3,3,3,3,3,3,3,3,3,3,3,3,3,3,3,3,3,3,3,3,1,1,1,1,1,3,3,1,1,1,1,1,1,1,0,0,0,0,1,0,0,0,1,1,1,1,3,3,3,3,3,3,3,3,3,3,3,3,3,3,3,3,3,3,3,3,3,3,3,3,3,3,
3,3,3,3,3,3,3,3,3,3,3,1,1,0,2,2,2,2,2,2,2,2,2,2,1,1,1,1,1,1,1,3,3,1,1,1,1,1,3,3,3,3,1,1,1,1,1,1,1,0,1,0,1,1,1,1,0,1,0,0,0,0,0,1,0,0,0,0,0,0,0,0,0,1,1,3,3,3,3,3,3,3,3,3,3,3,3,3,3,3,3,3,3,3,3,3,3,3,3,3,
3,3,3,3,3,3,3,3,3,3,3,3,1,1,2,2,2,2,2,2,2,2,2,2,0,1,0,0,1,0,1,1,1,1,1,0,0,1,3,3,3,3,1,0,0,1,0,0,0,0,0,0,0,0,1,0,0,0,0,0,0,0,0,0,0,0,0,0,0,0,0,0,0,0,1,1,3,3,3,3,3,3,3,3,3,3,3,3,3,3,3,3,3,3,3,3,3,3,3,3,
3,3,3,3,3,3,3,3,3,3,3,3,1,0,2,2,4,2,2,2,2,2,2,2,0,0,0,0,0,0,0,1,0,0,0,0,0,1,1,1,1,1,1,0,0,0,0,0,0,0,0,0,0,0,0,0,0,0,0,0,0,0,0,0,0,0,0,0,0,0,0,0,0,0,1,1,1,3,3,3,3,3,3,3,3,3,3,3,3,3,3,3,3,3,3,3,3,3,3,3,
3,3,3,3,3,3,3,3,3,3,3,3,1,0,2,2,2,2,2,2,2,2,2,2,0,0,0,0,0,0,0,0,0,0,0,0,0,0,0,1,0,0,1,0,0,0,0,0,0,0,0,0,0,0,0,0,0,0,0,0,0,0,0,0,0,0,0,0,0,0,0,0,0,0,0,0,1,1,3,3,3,3,3,3,3,3,3,3,3,3,3,3,3,3,3,3,3,3,3,3,
3,3,3,3,3,3,3,3,3,3,3,3,1,1,0,2,2,2,2,2,2,2,2,0,0,0,0,0,0,0,0,0,4,4,4,4,4,0,0,0,0,0,0,0,0,0,0,0,0,0,0,0,0,0,0,0,0,0,0,0,0,0,0,0,0,0,0,0,0,0,0,0,0,0,0,0,0,1,1,3,3,3,3,3,3,3,3,3,3,3,3,3,3,3,3,3,3,3,3,3,
1,1,1,1,1,1,1,1,1,3,3,3,1,1,0,0,2,2,2,2,2,2,2,0,1,0,0,0,0,0,0,0,0,0,0,0,4,0,0,0,0,0,0,0,0,0,0,0,0,0,0,0,0,0,0,0,0,0,0,0,0,0,0,2,2,2,2,2,2,1,0,0,0,0,0,0,0,0,1,1,3,3,3,3,3,3,3,3,3,3,3,3,3,3,3,3,3,3,3,3,
0,0,0,0,1,0,0,0,1,1,3,3,3,1,1,0,1,2,2,2,2,2,2,2,0,0,0,0,0,0,0,0,0,0,0,0,4,0,0,0,0,0,0,0,0,0,0,0,0,0,0,0,0,0,0,0,0,0,0,0,2,2,2,2,2,2,2,2,2,2,2,0,0,0,0,0,0,0,0,1,1,3,3,3,3,3,3,3,3,3,3,3,3,3,3,3,3,3,3,3,
0,0,0,0,0,0,0,0,1,1,1,3,3,3,1,1,0,2,2,2,2,2,2,2,2,0,0,0,0,0,1,0,0,0,0,0,0,0,0,0,0,0,0,0,0,0,0,0,0,2,2,2,2,2,2,2,1,0,0,0,2,2,2,2,2,2,2,2,4,2,2,2,2,0,0,0,0,0,0,0,1,1,3,3,3,3,3,3,3,3,3,3,3,3,3,3,3,3,3,3,
0,0,0,0,0,0,0,0,0,0,1,1,3,3,3,1,0,2,2,2,2,2,2,2,2,1,0,0,0,0,0,0,0,0,0,0,0,0,0,0,0,0,0,0,0,0,0,0,1,2,2,2,2,2,2,2,2,2,2,2,2,2,4,2,2,2,2,2,2,2,2,2,2,2,0,0,0,0,0,0,1,1,1,3,3,3,3,3,3,3,3,3,3,3,3,3,3,3,3,3,
0,0,0,0,0,0,0,0,0,0,0,1,1,3,3,1,1,2,2,2,2,2,2,2,2,2,0,0,0,0,0,0,0,0,0,0,0,0,0,0,0,0,0,0,0,0,0,2,2,2,2,4,2,4,2,2,2,2,2,2,2,2,2,2,2,2,2,2,2,2,2,2,2,2,2,0,0,0,0,0,0,0,1,1,3,3,3,3,3,3,3,3,3,3,3,3,3,3,3,3,
1,1,1,1,1,1,1,0,0,0,0,0,1,1,3,1,0,2,2,2,2,2,2,2,2,2,2,0,0,0,0,0,0,0,0,0,0,0,0,0,0,0,0,0,0,0,2,2,2,2,2,2,2,2,2,2,2,2,2,2,2,2,2,2,2,2,2,2,2,2,2,2,2,2,2,0,0,0,0,0,0,0,0,1,3,3,3,3,3,3,3,3,3,3,3,3,3,3,3,3,
3,3,3,3,3,3,1,0,0,0,0,0,1,1,3,1,0,0,2,2,2,2,2,2,2,2,2,0,0,0,0,0,0,0,0,0,0,0,0,0,0,0,0,0,0,2,2,2,2,2,2,2,2,2,2,2,2,2,2,2,2,2,2,2,2,2,2,2,2,2,2,2,2,2,2,2,0,0,0,0,0,0,0,1,1,3,3,3,3,3,3,3,3,3,3,3,3,3,3,3,
3,3,3,3,3,3,1,1,0,0,0,0,0,1,3,1,1,0,2,2,2,2,2,2,2,2,2,2,0,1,0,0,0,0,0,0,0,0,0,0,0,0,0,0,1,2,2,2,2,2,2,2,2,2,2,2,2,2,2,2,2,2,2,2,2,2,2,2,2,2,2,2,2,2,2,2,2,0,0,0,0,0,0,1,1,3,3,3,3,3,3,3,3,3,3,3,3,3,3,3,
3,3,3,3,3,3,1,1,0,0,0,0,0,1,3,3,1,1,0,2,2,2,2,2,2,2,2,2,2,0,0,0,0,0,0,0,0,0,0,0,0,0,0,0,0,2,2,2,2,2,2,2,2,2,2,2,2,2,2,2,2,2,2,2,2,2,2,2,2,2,2,2,2,2,2,2,2,2,0,0,0,0,0,0,1,1,3,3,3,3,3,3,3,3,3,3,3,3,3,3,
3,3,3,3,3,3,3,1,0,0,0,0,0,1,3,3,1,1,0,0,1,2,2,2,2,2,2,2,2,2,0,0,0,0,0,0,0,0,0,0,0,0,0,0,2,2,2,4,2,2,2,2,2,2,2,2,0,0,0,0,0,0,0,0,0,0,0,0,0,2,2,2,2,2,2,2,2,2,0,0,0,0,0,0,0,1,3,3,3,3,3,3,3,3,3,3,3,3,3,3,
3,3,3,3,3,3,3,1,0,0,0,0,0,1,1,3,3,1,1,1,0,0,2,2,2,2,2,2,2,2,2,2,0,0,0,0,0,0,0,0,0,0,0,2,2,2,2,2,2,2,2,2,2,2,2,0,0,0,0,0,0,1,0,0,0,0,0,0,0,0,0,2,2,2,2,2,2,2,2,0,0,0,0,0,0,1,1,3,3,3,3,3,3,3,3,3,3,3,3,3,
3,3,3,3,3,3,3,1,0,0,0,0,0,0,1,3,3,3,3,1,1,0,0,2,2,2,2,2,2,2,2,2,0,0,0,0,0,0,0,0,0,1,2,2,2,2,2,2,2,2,2,2,2,2,0,0,0,0,1,0,0,0,0,0,0,0,1,0,0,0,0,0,0,2,2,2,2,2,2,0,0,0,0,0,0,0,1,3,3,3,3,3,3,3,3,3,3,3,3,3,
3,3,3,3,3,3,3,1,1,0,0,0,0,0,1,3,3,3,3,3,1,1,0,2,2,2,2,2,2,2,2,2,2,0,1,0,0,0,0,0,2,2,2,2,2,2,2,2,2,2,2,2,2,0,0,0,0,0,0,0,0,0,0,0,0,0,0,0,0,0,0,0,0,0,2,2,2,2,2,2,0,0,0,0,0,0,1,1,3,3,3,3,3,3,3,3,3,3,3,3,
3,3,3,3,3,3,3,1,1,0,0,0,0,0,1,1,1,1,3,3,3,1,1,2,2,2,2,2,2,2,2,2,2,2,2,2,0,0,2,2,2,2,2,2,2,2,2,2,2,2,2,2,2,0,0,0,0,0,0,0,0,0,0,0,1,1,1,0,0,0,0,0,0,0,0,2,2,2,2,2,0,0,0,0,0,0,0,1,3,3,3,3,3,3,3,3,3,3,3,3,
3,3,3,3,3,3,3,3,1,0,0,0,0,0,0,0,1,1,1,1,1,1,0,2,2,2,2,2,2,2,2,2,2,2,2,2,0,0,2,2,2,2,2,2,2,2,2,2,2,2,2,2,0,0,0,0,0,0,0,0,0,0,0,0,1,1,1,0,0,0,0,1,0,0,0,2,2,2,2,2,0,0,0,0,0,0,0,1,3,3,3,3,3,3,3,3,3,3,3,3,
3,3,3,3,3,3,3,3,1,1,0,0,0,0,0,0,0,0,0,0,1,0,0,0,2,2,2,2,2,2,2,2,2,2,2,2,0,0,2,2,2,4,2,2,2,2,2,2,2,2,2,2,0,0,0,1,0,0,0,0,1,0,0,0,0,0,0,0,0,0,0,0,0,0,0,0,2,2,4,2,2,0,1,0,0,0,0,1,1,3,3,3,3,3,3,3,3,3,3,3,
3,3,3,3,3,3,3,3,1,0,0,0,0,0,0,0,0,0,0,0,0,0,0,0,0,2,2,2,2,2,2,2,2,2,2,2,0,0,2,2,2,2,2,2,2,2,2,2,2,2,2,2,0,0,0,0,0,0,0,0,0,0,0,0,0,0,0,0,0,0,0,0,0,0,0,0,0,2,2,2,2,0,0,0,0,0,0,0,1,3,3,3,3,3,3,3,3,3,3,3,
3,3,3,3,3,3,3,3,1,0,0,0,0,0,0,0,0,0,0,0,0,0,0,0,0,0,0,2,2,2,2,2,2,2,2,2,0,0,2,2,2,2,2,2,2,2,2,2,2,2,2,2,0,0,0,0,0,0,0,0,0,0,0,0,0,0,0,0,0,0,0,0,0,0,0,0,0,0,0,0,0,0,0,0,0,0,0,0,1,1,3,3,3,3,3,3,3,3,3,3,
3,3,3,3,3,3,3,3,1,0,0,0,0,0,0,0,0,0,0,0,0,0,0,0,0,0,0,0,2,2,2,2,2,2,2,2,2,2,2,2,2,2,2,2,2,2,2,2,2,2,2,2,0,0,0,0,0,0,0,0,0,0,0,0,0,0,0,0,0,0,0,0,0,0,0,0,1,0,0,0,0,0,0,0,0,0,0,0,0,1,1,3,3,3,3,3,3,3,3,3,
3,3,3,3,3,3,3,3,1,0,1,0,0,0,0,0,1,0,0,0,0,0,0,0,0,0,0,0,0,2,2,2,2,2,2,2,2,2,2,2,2,2,2,2,2,2,4,2,2,2,2,0,0,0,1,0,0,0,0,1,0,0,0,0,0,0,0,4,0,0,0,0,0,0,0,0,0,0,0,0,0,0,0,0,0,0,0,0,0,0,1,3,3,3,3,3,3,3,3,3,
3,3,3,3,3,3,3,3,1,0,0,0,0,0,0,0,0,0,0,0,0,0,0,0,0,0,0,0,0,0,2,2,2,2,2,2,2,2,2,2,2,2,2,2,2,2,2,2,2,0,0,0,0,0,0,0,0,0,0,0,0,0,0,0,0,0,0,0,0,0,0,0,0,0,0,0,0,0,0,0,0,0,0,0,0,0,0,0,0,0,1,1,3,3,3,3,3,3,3,3,
3,3,3,3,3,3,3,1,1,0,0,0,0,0,0,0,0,0,0,0,0,0,0,0,0,0,0,1,0,0,0,2,2,2,2,2,2,2,2,2,2,2,2,2,2,2,0,0,0,0,0,4,4,4,4,4,4,4,4,4,4,0,0,0,0,4,4,4,4,4,4,4,0,0,0,0,0,0,0,0,0,0,0,0,0,1,0,0,0,0,0,1,3,3,3,3,3,3,3,3,
3,3,3,3,3,3,3,1,0,0,0,0,0,0,0,0,0,0,0,0,0,0,0,0,0,0,0,0,0,0,0,0,2,2,2,2,2,2,2,2,2,2,2,2,2,2,0,0,0,0,0,0,0,1,0,0,0,0,0,0,0,0,0,0,0,0,0,0,0,0,0,4,0,0,0,0,0,0,0,0,0,0,0,0,0,0,0,0,0,0,1,1,3,3,3,3,3,3,3,3,
3,3,3,3,3,3,3,1,1,0,0,0,0,0,0,0,0,0,0,0,0,0,0,0,0,0,0,0,0,0,0,0,1,2,2,2,2,2,2,2,2,2,2,2,2,0,0,0,0,0,1,0,0,0,0,0,0,0,0,0,0,0,0,0,0,0,0,4,0,0,0,4,0,0,0,0,0,0,0,0,0,0,0,0,0,0,0,0,0,0,0,1,3,3,3,3,3,3,3,3,
3,3,3,3,3,3,3,1,0,0,0,0,0,0,0,0,0,1,1,1,1,1,1,1,0,0,0,0,0,0,0,0,0,2,2,2,2,2,2,2,2,2,2,2,2,0,1,0,0,0,0,0,0,0,0,0,0,0,0,0,0,0,0,0,0,0,0,0,0,0,0,4,0,0,0,0,0,0,0,0,0,0,0,0,0,0,0,0,0,0,0,1,1,3,3,3,3,3,3,3,
3,3,3,3,3,3,3,1,0,0,0,0,0,0,0,0,0,1,3,3,3,3,1,1,0,0,0,0,0,0,0,0,2,2,2,2,2,2,2,2,2,2,2,2,0,0,0,0,0,0,0,0,0,0,0,0,0,0,0,0,0,0,0,0,0,0,0,0,0,0,0,4,0,0,0,1,0,0,0,0,0,0,0,1,0,0,0,0,0,0,0,0,1,3,3,3,3,3,3,3,
3,3,3,3,3,3,3,1,0,0,0,0,0,0,0,0,0,1,3,3,3,3,3,1,1,1,0,0,0,0,0,0,2,2,2,2,2,2,2,2,2,2,2,2,0,0,0,0,0,0,0,0,0,0,0,4,0,0,0,0,0,0,0,0,0,0,0,0,0,0,0,4,0,0,0,0,0,0,0,0,0,0,0,0,0,0,0,0,0,0,0,0,1,3,3,3,3,3,3,3,
3,3,3,3,3,3,1,1,0,0,0,0,0,0,0,0,1,1,3,3,3,3,3,3,3,1,1,0,0,0,0,0,0,2,2,2,2,2,2,2,2,2,2,2,0,0,0,0,0,0,0,0,0,0,0,0,0,0,0,0,0,0,0,0,0,0,0,0,0,0,0,4,0,0,0,0,0,0,0,0,0,0,0,0,0,0,0,0,0,0,0,0,1,3,3,3,3,3,3,3,
3,3,3,3,3,3,1,1,0,0,1,0,0,0,0,0,0,1,3,3,3,3,3,3,3,3,1,0,0,0,0,0,0,0,2,2,2,2,2,2,2,2,2,2,0,0,0,0,0,0,0,1,0,0,0,0,0,0,0,0,0,0,0,0,0,0,0,0,0,0,0,4,0,0,0,0,0,0,1,1,1,1,1,0,0,0,0,0,0,0,0,0,1,3,3,3,3,3,3,3,
3,3,3,3,3,3,1,0,0,0,0,0,0,0,0,0,0,1,3,3,3,3,3,3,3,3,1,0,0,0,0,0,0,0,2,2,2,2,2,2,2,2,2,2,0,0,0,0,0,0,0,0,0,0,0,0,0,0,0,0,0,4,0,0,0,0,0,0,0,0,0,4,0,0,0,0,0,1,1,3,3,3,1,0,0,0,0,0,0,0,0,0,1,3,3,3,3,3,3,3,
3,3,3,3,3,3,1,0,4,0,0,0,0,0,0,0,0,1,3,3,3,3,3,3,3,3,1,1,0,0,0,0,0,0,2,2,2,2,2,2,2,2,2,2,0,0,1,0,0,0,0,0,0,0,0,0,0,0,0,0,0,0,0,0,0,0,0,0,0,0,0,4,0,1,0,0,1,1,3,3,3,3,1,1,0,0,0,0,0,0,0,0,1,3,3,3,3,3,3,3,
3,3,3,3,3,3,1,4,4,0,0,0,0,0,0,0,0,1,3,3,3,3,3,3,3,1,1,0,0,0,0,0,0,0,0,2,2,2,2,2,2,2,2,2,0,0,0,0,0,0,0,0,0,0,0,0,0,0,0,0,0,0,0,0,0,0,0,0,0,0,0,4,0,0,0,0,0,1,3,3,3,3,3,1,1,0,0,0,0,0,0,1,1,1,3,3,3,3,3,3,
3,3,3,3,3,3,1,0,4,0,0,0,0,0,0,0,0,1,1,3,3,3,3,3,3,1,0,0,0,0,0,0,0,0,0,0,0,4,2,2,0,0,0,0,0,0,0,0,0,0,0,0,0,0,0,0,0,0,0,0,0,0,0,0,0,0,0,0,0,0,0,4,0,0,0,0,0,1,3,3,3,3,3,1,1,0,0,0,0,0,0,0,0,1,3,3,3,3,3,3,
3,3,3,3,3,3,1,1,0,0,0,0,0,0,0,0,0,1,1,3,3,3,3,3,3,1,1,0,0,0,0,0,0,0,0,2,2,2,2,2,2,2,2,2,0,0,0,0,0,0,0,0,0,0,0,0,0,0,0,0,0,0,0,0,0,0,0,0,0,0,0,4,0,0,0,0,0,1,3,3,3,3,3,3,1,0,0,0,0,0,0,0,0,1,1,3,3,3,3,3,
3,3,3,3,3,3,3,1,1,0,0,0,0,0,0,0,0,0,1,3,3,3,3,3,1,1,0,0,0,0,0,0,0,0,0,2,2,2,2,2,2,2,2,2,0,0,0,0,0,0,0,0,0,0,0,0,0,0,0,0,0,0,0,0,0,0,0,0,0,0,0,4,0,0,0,0,0,1,3,3,3,3,3,3,1,0,0,0,0,0,0,0,0,0,1,3,3,3,3,3,
3,3,3,3,3,3,3,1,1,0,0,0,0,0,0,0,0,0,1,1,3,3,3,3,1,0,0,0,0,0,0,0,0,0,0,0,2,2,2,2,2,2,2,2,0,0,0,0,0,0,0,0,0,0,0,0,0,0,0,0,0,0,0,0,0,0,0,0,0,0,0,4,0,0,0,1,0,1,3,3,3,3,3,3,1,4,0,0,0,0,0,0,0,0,1,3,3,3,3,3,
3,3,3,3,3,3,3,3,1,1,0,0,0,0,0,0,0,0,0,1,1,3,3,3,1,0,1,0,0,0,0,1,0,0,0,0,2,2,4,2,2,2,2,2,0,0,0,0,0,1,0,0,0,0,0,0,0,0,0,4,0,0,0,0,0,0,0,0,0,0,0,4,0,0,0,0,0,1,1,3,3,3,3,3,1,1,0,0,0,0,0,0,0,0,1,3,3,3,3,3,
3,3,3,3,3,3,3,3,3,1,1,1,0,0,0,0,0,0,0,0,1,1,1,1,1,0,0,0,0,0,0,0,0,0,0,0,2,2,2,2,2,2,2,2,2,0,0,0,0,0,0,0,0,0,0,0,0,0,0,0,0,0,0,0,0,0,0,0,0,0,0,4,0,0,0,0,0,0,1,3,3,3,3,3,1,1,4,0,0,0,0,0,0,0,1,3,3,3,3,3,
3,3,3,3,3,3,3,3,3,3,3,1,0,0,0,0,0,0,0,0,0,0,1,0,0,0,0,0,0,0,0,0,0,0,0,0,0,2,2,2,2,2,2,2,2,0,1,0,0,0,0,0,0,0,0,0,0,0,0,0,0,0,0,0,0,0,0,0,0,0,0,4,0,0,0,0,0,0,1,3,3,3,3,3,3,1,1,0,0,0,0,0,0,0,1,3,3,3,3,3,
3,3,3,3,3,3,3,3,3,3,3,1,0,0,0,0,0,0,0,0,0,0,0,0,0,0,0,0,0,0,0,0,0,0,0,0,0,4,2,2,2,2,2,2,2,2,0,0,0,0,0,0,0,0,0,0,0,0,0,0,0,0,0,0,0,4,0,0,0,0,0,4,0,0,1,0,0,0,1,3,3,3,3,3,3,3,1,4,0,0,0,0,0,1,1,3,3,3,3,3,
3,3,3,3,3,3,3,3,3,3,3,1,1,0,0,0,1,0,0,0,0,0,0,0,0,0,0,0,0,0,0,0,0,0,0,0,0,4,2,2,2,2,2,2,2,2,2,0,0,0,0,0,0,0,0,0,0,0,0,0,0,0,0,0,0,0,0,0,0,0,0,4,0,0,0,0,0,0,1,1,3,3,3,3,3,3,1,4,0,0,0,0,0,1,3,3,3,3,3,3,
3,3,3,3,3,3,3,3,3,3,3,3,1,1,0,0,0,0,0,0,0,0,0,0,0,0,0,0,0,0,0,0,0,0,0,0,0,0,2,2,2,2,2,2,2,2,2,2,0,0,0,1,0,0,0,0,0,0,0,0,0,0,0,0,0,0,0,0,0,0,0,0,0,4,4,4,0,0,0,1,1,3,3,3,3,3,1,0,0,0,0,0,0,1,3,3,3,3,3,3,
3,3,3,3,3,3,3,3,3,3,3,3,1,0,0,0,0,0,0,0,0,0,0,0,0,0,0,0,0,0,0,0,0,0,0,0,0,0,2,2,2,2,2,2,2,2,2,2,0,0,0,0,0,0,0,0,0,0,0,0,0,0,0,0,0,0,0,0,0,0,0,0,0,0,0,4,0,0,1,0,1,3,3,3,3,3,1,0,0,0,0,0,0,1,3,3,3,3,3,3,
3,3,3,3,3,3,3,3,3,3,3,3,1,0,0,0,0,0,0,0,0,0,0,0,0,0,0,0,0,0,0,0,0,0,0,0,0,0,0,2,2,2,2,2,2,2,2,2,2,0,0,0,0,0,0,0,0,0,0,0,0,0,0,0,0,0,0,0,0,0,0,0,0,0,0,4,0,0,0,0,1,3,3,3,3,3,1,1,0,0,0,0,0,1,3,3,3,3,3,3,
3,3,3,3,3,3,3,3,3,3,3,1,1,0,0,0,0,0,0,0,0,0,0,0,0,0,0,0,0,0,0,0,0,1,0,0,0,0,0,2,2,2,2,2,2,2,2,2,2,0,0,0,0,0,0,0,0,0,0,0,0,0,0,0,0,0,0,0,0,0,0,0,4,0,0,4,0,0,0,0,1,3,3,3,3,1,1,0,0,0,0,0,0,1,1,3,3,3,3,3,
3,3,3,3,3,3,3,3,3,3,3,1,0,0,0,0,0,0,0,1,1,1,1,0,0,0,0,0,0,0,0,0,0,0,0,0,0,0,0,0,2,2,2,2,2,2,2,2,2,2,0,1,0,0,0,0,0,0,0,0,0,0,0,0,0,0,0,0,0,0,0,0,0,0,0,4,0,0,0,0,1,1,3,3,1,1,0,0,0,0,0,0,0,0,1,3,3,3,3,3,
3,3,3,3,3,3,3,3,3,3,3,1,1,0,0,0,0,0,0,1,3,3,1,1,1,0,0,0,0,1,0,0,0,0,0,0,0,0,0,0,0,2,2,2,2,2,2,2,2,2,2,0,0,0,0,0,0,0,0,0,0,0,0,0,0,0,0,0,0,0,0,0,0,0,0,4,0,0,0,0,0,1,1,1,1,1,0,0,0,0,0,0,0,0,1,3,3,3,3,3,
3,3,3,3,3,3,3,3,3,3,3,1,1,0,0,0,0,0,0,1,3,3,3,3,1,1,1,0,0,0,0,0,0,0,0,0,0,0,0,0,0,0,2,2,2,2,2,2,2,2,2,2,0,0,0,0,0,0,0,0,0,0,0,0,0,0,0,0,0,0,0,0,0,0,0,4,0,0,0,1,0,0,0,0,0,0,0,0,0,0,0,0,0,1,1,3,3,3,3,3,
3,3,3,3,3,3,3,3,3,3,3,3,1,1,0,0,0,0,0,1,1,3,3,3,3,3,1,1,0,0,0,0,0,0,0,0,0,0,0,0,0,0,2,2,2,2,2,2,2,2,2,2,2,0,0,0,0,0,0,0,0,0,0,0,0,0,0,0,0,0,0,0,0,0,0,4,0,0,0,0,0,0,0,0,0,0,0,0,0,0,0,0,0,0,1,3,3,3,3,3,
3,3,3,3,3,3,3,3,3,3,3,3,3,1,0,0,0,0,0,0,1,3,3,3,3,3,3,1,0,0,0,0,0,0,0,0,0,0,0,0,0,0,2,2,2,2,2,2,2,2,2,2,2,2,0,0,0,0,0,0,0,0,4,0,0,0,0,0,0,0,0,0,0,0,0,4,0,1,0,0,0,0,0,0,0,0,0,0,0,0,0,0,0,1,1,3,3,3,3,3,
3,3,3,3,3,3,3,3,3,3,3,3,3,1,1,0,0,0,0,0,1,3,3,3,3,3,3,1,0,0,0,0,0,0,0,0,0,0,0,0,0,0,0,2,2,2,2,2,2,2,2,2,2,2,2,0,1,0,0,0,0,0,0,0,0,0,0,0,0,0,0,0,0,0,0,4,0,0,0,0,0,0,0,0,0,0,0,0,0,0,0,0,0,1,3,3,3,3,3,3,
3,3,3,3,3,3,3,3,3,3,3,3,3,1,1,0,0,0,0,0,1,1,1,3,3,3,3,1,1,0,0,0,0,0,0,0,0,0,0,0,0,0,0,0,2,2,2,2,2,2,2,2,2,2,2,2,0,0,0,0,0,0,0,0,0,0,0,0,0,0,0,0,0,0,0,0,0,0,0,0,0,0,0,0,0,0,0,0,0,0,0,1,1,1,3,3,3,3,3,3,
3,3,3,3,3,3,3,3,3,3,3,3,3,3,1,0,0,0,0,0,0,0,1,3,3,3,3,3,1,0,0,0,0,0,0,0,0,1,0,0,0,0,1,0,0,2,2,2,2,2,2,2,2,2,2,2,2,0,0,0,0,0,0,0,0,0,0,0,0,1,0,0,0,4,0,0,0,0,0,0,0,0,0,0,0,0,0,0,0,0,0,1,1,3,3,3,3,3,3,3,
3,3,3,3,3,3,3,3,3,3,3,3,3,3,1,0,0,0,0,0,0,0,1,3,3,3,3,1,1,0,0,0,0,0,0,0,0,0,0,0,0,0,0,0,0,0,2,2,2,2,2,2,2,2,2,2,2,0,0,0,0,0,0,0,0,0,0,0,0,0,0,0,0,0,0,4,0,0,0,0,0,0,0,0,0,0,0,0,0,0,1,1,3,3,3,3,3,3,3,3,
3,3,3,3,3,3,3,3,3,3,3,3,3,3,1,0,0,0,0,0,0,0,1,3,3,3,3,1,0,0,0,0,0,0,0,0,0,0,0,0,0,0,0,0,0,0,0,2,2,2,2,2,2,2,2,2,2,2,1,0,0,0,0,0,0,0,0,0,0,0,0,0,0,0,0,4,0,0,0,0,0,0,0,0,0,0,0,0,0,1,1,3,3,3,3,3,3,3,3,3,
3,3,3,3,3,3,3,3,3,3,3,3,3,3,1,1,1,0,0,0,0,0,1,1,3,3,3,1,1,0,0,0,0,0,0,0,0,0,0,0,0,0,0,0,0,0,0,0,2,2,2,2,2,2,2,2,2,2,2,0,0,0,0,0,0,0,0,0,0,0,0,0,0,0,0,4,0,0,0,0,0,0,0,0,0,0,0,0,1,1,3,3,3,3,3,3,3,3,3,3,
3,3,3,3,3,3,3,3,3,3,3,3,3,3,3,1,1,0,0,0,0,0,0,1,1,3,1,1,0,0,0,0,0,0,0,0,0,0,0,0,0,0,0,0,0,0,0,0,0,2,2,2,2,2,2,2,2,2,2,0,0,0,0,0,0,0,0,4,0,0,0,0,0,0,0,4,0,0,0,0,0,0,1,0,0,0,0,0,1,3,3,3,3,3,3,3,3,3,3,3,
3,3,3,3,3,3,3,3,3,3,3,3,3,3,3,3,1,1,0,0,0,0,0,0,1,1,1,0,0,0,0,0,0,0,0,0,0,1,1,1,1,1,0,0,0,0,1,0,0,2,2,2,2,2,2,2,2,2,2,0,0,0,0,0,0,0,0,0,0,0,0,0,0,0,0,4,0,0,0,0,0,0,0,0,0,0,0,1,1,3,3,3,3,3,3,3,3,3,3,3,
3,3,3,3,3,3,3,3,3,3,3,3,3,3,3,3,3,1,1,0,0,0,0,0,0,0,1,0,0,0,0,0,0,0,0,0,0,1,3,3,3,1,0,0,0,0,0,0,0,2,2,2,2,2,2,2,2,2,2,0,0,0,0,0,4,0,0,0,0,0,0,0,0,0,0,4,0,0,1,0,0,0,0,0,0,0,1,1,3,3,3,3,3,3,3,3,3,3,3,3,
3,3,3,3,3,3,3,3,3,3,3,3,3,3,3,3,3,3,1,1,0,0,0,0,0,0,0,0,0,0,0,0,0,0,0,0,0,1,3,3,3,1,0,0,0,0,0,0,0,0,2,2,2,2,2,2,2,2,0,0,0,0,0,0,0,0,0,0,0,0,0,0,0,0,0,4,0,0,0,0,0,1,1,1,1,1,1,3,3,3,3,3,3,3,3,3,3,3,3,3,
3,3,3,3,3,3,3,3,3,3,3,3,3,3,3,3,3,3,3,1,1,0,0,0,0,0,0,0,0,0,0,0,0,1,0,0,0,1,3,3,3,1,0,0,0,0,0,0,0,4,2,4,2,2,2,2,2,2,0,0,1,0,0,0,0,0,0,0,0,0,0,0,0,0,0,4,0,0,0,1,1,1,3,3,3,3,3,3,3,3,3,3,3,3,3,3,3,3,3,3,
3,3,3,3,3,3,3,3,3,3,3,3,3,3,3,3,3,3,1,1,0,0,0,0,0,0,0,0,0,0,0,0,0,0,0,0,0,1,1,1,1,1,0,1,0,0,0,1,0,4,2,2,2,2,2,2,2,2,0,0,0,0,0,0,0,0,0,0,0,0,0,0,0,0,0,4,0,1,0,1,3,3,3,3,3,3,3,3,3,3,3,3,3,3,3,3,3,3,3,3,
3,3,3,3,3,3,3,3,1,1,1,1,1,1,1,1,3,1,1,0,0,0,0,0,0,0,0,0,0,0,0,0,0,0,0,0,0,0,0,0,4,4,0,0,0,0,0,0,0,0,2,2,2,2,2,2,2,0,0,0,0,0,0,0,0,0,0,0,0,0,0,0,0,0,0,4,0,0,0,1,3,3,3,3,3,3,3,3,3,3,3,3,3,3,3,3,3,3,3,3,
3,3,3,3,3,3,3,1,1,1,4,0,1,4,1,1,3,1,1,0,0,0,0,0,0,0,0,0,0,0,0,0,0,0,0,0,0,0,0,0,0,0,0,0,0,0,0,0,0,4,2,4,2,2,2,2,2,0,0,0,0,0,0,0,0,0,0,0,0,0,0,0,0,0,0,4,0,0,0,1,3,3,3,3,3,3,3,3,3,3,3,3,3,3,3,3,3,3,3,3,
3,3,3,3,3,3,1,1,0,0,0,0,0,4,0,1,1,1,0,0,0,0,0,0,0,0,0,0,0,0,0,0,0,0,0,0,0,0,0,0,0,0,0,0,0,0,0,0,0,4,2,2,2,2,2,2,2,2,0,1,0,0,0,0,0,0,0,0,0,0,0,0,0,0,0,4,0,0,0,1,1,3,3,3,3,3,3,3,3,3,3,3,3,3,3,3,3,3,3,3,
3,3,3,3,3,1,1,0,1,0,0,0,0,0,0,0,0,0,0,0,0,0,0,0,0,0,0,0,0,0,0,0,0,0,0,0,0,0,0,0,0,0,0,0,0,0,0,0,0,2,2,2,2,2,2,2,2,2,2,0,0,0,0,0,0,0,0,0,0,0,0,0,0,0,0,0,0,0,0,0,1,1,3,3,3,3,3,3,3,3,3,3,3,3,3,3,3,3,3,3,
3,3,3,3,1,1,0,4,0,0,0,0,0,0,0,0,0,0,0,0,0,0,0,0,0,0,0,0,0,0,0,0,0,0,0,0,0,0,0,0,0,0,0,0,0,0,1,0,0,2,2,2,2,2,2,2,2,2,2,0,0,0,0,0,0,1,0,0,0,0,0,0,0,0,0,0,0,0,0,0,0,1,1,3,3,3,3,3,3,3,3,3,3,3,3,3,3,3,3,3,
3,3,3,3,1,1,0,4,0,0,0,0,0,0,0,0,0,0,0,0,0,0,0,0,0,0,1,0,0,0,0,0,0,0,1,0,0,0,0,0,0,0,0,0,0,0,0,0,0,2,2,2,2,2,2,2,2,2,2,0,0,1,1,0,0,0,0,0,0,0,0,0,0,0,0,0,0,0,0,0,0,0,1,1,3,3,3,3,3,3,3,3,3,3,3,3,3,3,3,3,
3,3,3,1,1,0,0,0,0,0,0,0,0,0,0,0,0,0,0,0,0,0,0,0,0,0,0,0,0,0,0,0,0,0,0,0,0,0,0,0,0,0,0,0,0,0,0,0,2,2,2,2,2,2,2,2,2,2,2,0,0,1,1,0,0,0,4,0,0,0,0,0,0,0,0,0,1,0,0,0,0,0,0,1,3,3,3,3,3,3,3,3,3,3,3,3,3,3,3,3,
3,3,1,1,0,0,0,0,0,0,0,0,0,0,0,0,0,0,0,0,0,0,0,0,0,0,0,0,0,0,0,0,0,0,0,0,0,0,0,0,0,0,0,0,0,0,0,2,2,2,2,2,2,2,2,2,2,2,0,0,0,1,1,0,0,0,0,0,0,0,0,0,0,0,0,0,0,0,0,0,0,0,1,1,1,3,3,3,3,3,3,3,3,3,3,3,3,3,3,3,
3,3,1,1,0,0,4,0,0,0,0,0,0,0,0,0,0,0,0,0,0,0,0,0,0,0,0,0,0,0,0,0,0,0,0,0,0,0,0,0,0,0,0,0,0,0,2,2,2,2,2,2,2,2,2,2,2,0,0,0,0,0,4,0,0,0,0,0,0,0,0,0,0,0,0,0,0,0,0,0,0,0,0,0,1,3,3,3,3,3,3,3,3,3,3,3,3,3,3,3,
3,3,1,0,0,0,0,0,0,0,0,0,0,0,0,0,0,0,0,0,0,0,1,0,0,0,0,0,0,0,0,0,0,0,0,0,0,0,0,0,0,1,0,0,0,2,2,2,2,2,2,2,2,2,2,2,2,0,1,0,0,0,0,0,0,0,0,0,0,0,0,0,1,0,0,0,0,0,1,0,0,0,0,0,1,3,3,3,3,3,3,3,3,3,3,3,3,3,3,3,
3,3,1,0,0,0,0,0,0,0,0,0,0,0,0,0,0,0,0,0,0,0,0,0,0,0,0,0,0,0,0,0,0,0,0,0,0,0,0,0,0,0,0,2,2,2,2,2,2,2,2,2,2,2,2,2,1,1,1,0,0,0,0,0,0,0,0,0,0,0,0,0,0,0,0,0,0,0,0,0,0,0,0,0,1,1,3,3,3,3,3,3,3,3,3,3,3,3,3,3,
3,3,1,0,0,0,0,0,0,0,0,1,0,0,0,0,0,0,0,0,0,0,0,0,0,0,0,0,0,0,0,0,0,0,0,0,0,0,0,0,0,0,2,2,2,2,2,2,2,2,2,2,2,2,2,2,1,3,1,1,0,0,0,0,0,0,0,0,0,0,0,0,0,0,0,0,0,0,0,0,0,0,0,0,0,1,1,3,3,3,3,3,3,3,3,3,3,3,3,3,
3,3,1,0,1,0,0,0,0,0,0,0,0,0,0,0,0,0,1,0,0,0,0,0,0,0,0,0,0,0,0,0,0,0,0,0,0,0,0,0,0,2,2,2,2,2,2,2,2,2,2,2,2,2,2,1,1,3,3,1,1,1,1,0,0,0,0,0,0,0,0,0,0,0,0,0,0,0,0,0,0,0,0,0,0,0,1,1,3,3,3,3,3,3,3,3,3,3,3,3,
3,3,1,0,4,0,0,0,0,0,0,0,0,0,0,0,0,0,0,0,0,0,0,0,0,0,0,0,0,0,0,0,0,0,0,0,0,0,0,0,2,2,2,2,2,2,2,2,2,2,2,2,2,2,2,1,3,3,3,3,3,1,1,0,0,0,0,0,0,0,0,0,0,0,0,0,0,0,0,0,0,0,0,0,0,0,0,1,1,3,3,3,3,3,3,3,3,3,3,3,
1,1,1,1,0,0,0,0,0,0,0,0,0,0,0,0,0,0,0,0,0,0,0,0,0,0,0,0,0,0,0,0,0,1,0,0,0,0,0,2,2,2,2,2,2,2,2,2,2,2,2,2,2,2,1,1,3,3,3,3,3,3,1,1,0,0,0,1,0,0,0,0,0,0,0,0,0,0,0,0,0,0,0,0,0,0,0,0,1,1,3,3,3,3,3,3,3,3,3,3,
2,2,2,2,2,2,0,0,0,1,0,0,0,0,0,0,0,0,0,0,0,0,0,0,0,0,0,0,0,0,0,0,0,0,0,0,0,2,2,2,2,2,2,2,2,2,2,2,2,2,2,2,2,1,1,3,3,3,3,3,3,3,3,1,1,1,1,1,1,0,0,0,0,0,0,0,1,0,0,0,0,0,0,0,0,0,0,0,0,1,3,3,3,3,3,3,3,3,3,3,
2,4,2,2,2,2,2,2,2,2,0,0,0,0,0,0,0,0,0,0,0,0,0,0,0,0,0,0,4,4,2,2,2,2,2,2,2,2,2,2,2,2,2,2,2,2,2,2,2,2,2,2,1,1,3,3,3,3,3,3,3,3,3,3,3,3,3,3,1,1,1,1,0,0,0,0,0,0,0,0,1,0,0,0,0,0,0,0,0,1,3,3,3,3,3,3,3,3,3,3,
2,2,2,4,2,2,2,2,2,2,2,2,2,0,0,0,0,0,0,0,0,0,0,0,0,4,4,2,2,2,2,2,2,2,2,2,4,2,2,2,2,2,2,2,2,2,2,2,2,2,2,1,1,3,3,3,3,3,3,3,3,3,3,3,3,3,3,3,3,3,3,3,1,0,0,0,0,0,0,0,0,0,0,0,0,0,0,0,1,1,1,3,3,3,3,3,3,3,3,3,
2,2,2,2,2,2,2,2,2,2,2,2,2,2,2,1,0,0,0,0,0,0,0,1,2,2,2,2,2,2,2,2,2,2,2,4,2,2,2,2,2,2,2,2,2,2,2,2,1,1,1,1,3,3,3,3,3,3,3,3,3,3,3,3,3,3,3,3,3,3,3,3,3,1,0,0,1,0,0,0,0,0,0,0,0,0,0,0,0,0,1,3,3,3,3,3,3,3,3,3,
2,2,2,2,2,2,2,2,2,2,2,2,2,2,2,2,2,0,0,2,2,2,2,2,2,2,2,2,2,2,2,2,2,2,2,2,2,2,2,2,2,2,2,2,1,1,1,1,1,3,3,3,3,3,3,3,3,3,3,3,3,3,3,3,3,3,3,3,3,3,3,3,3,1,1,1,1,1,0,0,0,0,0,0,0,0,0,0,0,0,1,3,3,3,3,3,3,3,3,3,
2,2,2,2,2,2,2,2,2,2,2,2,2,2,2,2,2,2,2,2,2,2,4,2,2,2,2,2,2,2,2,2,2,2,2,2,2,2,2,2,2,2,1,1,1,3,3,3,3,3,3,3,3,3,3,3,3,3,3,3,3,3,3,3,3,3,3,3,3,3,3,3,3,3,3,3,3,1,1,1,1,0,0,0,0,0,0,0,0,0,1,1,3,3,3,3,3,3,3,3,
2,2,4,2,2,2,2,2,2,2,2,2,2,2,2,2,2,2,2,2,2,2,2,4,2,2,2,2,2,2,2,2,2,2,2,2,2,2,2,2,2,1,1,3,3,3,3,3,3,3,3,3,3,3,3,3,3,3,3,3,3,3,3,3,3,3,3,3,3,3,3,3,3,3,3,3,3,3,3,3,1,0,0,0,0,0,0,0,0,0,0,1,3,3,3,3,3,3,3,3,
1,2,2,2,2,2,2,2,2,2,2,2,2,2,2,2,2,2,2,2,2,2,2,2,2,2,2,2,2,2,2,2,2,2,2,2,2,2,2,1,1,1,3,3,3,3,3,3,3,3,3,3,3,3,3,3,3,3,3,3,3,3,3,3,3,3,3,3,3,3,3,3,3,3,3,3,3,3,3,3,1,1,0,0,0,0,0,0,0,0,0,1,3,3,3,3,3,3,3,3,
1,1,2,2,2,2,2,2,2,2,2,2,2,2,2,2,2,2,2,2,2,2,2,2,2,2,2,2,2,2,2,2,2,2,2,2,1,1,1,1,3,3,3,3,3,3,3,3,3,3,3,3,3,3,3,3,3,3,3,3,3,3,3,3,3,3,3,3,3,3,3,3,3,3,3,3,3,3,3,3,3,1,1,0,0,0,0,0,0,0,1,1,3,3,3,3,3,3,3,3,
3,1,1,1,2,2,2,2,2,2,2,2,2,2,2,2,2,2,2,2,2,1,1,1,1,1,1,1,1,1,2,1,1,1,1,1,1,3,3,3,3,3,3,3,3,3,3,3,3,3,3,3,3,3,3,3,3,3,3,3,3,3,3,3,3,3,3,3,3,3,3,3,3,3,3,3,3,3,3,3,3,3,1,1,1,0,0,0,0,0,0,1,3,3,3,3,3,3,3,3,
3,3,3,1,1,1,1,1,1,2,2,2,2,2,2,2,2,2,2,2,1,1,3,3,3,3,3,3,3,1,1,1,3,3,3,3,3,3,3,3,3,3,3,3,3,3,3,3,3,3,3,3,3,3,3,3,3,3,3,3,3,3,3,3,3,3,3,3,3,3,3,3,3,3,3,3,3,3,3,3,3,3,3,1,1,0,0,0,0,0,0,1,3,3,3,3,3,3,3,3,
3,3,3,3,3,3,3,3,1,1,1,1,1,1,2,2,2,2,1,1,1,3,3,3,3,3,3,3,3,3,3,3,3,3,3,3,3,3,3,3,3,3,3,3,3,3,3,3,3,3,3,3,3,3,3,3,3,3,3,3,3,3,3,3,3,3,3,3,3,3,3,3,3,3,3,3,3,3,3,3,3,3,3,3,1,1,0,0,0,0,0,1,3,3,3,3,3,3,3,3,
3,3,3,3,3,3,3,3,3,3,3,3,3,1,1,1,1,1,1,3,3,3,3,3,3,3,3,3,3,3,3,3,3,3,3,3,3,3,3,3,3,3,3,3,3,3,3,3,3,3,3,3,3,3,3,3,3,3,3,3,3,3,3,3,3,3,3,3,3,3,3,3,3,3,3,3,3,3,3,3,3,3,3,3,3,1,1,0,0,0,0,1,3,3,3,3,3,3,3,3,
3,3,3,3,3,3,3,3,3,3,3,3,3,3,3,3,3,3,3,3,3,3,3,3,3,3,3,3,3,3,3,3,3,3,3,3,3,3,3,3,3,3,3,3,3,3,3,3,3,3,3,3,3,3,3,3,3,3,3,3,3,3,3,3,3,3,3,3,3,3,3,3,3,3,3,3,3,3,3,3,3,3,3,3,3,3,1,0,0,0,0,1,3,3,3,3,3,3,3,3

[event]
# to Southern Ridge
type=event
location=87,99,4,1
activate=on_trigger
hotspot=location
intermap=maps/southern_ridge.txt,19,2
tooltip=Southern Ridge

[event]
# Supplies
type=event
location=86,46,1,1
activate=on_trigger
hotspot=location
loot=loot/level_10.txt
mapmod=object,86,46,99
repeat=false
soundfx=soundfx/wood_open.ogg
tooltip=Supplies

[event]
# Supplies
type=event
location=8,41,1,1
activate=on_trigger
hotspot=location
loot=loot/level_10.txt
mapmod=object,8,41,97
repeat=false
soundfx=soundfx/wood_open.ogg
tooltip=Supplies

[event]
# Wind and crickets sound effect
type=event
location=0,0,1,1
activate=on_load
soundfx=soundfx/environment/wind_loop.ogg

[event]
# Raven sound effect
type=event
location=41,71,1,1
activate=on_load
soundfx=soundfx/environment/raven_loop.ogg

[event]
# Raven sound effect
type=event
location=84,40,1,1
activate=on_load
soundfx=soundfx/environment/raven_loop.ogg

[event]
# Forrest owl sound effect
type=event
location=10,18,1,1
activate=on_load
soundfx=soundfx/environment/forest_owl_loop.ogg

[event]
# Forrest owl sound effect
type=event
location=45,8,1,1
activate=on_load
soundfx=soundfx/environment/forest_owl_loop.ogg

[event]
# Forrest owl sound effect
type=event
location=8,82,1,1
activate=on_load
soundfx=soundfx/environment/forest_owl_loop.ogg

[event]
# Bird twitter
type=event
location=63,47,1,1
activate=on_load
soundfx=soundfx/environment/bird_twitter_loop.ogg

[event]
# Bird twitter
type=event
location=22,51,1,1
activate=on_load
soundfx=soundfx/environment/bird_twitter_loop.ogg

[event]
# Bird twitter
type=event
location=75,8,1,1
activate=on_load
soundfx=soundfx/environment/bird_twitter_loop.ogg

[event]
# River sound
type=event
location=6,91,1,1
activate=on_load
soundfx=soundfx/environment/river_loop.ogg

[event]
# River sound
type=event
location=30,91,1,1
activate=on_load
soundfx=soundfx/environment/river_loop.ogg

[event]
# River sound
type=event
location=51,81,1,1
activate=on_load
soundfx=soundfx/environment/river_loop.ogg

[event]
# River sound
type=event
location=55,67,1,1
activate=on_load
soundfx=soundfx/environment/river_loop.ogg

[event]
# River sound
type=event
location=47,57,1,1
activate=on_load
soundfx=soundfx/environment/river_loop.ogg

[event]
# River sound
type=event
location=39,42,1,1
activate=on_load
soundfx=soundfx/environment/river_loop.ogg

[event]
# River sound
type=event
location=37,28,1,1
activate=on_load
soundfx=soundfx/environment/river_loop.ogg

[event]
# River sound
type=event
location=50,18,1,1
activate=on_load
soundfx=soundfx/environment/river_loop.ogg

[event]
# River sound
type=event
location=67,14,1,1
activate=on_load
soundfx=soundfx/environment/river_loop.ogg

[event]
# River sound
type=event
location=19,3,1,1
activate=on_load
soundfx=soundfx/environment/river_loop.ogg

[event]
# River sound
type=event
location=22,14,1,1
activate=on_load
soundfx=soundfx/environment/river_loop.ogg

[event]
# River sound
type=event
location=27,23,1,1
activate=on_load
soundfx=soundfx/environment/river_loop.ogg

[event]
# to Dilapidated Sewers (east)
type=event
location=32,9,4,4
activate=on_trigger
hotspot=location
intermap=maps/dilapidated_sewers.txt,64,8
soundfx=soundfx/environment/stairs.ogg,0,0
tooltip=Dilapidated Sewers

[event]
# to Dilapidated Sewers (west)
type=event
location=38,71,2,1
activate=on_trigger
hotspot=location
intermap=maps/dilapidated_sewers.txt,21,72
soundfx=soundfx/environment/stairs.ogg,0,0
tooltip=Dilapidated Sewers

[event]
# lumber
type=event
location=37,41,1,1
activate=on_trigger
hotspot=location
mapmod=object,37,41,0;collision,37,41,0;collision,38,41,0;collision,39,41,0;background,38,41,202;background,39,41,202
reachable_from=35,41,2,1
repeat=false
requires_not_status=emp_blackoak_shortcut
set_status=emp_blackoak_shortcut
soundfx=soundfx/inventory/inventory_wood.ogg
tooltip=Lumber

[event]
# open shortcut (on load)
type=event
location=38,39,1,1
activate=on_load
mapmod=object,37,41,0;collision,37,41,0;collision,38,41,0;collision,39,41,0;background,38,41,202;background,39,41,202
requires_status=emp_blackoak_shortcut

[event]
# to Black Oak City
type=event
location=0,10,1,4
activate=on_trigger
hotspot=location
intermap=maps/black_oak_city.txt,98,50
tooltip=Black Oak City

[event]
# Supplies
type=event
location=4,84,1,1
activate=on_trigger
hotspot=location
loot=loot/level_10.txt
loot_count=1,2
mapmod=object,4,84,99
repeat=false
soundfx=soundfx/wood_open.ogg
tooltip=Supplies

[enemy]
type=enemy
location=69,81,1,1
category=minotaur_necromancer
level=10
number=1

[enemy]
type=enemy
location=62,63,9,5
category=grassland
level=10
number=2,3

[enemy]
type=enemy
location=69,49,5,9
category=grassland
level=10
number=3

[enemy]
type=enemy
location=56,47,5,9
category=grassland
level=10
number=3

[enemy]
type=enemy
location=52,32,5,9
category=grassland
level=10
number=2,3

[enemy]
type=enemy
location=64,33,5,9
category=grassland
level=10
number=2,3

[enemy]
type=enemy
location=83,34,10,26
category=grassland
level=10
number=3,4

[enemy]
type=enemy
location=63,24,11,6
category=grassland
level=10
number=3

[enemy]
type=enemy
location=62,3,11,6
category=grassland
level=10
number=2

[enemy]
type=enemy
location=44,5,11,6
category=grassland
level=10
number=2

[enemy]
type=enemy
location=15,61,9,29
category=grassland
level=10
number=3,4

[enemy]
type=enemy
location=24,45,13,15
category=grassland
level=10
number=4

[enemy]
type=enemy
location=6,33,13,12
category=grassland
level=10
number=3,4

[enemy]
type=enemy
location=18,26,13,13
category=grassland
level=10
number=3

[enemy]
type=enemy
location=3,72,7,15
category=grassland
level=10
number=3

