[header]
width=38
height=56
tilewidth=64
tileheight=32
orientation=isometric
hero_pos=31,39
music=music/dungeon_theme.ogg
tileset=tilesetdefs/tileset_dungeon.txt
title=Family Crypt

[tilesets]
tileset=../../../tiled/dungeon/tiled_collision.png,64,32,0,0
tileset=../../../tiled/dungeon/tiled_dungeon.png,64,128,0,0
tileset=../../../tiled/dungeon/set_rules.png,64,32,0,0
tileset=../../../tiled/dungeon/tiled_dungeon_2x2.png,128,64,0,16
tileset=../../../tiled/dungeon/door_left.png,64,128,-16,-8
tileset=../../../tiled/dungeon/door_right.png,64,128,16,-8
tileset=../../../tiled/dungeon/stairs.png,256,256,0,48

[layer]
type=background
data=
0,0,0,0,0,0,0,0,0,0,0,0,0,0,0,0,0,0,0,0,0,0,0,0,0,0,0,0,0,0,0,0,0,0,0,0,0,0,
0,0,0,0,0,0,0,0,0,40,36,42,42,46,0,0,0,0,0,0,0,0,0,0,0,0,0,0,0,0,0,0,0,0,0,0,0,0,
0,0,0,0,0,0,0,0,0,18,43,19,19,46,37,0,0,0,0,0,0,0,0,0,0,0,0,0,0,0,0,0,0,0,0,0,0,0,
0,0,0,0,0,0,0,0,0,47,19,36,18,16,51,51,51,51,51,51,0,0,0,0,0,0,0,0,0,0,0,0,0,0,0,0,0,0,
0,0,0,0,0,0,0,0,0,17,18,37,17,44,0,0,0,0,0,51,0,0,0,0,0,0,0,0,0,0,0,0,0,0,0,0,0,0,
0,0,0,0,0,0,0,0,0,17,45,16,47,45,0,0,0,0,0,51,0,0,0,0,0,0,0,0,0,0,0,0,0,0,0,0,0,0,
0,0,0,0,0,0,0,0,0,39,38,40,17,43,0,0,0,0,0,51,0,0,0,0,0,0,0,0,0,0,0,0,0,0,0,0,0,0,
0,0,0,0,0,0,0,0,0,18,18,39,16,16,18,0,0,0,0,51,0,0,0,0,0,0,0,0,0,0,0,0,0,0,0,0,0,0,
0,0,0,0,0,0,0,0,0,50,19,16,39,19,48,0,0,0,0,51,0,0,0,0,0,0,0,0,0,0,0,0,0,0,0,0,0,0,
0,0,0,0,0,0,0,0,0,0,34,34,34,34,49,0,0,0,0,51,0,0,0,0,0,0,0,0,0,0,0,0,0,0,0,0,0,0,
0,0,0,0,0,0,0,0,0,0,34,24,25,35,49,0,0,0,0,51,0,0,0,0,0,0,0,0,0,0,0,0,0,0,0,0,0,0,
0,0,0,0,0,0,0,0,0,0,34,20,22,32,49,0,0,0,0,51,0,0,0,0,0,0,0,0,0,0,0,0,0,0,0,0,0,0,
0,36,37,17,46,18,40,44,0,0,35,20,22,33,49,0,18,46,44,18,37,16,0,0,0,0,0,0,0,0,0,0,0,0,0,0,0,0,
0,18,36,45,43,36,46,47,49,0,32,27,26,32,49,0,39,45,40,36,19,39,0,0,0,0,0,0,0,0,0,0,0,0,0,0,0,0,
0,18,19,47,17,38,16,59,57,49,34,33,34,35,49,63,57,45,16,38,16,40,0,0,0,0,0,0,0,0,0,0,0,0,0,0,0,0,
0,17,39,38,18,46,17,56,58,49,35,24,25,33,49,60,58,44,17,41,37,16,0,0,0,0,0,0,0,0,0,0,0,0,0,0,0,0,
0,38,19,16,37,17,38,38,48,0,32,20,22,32,49,50,44,36,19,38,17,36,0,0,0,0,0,0,0,0,0,0,0,0,0,0,0,0,
0,45,18,19,17,19,48,50,0,0,32,20,22,33,49,0,50,50,47,17,16,42,0,0,0,0,0,0,0,0,0,0,0,0,0,0,0,0,
0,17,45,43,46,36,49,0,0,0,32,27,26,34,49,0,0,0,18,19,39,16,0,0,0,0,0,0,0,0,0,0,0,0,0,0,0,0,
0,16,45,44,41,16,49,0,0,0,35,32,34,35,49,0,0,0,18,17,16,36,0,0,0,0,0,0,0,0,0,0,0,0,0,0,0,0,
0,17,36,46,44,19,49,0,0,0,35,24,25,35,49,0,0,0,47,43,16,38,0,0,0,0,0,0,0,0,0,0,0,0,0,0,0,0,
0,43,18,38,0,39,49,0,0,0,34,20,22,33,49,0,0,0,0,39,36,17,0,0,0,0,0,0,0,0,0,0,0,0,0,0,0,0,
0,18,17,37,37,44,49,0,0,0,35,20,22,32,49,0,0,0,37,16,39,42,0,0,0,0,0,0,0,0,0,0,0,0,0,0,0,0,
0,44,17,18,17,17,49,0,0,0,33,27,26,32,49,0,0,0,16,39,36,19,0,0,0,0,0,0,0,0,0,0,0,0,0,0,0,0,
0,17,37,45,16,17,49,0,0,0,32,35,34,32,49,0,0,0,47,38,39,39,0,0,0,0,0,0,0,0,0,0,0,0,0,0,0,0,
0,46,38,47,19,46,49,0,0,0,35,24,25,33,49,0,0,0,19,16,19,18,0,0,0,0,0,0,0,0,0,0,0,0,0,0,0,0,
0,38,18,16,38,18,49,0,0,0,34,20,22,33,49,0,0,0,42,19,16,47,0,0,0,0,0,0,0,0,0,0,0,0,0,0,0,0,
0,17,19,43,0,19,49,0,0,0,33,20,22,32,49,0,0,0,0,36,38,46,0,0,0,0,0,0,0,0,0,0,0,0,0,0,0,0,
0,36,18,18,47,18,49,0,0,0,32,27,26,32,49,0,0,0,17,17,19,38,0,0,0,0,0,0,0,0,0,0,0,0,0,0,0,0,
0,19,18,17,18,18,49,0,0,0,34,34,32,35,49,0,0,0,16,46,19,40,0,0,0,0,0,0,0,0,0,0,0,0,0,0,0,0,
0,19,47,16,36,45,49,0,0,0,33,24,25,35,49,0,0,0,19,45,39,38,0,0,0,0,0,0,0,0,0,0,0,0,0,0,0,0,
0,19,16,16,19,16,49,0,0,0,35,20,22,33,49,0,0,0,16,37,38,47,0,0,0,0,0,0,0,0,0,0,0,0,0,0,0,0,
0,39,16,36,40,39,49,0,0,0,34,20,22,32,49,0,0,0,37,39,36,45,0,0,0,0,0,0,0,0,0,0,0,0,0,0,0,0,
0,19,39,19,0,19,49,0,0,0,32,27,26,33,49,0,0,0,0,16,19,46,0,0,0,0,0,0,0,0,0,0,0,0,0,0,0,0,
0,41,16,19,37,38,49,0,0,0,34,33,32,32,49,0,0,0,36,38,16,36,0,0,0,0,0,19,37,38,18,45,19,36,46,16,0,0,
0,42,47,46,18,40,49,0,0,0,32,24,25,32,49,0,0,0,37,41,16,16,0,0,0,0,0,16,16,18,36,18,46,39,37,18,0,0,
0,39,43,17,19,38,49,0,0,0,34,20,22,33,49,0,0,0,18,16,16,37,40,16,19,36,38,16,39,18,18,38,45,38,18,38,0,0,
0,36,42,47,36,16,19,17,49,0,33,20,22,34,49,0,0,0,45,46,17,36,38,44,17,18,18,38,46,19,19,18,19,47,19,17,0,0,
0,41,18,41,38,17,16,16,51,51,33,27,26,33,49,0,0,0,40,36,39,17,39,41,19,18,16,40,41,39,16,38,43,39,18,19,0,0,
0,37,42,42,17,19,38,45,51,51,34,32,34,34,49,0,0,0,0,38,46,18,42,17,38,39,37,19,39,42,37,42,39,19,45,38,0,0,
0,17,42,16,37,16,19,16,49,0,33,24,25,32,49,0,0,0,17,40,39,17,17,38,16,38,19,43,16,36,39,18,41,16,19,17,0,0,
0,0,0,0,0,0,0,0,0,0,35,20,22,35,49,0,0,0,50,50,50,0,0,0,0,0,0,16,46,36,36,19,18,16,37,44,0,0,
0,0,0,0,0,0,0,0,0,0,34,20,22,32,49,0,0,0,0,0,0,0,0,0,0,0,0,16,17,38,43,18,18,39,18,17,0,0,
0,0,0,0,0,0,0,0,0,0,33,27,26,33,49,0,0,0,0,0,0,0,0,0,0,0,0,0,0,0,0,0,0,0,0,0,0,0,
0,0,0,0,0,0,0,0,0,0,35,32,32,35,49,0,0,0,0,0,0,0,0,0,0,0,0,0,0,0,0,0,0,0,0,0,0,0,
0,0,0,0,0,0,0,0,0,0,50,51,51,50,0,0,0,0,0,0,0,0,0,0,0,0,0,0,0,0,0,0,0,0,0,0,0,0,
0,0,0,0,0,0,0,0,0,0,0,51,51,0,0,0,0,0,0,0,0,0,0,0,0,0,0,0,0,0,0,0,0,0,0,0,0,0,
0,0,0,0,0,0,0,0,0,0,0,51,51,0,0,0,0,0,0,0,0,0,0,0,0,0,0,0,0,0,0,0,0,0,0,0,0,0,
0,0,0,0,0,0,0,0,0,0,0,51,51,0,0,0,0,0,0,0,0,0,0,0,0,0,0,0,0,0,0,0,0,0,0,0,0,0,
0,0,0,0,0,0,0,0,0,16,17,41,18,38,0,0,0,0,0,0,0,0,0,0,0,0,0,0,0,0,0,0,0,0,0,0,0,0,
0,0,0,0,0,0,0,0,0,39,19,40,47,19,0,0,0,0,0,0,0,0,0,0,0,0,0,0,0,0,0,0,0,0,0,0,0,0,
0,0,0,0,0,0,0,0,0,42,19,16,18,19,0,0,0,0,0,0,0,0,0,0,0,0,0,0,0,0,0,0,0,0,0,0,0,0,
0,0,0,0,0,0,0,0,0,47,39,16,47,37,0,0,0,0,0,0,0,0,0,0,0,0,0,0,0,0,0,0,0,0,0,0,0,0,
0,0,0,0,0,0,0,0,0,16,37,36,44,17,0,0,0,0,0,0,0,0,0,0,0,0,0,0,0,0,0,0,0,0,0,0,0,0,
0,0,0,0,0,0,0,0,0,0,0,0,0,0,0,0,0,0,0,0,0,0,0,0,0,0,0,0,0,0,0,0,0,0,0,0,0,0,
0,0,0,0,0,0,0,0,0,0,0,0,0,0,0,0,0,0,0,0,0,0,0,0,0,0,0,0,0,0,0,0,0,0,0,0,0,0

[layer]
type=object
data=
0,0,0,0,0,0,0,0,0,0,0,0,0,0,0,0,0,0,0,0,0,0,0,0,0,0,0,0,0,0,0,0,0,0,0,0,0,0,
0,0,0,0,0,0,0,0,0,77,99,107,99,65,78,0,0,0,0,0,0,0,0,0,0,0,0,0,0,0,0,0,0,0,0,0,0,0,
0,0,0,0,0,0,0,0,0,68,0,0,0,0,70,0,0,0,0,0,0,0,0,0,0,0,0,0,0,0,0,0,0,0,0,0,0,0,
0,0,0,0,0,0,0,0,0,64,0,195,150,0,0,0,0,0,0,0,0,0,0,0,0,0,0,0,0,0,0,0,0,0,0,0,0,0,
0,0,0,0,0,0,0,0,0,68,0,194,0,0,82,0,0,0,0,0,0,0,0,0,0,0,0,0,0,0,0,0,0,0,0,0,0,0,
0,0,0,0,0,0,0,0,0,64,0,0,0,0,82,0,0,0,0,0,0,0,0,0,0,0,0,0,0,0,0,0,0,0,0,0,0,0,
0,0,0,0,0,0,0,0,0,64,180,0,179,0,82,0,0,0,0,0,0,0,0,0,0,0,0,0,0,0,0,0,0,0,0,0,0,0,
0,0,0,0,0,0,0,0,0,73,0,178,0,0,90,0,0,0,0,0,0,0,0,0,0,0,0,0,0,0,0,0,0,0,0,0,0,0,
0,0,0,0,0,0,0,0,0,0,0,0,0,181,0,0,0,0,0,0,0,0,0,0,0,0,0,0,0,0,0,0,0,0,0,0,0,0,
0,0,0,0,0,0,0,0,0,0,0,176,0,0,0,0,0,0,0,0,0,0,0,0,0,0,0,0,0,0,0,0,0,0,0,0,0,0,
0,0,0,0,0,0,0,0,0,0,0,0,0,0,0,0,0,0,0,0,0,0,0,0,0,0,0,0,0,0,0,0,0,0,0,0,0,0,
0,0,0,0,0,0,0,0,0,0,0,0,0,0,0,0,0,0,0,0,82,0,0,0,0,0,0,0,0,0,0,0,0,0,0,0,0,0,
0,77,65,65,69,105,69,69,0,0,0,0,0,0,0,0,65,65,107,115,107,69,78,0,0,0,0,0,0,0,0,0,0,0,0,0,0,0,
0,64,147,146,0,0,180,0,0,0,0,0,0,0,0,0,0,0,0,0,0,0,70,0,0,0,0,0,0,0,0,0,0,0,0,0,0,0,
0,104,0,0,0,0,0,0,0,0,0,0,0,0,0,0,0,0,0,0,0,0,82,0,0,0,0,0,0,0,0,0,0,0,0,0,0,0,
0,108,146,0,0,0,0,0,0,0,0,0,0,0,0,0,0,0,0,0,0,0,82,0,0,0,0,0,0,0,0,0,0,0,0,0,0,0,
0,68,0,0,0,0,0,0,0,0,0,180,0,0,0,0,0,178,0,0,0,0,82,0,0,0,0,0,0,0,0,0,0,0,0,0,0,0,
0,64,0,0,0,0,0,0,0,0,0,0,0,0,0,0,0,0,0,0,0,0,82,0,0,0,0,0,0,0,0,0,0,0,0,0,0,0,
0,64,0,0,0,0,0,0,0,0,0,0,0,0,0,0,0,0,0,0,0,0,82,0,0,0,0,0,0,0,0,0,0,0,0,0,0,0,
0,64,0,0,0,0,0,0,0,0,0,0,0,0,0,0,0,0,0,0,0,0,82,0,0,0,0,0,0,0,0,0,0,0,0,0,0,0,
0,64,0,0,0,0,0,0,0,0,0,0,0,0,0,0,0,0,0,0,0,0,82,0,0,0,0,0,0,0,0,0,0,0,0,0,0,0,
0,68,0,0,75,72,0,0,0,0,0,0,0,0,0,0,0,0,75,72,0,0,82,0,0,0,0,0,0,0,0,0,0,0,0,0,0,0,
0,102,0,0,74,73,0,0,0,0,0,0,0,0,0,0,0,0,74,73,0,0,82,0,0,0,0,0,0,0,0,0,0,0,0,0,0,0,
0,64,0,0,0,0,0,0,0,0,0,0,0,176,0,0,0,0,0,0,0,0,82,0,0,0,0,0,0,0,0,0,0,0,0,0,0,0,
0,68,0,0,177,0,0,0,0,0,0,0,0,0,0,0,0,0,0,0,0,0,82,0,0,0,0,0,0,0,0,0,0,0,0,0,0,0,
0,104,0,0,0,0,0,0,0,0,0,0,0,0,0,0,0,0,0,0,0,0,82,0,0,0,0,0,0,0,0,0,0,0,0,0,0,0,
0,64,0,0,0,0,0,0,0,0,0,0,0,0,0,0,0,0,0,0,0,0,82,0,0,0,0,0,0,0,0,0,0,0,0,0,0,0,
0,68,0,0,75,72,0,0,0,0,0,0,0,0,0,0,0,0,75,72,0,0,82,0,0,0,0,0,0,0,0,0,0,0,0,0,0,0,
0,102,0,0,74,73,0,0,0,0,0,0,0,0,0,0,0,0,74,73,0,0,82,0,0,0,0,0,0,0,0,0,0,0,0,0,0,0,
0,96,0,0,0,180,0,0,0,0,179,0,0,0,0,0,0,0,0,0,0,0,82,0,0,0,0,0,0,0,0,0,0,0,0,0,0,0,
0,64,0,0,0,0,0,0,0,0,0,0,0,0,0,0,0,0,0,0,0,0,82,0,0,0,0,0,0,0,0,0,0,0,0,0,0,0,
0,108,0,0,0,0,0,0,0,0,0,0,0,0,0,0,0,0,0,181,0,0,82,0,0,0,0,0,0,0,0,0,0,0,0,0,0,0,
0,68,0,0,0,0,0,0,0,0,0,0,0,0,0,0,0,0,0,0,0,0,82,0,0,0,0,0,0,0,0,0,0,0,0,0,0,0,
0,68,0,0,75,72,0,0,0,0,0,0,0,0,0,0,0,0,75,72,0,0,82,0,0,0,0,0,0,0,0,0,0,0,0,0,0,0,
0,102,0,0,74,73,0,0,0,0,0,0,0,0,0,0,0,0,74,73,0,0,82,0,0,0,0,77,105,65,69,69,65,65,101,97,78,0,
0,68,0,0,0,0,0,0,0,0,0,0,0,0,0,0,0,0,176,0,0,0,82,0,0,0,0,106,0,0,0,0,0,0,146,147,70,0,
0,108,0,0,0,0,0,0,0,0,0,0,178,0,0,0,0,0,0,0,0,0,90,81,103,101,103,73,0,0,0,0,0,0,0,0,82,0,
0,68,0,0,0,0,0,0,0,0,0,0,0,0,0,0,0,0,0,0,0,0,0,0,0,149,0,0,0,0,0,0,0,0,181,0,82,0,
0,68,0,0,0,0,0,0,0,180,0,0,0,0,0,0,0,0,0,0,177,0,0,0,0,0,0,0,0,0,284,0,0,0,0,0,82,0,
0,104,0,0,0,0,0,0,0,0,0,0,0,0,0,0,0,0,75,72,0,0,0,0,0,0,0,0,0,0,0,0,0,0,0,0,82,0,
0,64,0,0,0,0,0,0,0,0,0,0,0,0,0,0,0,0,74,73,0,0,0,0,0,0,0,0,0,0,0,0,0,0,0,0,82,0,
0,76,71,83,83,83,83,83,0,0,0,0,0,0,0,0,0,0,0,0,0,0,83,83,83,83,83,88,0,0,0,0,0,0,0,0,82,0,
0,0,0,0,0,0,0,0,0,0,0,0,0,0,0,0,0,0,0,0,0,0,0,0,0,0,0,68,0,0,0,0,0,0,0,0,82,0,
0,0,0,0,0,0,0,0,0,0,0,0,0,0,0,0,0,0,0,0,0,0,0,0,0,0,0,76,71,83,83,83,83,83,83,83,95,0,
0,0,0,0,0,0,0,0,0,0,0,0,0,0,0,0,0,0,0,0,0,0,0,0,0,0,0,0,0,0,0,0,0,0,0,0,0,0,
0,0,0,0,0,0,0,0,0,0,0,181,0,0,0,0,0,0,0,0,0,0,0,0,0,0,0,0,0,0,0,0,0,0,0,0,0,0,
0,0,0,0,0,0,0,0,0,0,0,0,0,0,0,0,0,0,0,0,0,0,0,0,0,0,0,0,0,0,0,0,0,0,0,0,0,0,
0,0,0,0,0,0,0,0,0,0,0,0,0,0,0,0,0,0,0,0,0,0,0,0,0,0,0,0,0,0,0,0,0,0,0,0,0,0,
0,0,0,0,0,0,0,0,0,0,0,0,0,0,0,0,0,0,0,0,0,0,0,0,0,0,0,0,0,0,0,0,0,0,0,0,0,0,
0,0,0,0,0,0,0,0,0,77,73,0,0,90,94,0,0,0,0,0,0,0,0,0,0,0,0,0,0,0,0,0,0,0,0,0,0,0,
0,0,0,0,0,0,0,0,0,98,0,0,0,0,82,0,0,0,0,0,0,0,0,0,0,0,0,0,0,0,0,0,0,0,0,0,0,0,
0,0,0,0,0,0,0,0,0,100,144,0,0,0,82,0,0,0,0,0,0,0,0,0,0,0,0,0,0,0,0,0,0,0,0,0,0,0,
0,0,0,0,0,0,0,0,0,98,0,0,0,0,82,0,0,0,0,0,0,0,0,0,0,0,0,0,0,0,0,0,0,0,0,0,0,0,
0,0,0,0,0,0,0,0,0,68,0,0,0,0,82,0,0,0,0,0,0,0,0,0,0,0,0,0,0,0,0,0,0,0,0,0,0,0,
0,0,0,0,0,0,0,0,0,76,71,83,83,83,95,0,0,0,0,0,0,0,0,0,0,0,0,0,0,0,0,0,0,0,0,0,0,0,
0,0,0,0,0,0,0,0,0,0,0,0,0,0,0,0,0,0,0,0,0,0,0,0,0,0,0,0,0,0,0,0,0,0,0,0,0,0

[layer]
type=collision
data=
3,3,3,3,3,3,3,3,3,3,3,3,3,3,3,3,3,3,3,3,3,3,3,3,3,3,3,3,3,3,3,3,3,3,3,3,3,3,
3,3,3,3,3,3,3,3,3,1,1,1,1,1,1,3,3,3,3,3,3,3,3,3,3,3,3,3,3,3,3,3,3,3,3,3,3,3,
3,3,3,3,3,3,3,3,3,1,0,0,0,0,1,3,3,3,3,3,3,3,3,3,3,3,3,3,3,3,3,3,3,3,3,3,3,3,
3,3,3,3,3,3,3,3,3,1,0,4,4,0,0,0,0,0,0,0,3,3,3,3,3,3,3,3,3,3,3,3,3,3,3,3,3,3,
3,3,3,3,3,3,3,3,3,1,0,4,4,0,1,3,3,3,3,0,3,3,3,3,3,3,3,3,3,3,3,3,3,3,3,3,3,3,
3,3,3,3,3,3,3,3,3,1,0,0,0,0,1,3,3,3,3,0,3,3,3,3,3,3,3,3,3,3,3,3,3,3,3,3,3,3,
3,3,3,3,3,3,3,3,3,1,0,0,0,0,1,3,3,3,3,0,3,3,3,3,3,3,3,3,3,3,3,3,3,3,3,3,3,3,
3,3,3,3,3,3,3,3,3,3,0,0,0,0,3,3,3,3,3,0,3,3,3,3,3,3,3,3,3,3,3,3,3,3,3,3,3,3,
3,3,3,3,3,3,3,3,2,2,0,0,0,0,2,2,3,3,3,0,3,3,3,3,3,3,3,3,3,3,3,3,3,3,3,3,3,3,
3,3,3,3,3,3,3,3,2,2,0,0,0,0,2,2,3,3,3,0,3,3,3,3,3,3,3,3,3,3,3,3,3,3,3,3,3,3,
3,3,3,3,3,3,3,3,2,2,0,0,0,0,2,2,3,3,3,0,3,3,3,3,3,3,3,3,3,3,3,3,3,3,3,3,3,3,
3,3,3,3,3,3,3,3,2,2,0,0,0,0,2,2,3,3,3,0,3,3,3,3,3,3,3,3,3,3,3,3,3,3,3,3,3,3,
3,1,1,1,1,1,1,1,2,2,0,0,0,0,2,2,1,1,1,2,1,1,1,3,3,3,3,3,3,3,3,3,3,3,3,3,3,3,
3,1,4,4,0,0,0,0,2,2,0,0,0,0,2,2,0,0,0,0,0,0,1,3,3,3,3,3,3,3,3,3,3,3,3,3,3,3,
3,1,0,0,0,0,0,0,0,2,0,0,0,0,2,0,0,0,0,0,0,0,1,3,3,3,3,3,3,3,3,3,3,3,3,3,3,3,
3,1,4,0,0,0,0,0,0,2,0,0,0,0,2,0,0,0,0,0,0,0,1,3,3,3,3,3,3,3,3,3,3,3,3,3,3,3,
3,1,0,0,0,0,0,0,2,2,0,0,0,0,2,2,0,0,0,0,0,0,1,3,3,3,3,3,3,3,3,3,3,3,3,3,3,3,
3,1,0,0,0,0,2,2,2,2,0,0,0,0,2,2,2,2,0,0,0,0,1,3,3,3,3,3,3,3,3,3,3,3,3,3,3,3,
3,1,0,0,0,0,2,2,2,2,0,0,0,0,2,2,2,2,0,0,0,0,1,3,3,3,3,3,3,3,3,3,3,3,3,3,3,3,
3,1,0,0,0,0,2,2,2,2,0,0,0,0,2,2,2,2,0,0,0,0,1,3,3,3,3,3,3,3,3,3,3,3,3,3,3,3,
3,1,0,0,0,0,2,2,2,2,0,0,0,0,2,2,2,2,0,0,0,0,1,3,3,3,3,3,3,3,3,3,3,3,3,3,3,3,
3,1,0,0,1,1,2,2,2,2,0,0,0,0,2,2,2,2,1,1,0,0,1,3,3,3,3,3,3,3,3,3,3,3,3,3,3,3,
3,1,0,0,1,1,2,2,2,2,0,0,0,0,2,2,2,2,1,1,0,0,1,3,3,3,3,3,3,3,3,3,3,3,3,3,3,3,
3,1,0,0,0,0,2,2,2,2,0,0,0,0,2,2,2,2,0,0,0,0,1,3,3,3,3,3,3,3,3,3,3,3,3,3,3,3,
3,1,0,0,0,0,2,2,2,2,0,0,0,0,2,2,2,2,0,0,0,0,1,3,3,3,3,3,3,3,3,3,3,3,3,3,3,3,
3,1,0,0,0,0,2,2,2,2,0,0,0,0,2,2,2,2,0,0,0,0,1,3,3,3,3,3,3,3,3,3,3,3,3,3,3,3,
3,1,0,0,0,0,2,2,2,2,0,0,0,0,2,2,2,2,0,0,0,0,1,3,3,3,3,3,3,3,3,3,3,3,3,3,3,3,
3,1,0,0,1,1,2,2,2,2,0,0,0,0,2,2,2,2,1,1,0,0,1,3,3,3,3,3,3,3,3,3,3,3,3,3,3,3,
3,1,0,0,1,1,2,2,2,2,0,0,0,0,2,2,2,2,1,1,0,0,1,3,3,3,3,3,3,3,3,3,3,3,3,3,3,3,
3,1,0,0,0,0,2,2,2,2,0,0,0,0,2,2,2,2,0,0,0,0,1,3,3,3,3,3,3,3,3,3,3,3,3,3,3,3,
3,1,0,0,0,0,2,2,2,2,0,0,0,0,2,2,2,2,0,0,0,0,1,3,3,3,3,3,3,3,3,3,3,3,3,3,3,3,
3,1,0,0,0,0,2,2,2,2,0,0,0,0,2,2,2,2,0,0,0,0,1,3,3,3,3,3,3,3,3,3,3,3,3,3,3,3,
3,1,0,0,0,0,2,2,2,2,0,0,0,0,2,2,2,2,0,0,0,0,1,3,3,3,3,3,3,3,3,3,3,3,3,3,3,3,
3,1,0,0,1,1,2,2,2,2,0,0,0,0,2,2,2,2,1,1,0,0,1,3,3,3,3,3,3,3,3,3,3,3,3,3,3,3,
3,1,0,0,1,1,2,2,2,2,0,0,0,0,2,2,2,2,1,1,0,0,1,3,3,3,3,1,1,1,1,1,1,1,1,1,1,3,
3,1,0,0,0,0,2,2,2,2,0,0,0,0,2,2,2,2,0,0,0,0,1,3,3,3,3,1,0,0,1,1,1,1,4,4,1,3,
3,1,0,0,0,0,2,2,2,2,0,0,0,0,2,2,2,2,0,0,0,0,1,1,1,1,1,1,0,0,1,1,1,1,0,0,1,3,
3,1,0,0,0,0,0,0,2,2,0,0,0,0,2,2,2,2,0,0,0,0,0,0,0,2,0,0,0,0,1,1,1,1,0,0,1,3,
3,1,0,0,0,0,0,0,0,0,0,0,0,0,2,2,2,2,0,0,0,0,0,0,0,0,0,0,0,0,1,0,0,1,0,0,1,3,
3,1,0,0,0,0,0,0,0,0,0,0,0,0,2,2,2,2,1,1,0,0,0,0,0,0,0,0,0,0,0,0,0,0,0,0,1,3,
3,1,0,0,0,0,0,0,2,2,0,0,0,0,2,2,2,2,1,1,0,0,0,0,0,0,0,0,0,0,0,0,0,0,0,0,1,3,
3,1,1,1,1,1,1,1,2,2,0,0,0,0,2,2,2,2,2,2,2,3,1,1,1,1,1,1,0,0,0,0,0,0,0,0,1,3,
3,3,3,3,3,3,3,3,2,2,0,0,0,0,2,2,2,2,2,2,2,3,3,3,3,3,3,1,0,0,0,0,0,0,0,0,1,3,
3,3,3,3,3,3,3,3,2,2,0,0,0,0,2,2,2,2,2,2,2,3,3,3,3,3,3,1,1,1,1,1,1,1,1,1,1,3,
3,3,3,3,3,3,3,3,2,2,0,0,0,0,2,2,2,2,2,2,2,3,3,3,3,3,3,3,3,3,3,3,3,3,3,3,3,3,
3,3,3,3,3,3,3,3,2,2,2,0,0,2,2,2,2,2,2,2,2,3,3,3,3,3,3,3,3,3,3,3,3,3,3,3,3,3,
3,3,3,3,3,3,3,3,2,2,2,0,0,2,2,2,2,2,2,2,2,3,3,3,3,3,3,3,3,3,3,3,3,3,3,3,3,3,
3,3,3,3,3,3,3,3,2,2,2,0,0,2,2,2,2,2,2,2,2,3,3,3,3,3,3,3,3,3,3,3,3,3,3,3,3,3,
3,3,3,3,3,3,3,3,2,2,2,0,0,2,2,2,2,2,2,2,2,3,3,3,3,3,3,3,3,3,3,3,3,3,3,3,3,3,
3,3,3,3,3,3,3,3,3,1,1,0,0,1,1,3,3,3,3,3,3,3,3,3,3,3,3,3,3,3,3,3,3,3,3,3,3,3,
3,3,3,3,3,3,3,3,3,1,0,0,0,0,1,3,3,3,3,3,3,3,3,3,3,3,3,3,3,3,3,3,3,3,3,3,3,3,
3,3,3,3,3,3,3,3,3,1,4,0,0,0,1,3,3,3,3,3,3,3,3,3,3,3,3,3,3,3,3,3,3,3,3,3,3,3,
3,3,3,3,3,3,3,3,3,1,0,0,0,0,1,3,3,3,3,3,3,3,3,3,3,3,3,3,3,3,3,3,3,3,3,3,3,3,
3,3,3,3,3,3,3,3,3,1,0,0,0,0,1,3,3,3,3,3,3,3,3,3,3,3,3,3,3,3,3,3,3,3,3,3,3,3,
3,3,3,3,3,3,3,3,3,1,1,1,1,1,1,3,3,3,3,3,3,3,3,3,3,3,3,3,3,3,3,3,3,3,3,3,3,3,
3,3,3,3,3,3,3,3,3,3,3,3,3,3,3,3,3,3,3,3,3,3,3,3,3,3,3,3,3,3,3,3,3,3,3,3,3,3

[event]
# rune teleport
type=event
location=15,14,1,2
activate=on_trigger
intramap=7,14
soundfx=soundfx/environment/teleporter.ogg

[event]
# start Ardwen quest
type=event
location=7,14,1,1
activate=on_trigger
msg=Quest added.
repeat=false
requires_not_status=emp_ardwen_init,emp_ardwen_finish
set_status=emp_ardwen_init

[event]
# open door
type=event
location=12,3,1,1
activate=on_trigger
hotspot=location
mapmod=object,12,3,166;object,19,12,113;collision,19,12,0
repeat=false
requires_not_status=emp_ardwen_init
soundfx=soundfx/door_open.ogg
tooltip=Switch

[event]
# Ardwen's key
type=event
location=8,51,1,1
activate=on_trigger
hotspot=10,51,1,1
loot=loot/level_2.txt;1003,fixed,1
loot_count=1,2
mapmod=object,10,51,160
repeat=false
requires_not_status=emp_ardwen_ring
requires_status=emp_ardwen_init
set_status=emp_ardwen_chest
soundfx=soundfx/wood_open.ogg
tooltip=Treasure Chest

[event]
# In Memoriam
type=event
location=25,37,1,1
activate=on_trigger
hotspot=location
mapmod=object,25,37,165
msg=Ardwen (1308-1364), founder of Lochport
repeat=false
soundfx=soundfx/inventory/inventory_page.ogg
tooltip=In Memoriam

[event]
# to Lochport Cemetery
type=event
location=31,38,2,1
activate=on_trigger
hotspot=location
intermap=maps/lochport_cemetery.txt,48,46
soundfx=soundfx/environment/stairs.ogg,0,0
tooltip=Lochport Cemetery
unset_status=emp_ardwen_chest

[event]
# treasure
type=event
location=10,51,1,1
activate=on_trigger
hotspot=location
loot=loot/level_2.txt
loot_count=1,2
mapmod=object,10,51,160
repeat=false
requires_not_status=emp_ardwen_init;emp_ardwen_chest
soundfx=soundfx/wood_open.ogg
tooltip=Treasure Chest

[event]
# Ardwen's key (on_load)
type=event
location=8,49,1,1
activate=on_load
mapmod=object,10,51,160
repeat=false
requires_status=emp_ardwen_ring
set_status=emp_ardwen_chest

[event]
# Spawn Ardwen
type=event
location=11,3,1,2
activate=on_trigger
hotspot=location
mapmod=collision,12,4,0
msg=The coffin has a small slot the size of Ardwen's ring. You place the ring in the slot.
remove_item=1003
repeat=false
requires_not_status=emp_ardwen_summoned
requires_status=emp_ardwen_ring
set_status=emp_ardwen_summoned
shakycam=1s
soundfx=soundfx/environment/stone_open.ogg,11,4
spawn=ardwen_quest,12,4
tooltip=Ardwen's Coffin

[event]
# open door (ardwen defeated)
type=event
location=12,1,1,1
activate=on_trigger
hotspot=12,3,1,1
mapmod=object,12,3,166;object,19,12,113;collision,19,12,0
repeat=false
requires_status=emp_ardwen_defeated
reward_xp=200
set_status=emp_ardwen_finish
soundfx=soundfx/door_open.ogg
tooltip=Switch
unset_status=emp_ardwen_init;emp_ardwen_ring;emp_ardwen_summoned;emp_ardwen_defeated

[event]
# locked door
type=event
location=14,1,1,1
activate=on_trigger
hotspot=12,3,1,1
msg=The switch won't budge.
requires_not_status=emp_ardwen_defeated
requires_status=emp_ardwen_init
tooltip=Switch

[event]
# clear Ardwen quest collision tile
type=event
location=10,1,1,1
activate=on_load
mapmod=collision,12,4,0
requires_not_status=emp_ardwen_init

[event]
# Spawn Ardwen (on_load)
type=event
location=8,1,1,1
activate=on_load
mapmod=collision,12,4,0
repeat=false
requires_status=emp_ardwen_summoned
spawn=ardwen_quest,12,4

[event]
# remove chest status
type=event
location=6,49,1,1
activate=on_load
repeat=false
requires_not_status=emp_ardwen_init
requires_status=emp_ardwen_chest
unset_status=emp_ardwen_chest

[event]
# Wind sound
type=event
location=0,0,1,1
activate=on_load
soundfx=soundfx/environment/cave_wind_loop.ogg

[event]
# post-quest Ardwen spawn
type=event
location=6,1,1,1
activate=on_load
mapmod=collision,12,4,0
requires_status=emp_ardwen_finish
spawn=ardwen,12,4

[event]
# reset quest
type=event
location=2,0,1,1
activate=on_load
msg=Reset quest: "Trapped in the Crypt"
requires_not_status=emp_ardwen_finish
requires_status=emp_ardwen_init
script=scripts/maps/family_crypt/reset_quest.txt

[enemy]
type=enemy
location=12,34,1,1
category=skeleton_archer
level=2
number=1
wander_radius=1

[enemy]
type=enemy
location=11,26,1,1
category=skeleton_archer
level=2
number=1
wander_radius=1

[enemy]
type=enemy
location=2,23,3,10
category=undead
level=2
number=2
wander_radius=1

[enemy]
type=enemy
location=20,27,2,10
category=undead
level=2
number=2
wander_radius=1

[enemy]
type=enemy
location=20,13,2,10
category=undead
level=2
number=2
wander_radius=1

[enemy]
type=enemy
location=2,37,6,4
category=undead
level=2
number=2,3
wander_radius=2

[enemy]
type=enemy
location=11,49,3,5
category=undead
level=2
number=2,3

