[header]
width=48
height=48
tilewidth=64
tileheight=32
orientation=isometric
music=music/cave_theme.ogg
tileset=tilesetdefs/tileset_cave.txt
title=Goblin Cave

[tilesets]
tileset=../../../tiled/cave/tiled_collision.png,64,32,0,0
tileset=../../../tiled/cave/tiled_cave.png,64,128,0,0
tileset=../../../tiled/cave/set_rules.png,64,32,0,0

[layer]
type=background
data=
0,0,0,0,0,0,0,0,0,0,0,0,0,0,0,0,0,0,0,0,0,0,0,0,0,0,0,0,0,0,0,0,0,0,0,0,0,0,0,0,0,0,0,0,0,0,0,0,
0,0,0,19,16,17,57,0,0,0,0,0,0,0,0,0,0,0,0,0,0,0,0,0,0,0,0,0,0,0,0,0,0,0,0,0,0,0,0,0,0,0,0,0,0,0,0,0,
0,0,22,23,20,21,22,57,57,0,0,0,0,0,0,0,0,0,0,0,0,0,0,0,0,0,0,0,0,0,0,0,0,0,0,0,0,0,0,0,0,0,0,0,0,0,0,0,
0,0,26,27,24,25,26,27,24,57,0,0,24,25,26,27,24,25,26,57,0,0,0,0,24,25,26,27,24,57,0,0,0,0,0,0,0,0,0,0,0,0,0,0,0,0,0,0,
0,29,30,31,28,29,30,51,28,29,57,31,28,29,30,31,28,29,30,31,57,29,30,31,28,29,30,31,28,29,57,31,28,29,30,57,0,0,0,0,0,0,0,0,0,0,0,0,
0,17,18,19,16,17,18,19,16,17,18,19,16,17,49,19,16,17,18,19,16,17,18,19,16,17,18,19,16,17,18,19,16,17,18,19,57,0,0,0,0,0,0,0,0,0,0,0,
20,21,22,49,20,21,22,23,20,21,22,23,20,21,22,23,20,21,22,23,20,21,22,23,20,21,50,23,20,21,22,23,20,21,22,23,50,57,0,0,0,0,0,0,0,0,0,0,
56,25,26,27,24,25,26,27,24,25,26,27,24,25,26,27,24,25,26,27,24,25,26,27,24,25,26,27,24,25,26,27,24,25,51,27,24,25,57,57,0,0,0,0,0,0,0,0,
0,56,30,31,28,29,30,31,28,0,0,0,56,29,30,31,28,29,30,31,28,29,30,31,28,29,30,31,28,29,30,31,28,29,30,31,28,29,30,31,57,0,0,0,0,0,0,0,
0,56,18,19,16,17,18,19,0,0,0,0,0,0,56,19,16,0,0,56,16,0,0,0,0,0,0,0,56,17,18,19,16,205,193,206,16,17,18,19,16,57,0,0,0,0,0,0,
0,0,0,56,20,21,22,23,0,0,0,0,0,0,0,0,0,0,0,0,0,0,0,0,0,0,0,0,20,21,22,23,201,209,216,210,193,202,22,50,20,21,57,0,0,0,0,0,
0,0,0,27,24,25,26,27,0,0,0,57,0,0,0,0,0,0,0,0,0,0,0,0,0,0,0,0,24,25,26,27,192,216,216,216,216,210,206,27,24,25,26,0,0,0,0,0,
0,0,0,31,28,54,30,31,0,0,30,31,57,29,30,31,28,29,30,57,0,0,0,0,0,0,0,31,28,29,52,31,196,216,216,216,216,216,210,206,28,29,30,57,0,0,0,0,
0,0,0,19,16,17,18,19,57,17,18,19,16,17,18,19,16,17,18,19,57,17,18,19,16,17,18,19,16,17,18,19,200,199,195,195,208,216,216,198,16,17,18,19,0,0,0,0,
0,0,0,23,20,21,22,23,20,21,22,23,20,21,22,23,20,21,22,23,20,21,22,23,20,21,22,23,20,21,22,23,20,21,22,23,200,195,195,203,20,21,22,23,0,0,0,0,
0,0,56,27,24,25,26,27,24,25,26,27,24,50,26,27,24,25,26,27,54,25,26,27,24,25,26,27,24,25,26,27,24,25,26,27,24,25,26,27,24,25,26,27,0,0,0,0,
0,0,0,56,28,50,30,31,28,29,30,31,28,29,30,31,28,29,30,31,28,29,30,31,28,29,30,31,28,29,30,31,28,29,30,31,28,29,30,31,28,29,30,31,0,0,0,0,
0,0,0,19,16,17,18,19,16,17,205,193,202,17,18,19,16,17,18,19,16,17,18,19,16,17,18,19,16,0,0,0,56,17,18,19,16,17,18,19,16,17,18,19,0,0,0,0,
0,0,0,23,53,21,22,23,205,197,209,216,210,206,22,23,20,0,0,0,0,0,56,23,20,0,0,0,0,0,0,0,0,0,0,0,56,21,22,48,20,21,0,0,0,0,0,0,
0,0,0,27,24,25,26,27,196,216,216,216,216,194,26,27,24,57,0,0,0,0,0,0,0,0,0,0,0,0,0,0,0,0,0,0,24,25,26,27,24,25,0,0,0,0,0,0,
0,0,0,31,28,29,30,31,200,208,216,216,216,210,206,31,28,29,0,0,0,0,0,0,0,0,0,0,0,0,0,0,0,0,0,0,28,29,30,31,28,29,57,0,0,0,0,0,
0,0,0,19,16,17,18,19,16,200,208,216,216,216,210,206,16,17,57,0,0,0,0,0,0,0,0,0,0,0,0,0,0,0,0,0,56,17,18,19,16,17,18,0,0,0,0,0,
0,0,0,56,20,21,49,23,20,21,204,208,216,216,216,198,20,21,22,0,0,0,0,0,57,0,0,0,0,0,0,0,0,0,0,0,0,56,49,23,20,21,22,0,0,0,0,0,
0,0,0,0,56,25,26,27,24,25,26,204,199,199,195,203,24,25,26,57,24,25,26,27,24,57,26,27,57,0,0,0,0,0,0,0,0,25,26,27,24,25,26,0,0,0,0,0,
0,0,0,0,56,29,30,31,28,29,30,31,28,29,30,31,28,29,30,48,28,29,30,31,28,29,30,31,28,57,0,0,0,0,0,0,0,29,30,31,28,29,0,0,0,0,0,0,
0,0,0,0,0,56,18,19,16,17,18,19,16,17,18,19,16,17,18,19,16,17,18,19,16,17,18,19,16,17,57,0,0,0,0,0,0,56,18,19,16,17,0,0,0,0,0,0,
0,0,0,0,0,0,56,23,20,21,22,23,20,21,22,23,20,55,22,23,20,21,22,23,20,53,22,23,20,21,22,57,57,0,0,0,0,0,56,23,20,21,0,0,0,0,0,0,
0,0,0,0,0,0,0,0,0,0,0,0,0,0,0,56,24,25,26,27,24,25,26,27,24,25,26,27,24,25,26,27,24,57,0,0,0,0,26,27,24,25,0,0,0,0,0,0,
0,0,0,0,0,0,0,0,0,0,0,0,0,0,0,0,0,0,56,31,28,29,30,31,28,29,30,31,28,29,30,31,28,29,57,0,0,0,30,31,28,29,0,0,0,0,0,0,
0,0,0,0,0,0,0,0,0,0,0,0,0,0,0,0,0,0,0,0,0,0,0,0,0,0,0,56,16,17,18,19,16,17,18,57,0,0,18,19,16,17,0,0,0,0,0,0,
0,0,0,0,0,0,22,23,20,21,22,57,0,0,0,0,0,0,0,0,0,0,0,0,0,0,0,0,0,56,22,23,20,21,22,23,57,21,22,23,20,21,0,0,0,0,0,0,
0,0,0,0,0,25,26,27,24,25,26,27,57,0,0,0,0,0,0,0,0,0,0,0,0,0,0,0,0,0,56,27,24,25,26,27,24,25,26,27,24,25,0,0,0,0,0,0,
0,0,0,0,0,29,30,31,28,29,30,31,28,57,30,31,28,29,30,31,57,0,0,0,0,0,0,0,0,0,0,0,56,29,30,31,28,29,54,31,28,29,57,0,0,0,0,0,
0,0,0,0,16,17,18,19,16,17,18,19,16,17,18,19,16,17,18,19,16,57,18,19,0,0,0,0,0,0,0,0,0,56,51,19,16,17,18,19,16,17,18,0,0,0,0,0,
0,0,0,0,20,21,22,23,0,0,0,0,56,21,22,23,20,21,22,23,20,21,22,23,57,0,0,0,0,0,0,0,0,0,56,48,20,21,22,23,20,21,22,0,0,0,0,0,
0,0,0,0,24,25,26,27,0,0,0,0,0,56,26,27,24,25,26,27,24,25,26,27,24,0,0,0,0,0,0,0,0,0,0,56,24,25,26,27,24,25,26,0,0,0,0,0,
0,0,0,31,28,53,30,31,0,0,0,0,0,0,0,0,0,0,0,0,0,56,30,51,28,57,0,0,0,0,0,0,0,0,0,0,56,29,30,31,28,29,0,0,0,0,0,0,
0,0,0,56,16,17,18,19,0,0,0,0,0,0,0,0,0,0,0,0,0,56,18,19,16,17,57,0,0,0,0,0,0,0,0,0,0,56,18,19,16,17,57,0,0,0,0,0,
0,0,0,0,56,21,22,23,57,0,0,0,0,0,0,0,0,0,0,0,0,0,56,23,20,21,22,57,0,0,0,0,0,0,0,0,0,0,56,23,20,21,22,0,0,0,0,0,
0,0,0,0,0,56,26,27,24,57,26,27,24,25,26,27,57,0,0,0,0,0,0,56,24,25,26,27,57,0,0,0,0,0,0,0,0,0,26,27,24,25,26,0,0,0,0,0,
0,0,0,0,0,56,30,31,51,29,30,31,28,29,30,31,28,57,57,0,0,0,0,0,56,29,30,31,28,57,57,0,0,0,0,0,0,0,30,31,28,29,30,0,0,0,0,0,
0,0,0,0,0,0,56,19,16,17,18,19,16,17,18,49,16,17,18,57,0,0,0,0,56,17,18,19,16,17,18,57,57,0,0,0,0,0,18,19,16,17,0,0,0,0,0,0,
0,0,0,0,0,0,0,0,56,21,22,23,20,21,22,23,20,21,22,23,57,0,0,0,0,56,22,23,20,21,53,23,20,57,22,23,20,21,22,23,20,21,0,0,0,0,0,0,
0,0,0,0,0,0,0,0,0,56,26,27,24,25,26,27,24,25,26,27,24,0,0,0,0,0,0,56,24,25,26,27,24,25,26,27,24,25,26,27,24,25,0,0,0,0,0,0,
0,0,0,0,0,0,0,0,0,0,0,0,0,0,0,0,56,29,30,31,28,0,0,0,0,0,0,0,56,29,30,31,28,29,30,31,28,29,30,31,28,0,0,0,0,0,0,0,
0,0,0,0,0,0,0,0,0,0,0,0,0,0,0,0,16,17,18,19,16,0,0,0,0,0,0,0,0,56,18,19,16,17,18,19,16,17,18,19,0,0,0,0,0,0,0,0,
0,0,0,0,0,0,0,0,0,0,0,0,0,0,0,0,20,21,22,23,20,0,0,0,0,0,0,0,0,0,0,0,0,0,0,0,0,0,0,0,0,0,0,0,0,0,0,0,
0,0,0,0,0,0,0,0,0,0,0,0,0,0,0,0,24,25,26,27,24,0,0,0,0,0,0,0,0,0,0,0,0,0,0,0,0,0,0,0,0,0,0,0,0,0,0,0

[layer]
type=object
data=
0,0,0,0,0,0,0,0,0,0,0,0,0,0,0,0,0,0,0,0,0,0,0,0,0,0,0,0,0,0,0,0,0,0,0,0,0,0,0,0,0,0,0,0,0,0,0,0,
0,0,98,69,113,69,65,73,0,0,0,0,0,0,0,0,0,0,0,0,0,0,0,0,0,0,0,0,0,0,0,0,0,0,0,0,0,0,0,0,0,0,0,0,0,0,0,0,
0,0,64,0,0,0,0,81,69,77,0,0,0,0,0,0,0,0,0,0,0,0,0,0,0,0,0,0,0,0,0,0,0,0,0,0,0,0,0,0,0,0,0,0,0,0,0,0,
0,76,80,0,0,134,0,0,0,81,77,72,69,69,101,69,109,65,97,69,77,0,0,76,69,97,65,101,65,65,77,0,0,0,0,0,0,0,0,0,0,0,0,0,0,0,0,0,
0,68,0,0,110,0,0,0,134,0,81,115,0,0,0,0,0,0,0,0,81,113,65,103,0,0,0,0,0,0,85,65,65,97,113,65,73,0,0,0,0,0,0,0,0,0,0,0,
72,99,0,161,0,0,0,0,0,0,0,0,0,0,0,0,0,0,0,0,0,0,0,0,0,0,0,0,0,0,0,0,0,0,0,0,81,73,0,0,0,0,0,0,0,0,0,0,
100,0,0,0,0,132,0,0,0,0,0,0,0,0,0,0,0,0,0,0,0,0,0,0,0,0,0,0,0,0,0,0,0,0,0,0,0,85,77,0,0,0,0,0,0,0,0,0,
68,0,134,0,0,0,0,0,0,0,0,0,0,0,0,0,0,0,0,0,0,0,0,0,0,0,0,0,0,0,151,0,0,0,0,0,0,0,85,65,77,0,0,0,0,0,0,0,
75,87,0,0,135,0,0,0,0,86,67,67,83,0,0,0,0,0,0,0,0,0,0,0,0,0,0,0,163,0,0,0,0,0,0,0,0,0,0,0,85,73,0,0,0,0,0,0,
0,64,0,0,0,0,0,0,82,78,0,0,79,71,83,0,0,86,71,83,0,82,71,71,71,67,67,67,83,0,0,0,0,0,0,0,152,0,0,0,0,81,77,0,0,0,0,0,
0,79,67,87,0,132,0,0,66,0,0,0,0,0,79,67,71,74,0,75,67,74,0,0,0,0,0,0,108,0,0,0,0,0,0,0,0,0,0,0,0,0,81,77,0,0,0,0,
0,0,0,68,0,0,0,0,66,0,114,69,77,0,0,0,0,0,0,0,0,0,0,0,0,0,0,102,84,0,0,0,0,0,0,0,0,0,0,0,0,0,0,66,0,0,0,0,
0,0,0,112,0,0,0,0,66,0,68,162,85,65,69,113,69,97,65,65,77,0,0,0,0,0,0,68,0,0,0,0,0,0,133,0,0,0,0,0,0,0,0,85,77,0,0,0,
0,0,0,68,0,0,0,0,81,65,115,0,0,0,0,0,0,0,0,0,81,101,65,113,69,65,69,115,0,0,0,0,0,0,0,0,0,0,132,0,0,0,0,0,70,0,0,0,
0,0,72,115,0,0,0,0,0,0,0,0,0,0,0,0,0,0,0,0,0,0,0,0,0,0,0,0,0,0,0,0,0,0,0,150,0,0,0,0,0,0,0,0,70,0,0,0,
0,0,64,0,0,0,0,0,0,0,0,0,0,0,0,0,0,0,0,0,0,0,0,0,0,0,0,0,0,0,0,0,0,0,0,0,0,0,0,0,0,0,0,0,70,0,0,0,
0,0,79,83,0,0,0,0,0,0,0,0,0,0,0,0,0,0,0,0,0,0,0,0,0,0,0,0,0,0,0,0,0,0,0,0,0,0,0,0,0,0,0,0,70,0,0,0,
0,0,0,68,0,0,0,0,0,144,0,0,0,0,0,0,0,0,0,0,0,0,0,0,0,0,0,0,0,82,71,67,87,0,0,0,0,0,0,0,0,0,0,0,66,0,0,0,
0,0,0,100,0,0,0,0,0,0,0,0,0,0,0,0,0,86,71,71,71,67,87,0,0,82,71,67,71,78,0,0,75,71,71,67,83,0,0,0,0,0,82,71,78,0,0,0,
0,0,0,64,0,0,0,151,0,0,0,0,0,0,152,0,0,85,73,0,0,0,79,71,67,78,0,0,0,0,0,0,0,0,0,0,64,0,0,0,0,0,66,0,0,0,0,0,
0,0,0,108,0,0,0,0,0,0,134,0,0,0,0,0,0,0,70,0,0,0,0,0,0,0,0,0,0,0,0,0,0,0,0,0,112,0,0,0,0,0,85,77,0,0,0,0,
0,0,0,96,0,0,0,0,0,0,0,0,0,135,0,0,0,0,85,77,0,0,0,0,0,0,0,0,0,0,0,0,0,0,0,0,68,0,0,0,0,0,0,70,0,0,0,0,
0,0,0,64,134,0,0,0,0,148,0,0,0,0,0,0,0,0,0,70,0,0,0,102,69,73,0,0,0,0,0,0,0,0,0,0,75,87,0,0,0,0,0,70,0,0,0,0,
0,0,0,79,83,0,0,0,0,0,0,0,0,0,0,0,0,0,0,81,65,109,69,84,0,81,101,97,65,77,0,0,0,0,0,0,0,64,0,0,0,0,0,70,0,0,0,0,
0,0,0,0,64,147,0,0,0,0,0,0,0,0,0,0,0,0,0,0,0,0,0,0,0,0,0,0,0,81,77,0,0,0,0,0,0,96,0,0,0,0,86,74,0,0,0,0,
0,0,0,0,75,83,0,0,0,0,0,0,0,0,0,0,0,0,0,0,0,0,0,0,0,0,0,0,0,0,85,73,0,0,0,0,0,64,0,0,0,0,70,0,0,0,0,0,
0,0,0,0,0,75,83,0,0,0,0,0,0,0,0,0,0,0,0,0,0,0,0,0,0,0,0,0,0,0,0,85,65,77,0,0,0,79,83,0,0,0,66,0,0,0,0,0,
0,0,0,0,0,0,75,67,71,67,67,71,71,71,71,87,0,0,0,0,0,0,0,0,0,0,0,0,0,0,0,0,150,81,73,0,0,0,64,0,0,0,70,0,0,0,0,0,
0,0,0,0,0,0,0,0,0,0,0,0,0,0,0,79,67,67,87,0,0,0,0,0,0,0,0,0,0,0,0,0,0,0,81,77,0,0,100,0,0,0,70,0,0,0,0,0,
0,0,0,0,0,0,0,0,0,0,0,0,0,0,0,0,0,0,75,71,67,71,67,67,71,71,67,83,0,0,0,0,0,0,0,85,73,0,68,0,0,0,70,0,0,0,0,0,
0,0,0,0,0,72,69,109,65,69,105,69,77,0,0,0,0,0,0,0,0,0,0,0,0,0,0,79,67,83,0,0,0,149,0,0,81,113,99,0,0,0,70,0,0,0,0,0,
0,0,0,0,0,68,0,0,0,0,0,0,85,77,0,0,0,0,0,0,0,0,0,0,0,0,0,0,0,75,83,0,0,150,0,0,0,0,0,0,0,0,66,0,0,0,0,0,
0,0,0,0,76,115,0,0,0,0,0,0,0,81,69,97,69,113,65,101,65,73,0,0,0,0,0,0,0,0,75,67,87,147,0,0,0,0,0,0,0,0,81,73,0,0,0,0,
0,0,0,0,64,0,0,0,0,0,0,0,0,0,0,0,0,0,0,0,0,85,65,65,0,0,0,0,0,0,0,0,79,87,134,0,0,0,0,0,0,0,0,66,0,0,0,0,
0,0,0,0,100,0,0,0,86,71,107,71,87,0,0,0,0,0,0,0,0,0,0,132,85,77,0,0,0,0,0,0,0,79,87,163,0,0,0,0,0,0,0,70,0,0,0,0,
0,0,0,76,80,0,0,0,66,0,0,0,75,87,0,0,0,0,0,0,0,0,0,0,133,66,0,0,0,0,0,0,0,0,79,87,0,0,0,0,0,0,0,66,0,0,0,0,
0,0,0,112,0,0,0,0,66,0,0,0,0,79,71,67,71,67,67,71,67,87,0,0,0,85,77,0,0,0,0,0,0,0,0,75,87,135,0,0,0,0,82,74,0,0,0,0,
0,0,0,68,0,0,0,0,70,0,0,0,0,0,0,0,0,0,0,0,0,68,0,0,0,0,85,77,0,0,0,0,0,0,0,0,0,83,132,0,0,0,85,73,0,0,0,0,
0,0,0,75,87,0,0,0,81,77,0,0,0,0,0,0,0,0,0,0,0,79,87,0,0,0,0,81,77,0,0,0,0,0,0,0,0,79,83,0,0,0,0,66,0,0,0,0,
0,0,0,0,75,83,0,0,0,81,69,101,69,65,97,69,113,73,0,0,0,0,75,87,0,0,0,0,85,73,0,0,0,0,0,0,0,0,100,0,0,0,0,66,0,0,0,0,
0,0,0,0,0,68,132,0,0,0,0,0,0,0,0,0,0,81,65,77,0,0,0,75,83,0,0,0,0,85,65,77,0,0,0,0,0,0,64,0,0,0,0,66,0,0,0,0,
0,0,0,0,0,79,83,0,0,0,0,0,0,0,0,0,0,0,0,85,73,0,0,0,64,153,0,0,0,0,0,81,65,73,0,0,0,102,80,0,0,0,82,74,0,0,0,0,
0,0,0,0,0,0,75,67,87,0,0,0,0,0,0,0,0,0,0,0,81,77,0,0,79,87,0,0,0,0,0,0,0,85,65,97,65,115,0,0,0,0,66,0,0,0,0,0,
0,0,0,0,0,0,0,0,79,83,0,0,0,0,0,0,0,0,0,0,0,66,0,0,0,79,71,83,0,0,0,0,0,0,0,0,0,0,0,0,0,0,66,0,0,0,0,0,
0,0,0,0,0,0,0,0,0,79,67,71,71,67,67,71,87,0,0,0,0,70,0,0,0,0,0,75,83,0,0,0,0,0,0,0,0,0,0,0,0,86,78,0,0,0,0,0,
0,0,0,0,0,0,0,0,0,0,0,0,0,0,0,0,68,0,0,0,0,66,0,0,0,0,0,0,75,87,0,0,0,0,0,0,0,0,0,0,82,78,0,0,0,0,0,0,
0,0,0,0,0,0,0,0,0,0,0,0,0,0,0,0,68,0,0,0,0,66,0,0,0,0,0,0,0,75,71,67,71,71,71,67,71,71,67,67,78,0,0,0,0,0,0,0,
0,0,0,0,0,0,0,0,0,0,0,0,0,0,0,0,64,241,241,241,241,66,0,0,0,0,0,0,0,0,0,0,0,0,0,0,0,0,0,0,0,0,0,0,0,0,0,0

[layer]
type=collision
data=
3,3,3,3,3,3,3,3,3,3,3,3,3,3,3,3,3,3,3,3,3,3,3,3,3,3,3,3,3,3,3,3,3,3,3,3,3,3,3,3,3,3,3,3,3,3,3,3,
3,3,1,1,1,1,1,1,3,3,3,3,3,3,3,3,3,3,3,3,3,3,3,3,3,3,3,3,3,3,3,3,3,3,3,3,3,3,3,3,3,3,3,3,3,3,3,3,
3,3,1,0,0,0,0,1,1,1,3,3,3,3,3,3,3,3,3,3,3,3,3,3,3,3,3,3,3,3,3,3,3,3,3,3,3,3,3,3,3,3,3,3,3,3,3,3,
3,1,1,0,0,0,0,0,0,1,1,1,1,1,1,1,1,1,1,1,1,3,3,1,1,1,1,1,1,1,1,3,3,3,3,3,3,3,3,3,3,3,3,3,3,3,3,3,
3,1,0,0,3,0,0,0,0,0,1,1,0,0,0,0,0,0,0,0,1,1,1,1,0,0,0,0,0,0,1,1,1,1,1,1,1,3,3,3,3,3,3,3,3,3,3,3,
1,1,0,4,0,0,0,0,0,0,0,0,0,0,0,0,0,0,0,0,0,0,0,0,0,0,0,0,0,0,0,0,0,0,0,0,1,1,3,3,3,3,3,3,3,3,3,3,
1,0,0,0,0,0,0,0,0,0,0,0,0,0,0,0,0,0,0,0,0,0,0,0,0,0,0,0,0,0,0,0,0,0,0,0,0,1,1,3,3,3,3,3,3,3,3,3,
1,0,0,0,0,0,0,0,0,0,0,0,0,0,0,0,0,0,0,0,0,0,0,0,0,0,0,0,0,0,4,0,0,0,0,0,0,0,1,1,1,3,3,3,3,3,3,3,
1,1,0,0,0,0,0,0,0,1,1,1,1,0,0,0,0,0,0,0,0,0,0,0,0,0,0,0,4,0,0,0,0,0,0,0,0,0,0,0,1,1,3,3,3,3,3,3,
3,1,0,0,0,0,0,0,1,1,3,3,1,1,1,0,0,1,1,1,0,1,1,1,1,1,1,1,1,0,0,0,0,2,2,2,4,0,0,0,0,1,1,3,3,3,3,3,
3,1,1,1,0,0,0,0,1,3,3,3,3,3,1,1,1,1,3,1,1,1,3,3,3,3,3,3,1,0,0,0,2,2,4,2,2,2,0,0,0,0,1,1,3,3,3,3,
3,3,3,1,0,0,0,0,1,3,1,1,1,3,3,3,3,3,3,3,3,3,3,3,3,3,3,1,1,0,0,0,2,4,4,4,4,2,2,0,0,0,0,1,3,3,3,3,
3,3,3,1,0,0,0,0,1,3,1,4,1,1,1,1,1,1,1,1,1,3,3,3,3,3,3,1,0,0,0,0,2,4,4,4,4,4,2,2,0,0,0,1,1,3,3,3,
3,3,3,1,0,0,0,0,1,1,1,0,0,0,0,0,0,0,0,0,1,1,1,1,1,1,1,1,0,0,0,0,2,2,2,2,2,4,4,2,0,0,0,0,1,3,3,3,
3,3,1,1,0,0,0,0,0,0,0,0,0,0,0,0,0,0,0,0,0,0,0,0,0,0,0,0,0,0,0,0,0,0,0,4,2,2,2,2,0,0,0,0,1,3,3,3,
3,3,1,0,0,0,0,0,0,0,0,0,0,0,0,0,0,0,0,0,0,0,0,0,0,0,0,0,0,0,0,0,0,0,0,0,0,0,0,0,0,0,0,0,1,3,3,3,
3,3,1,1,0,0,0,0,0,0,0,0,0,0,0,0,0,0,0,0,0,0,0,0,0,0,0,0,0,0,0,0,0,0,0,0,0,0,0,0,0,0,0,0,1,3,3,3,
3,3,3,1,0,0,0,0,0,4,2,2,2,0,0,0,0,0,0,0,0,0,0,0,0,0,0,0,0,1,1,1,1,0,0,0,0,0,0,0,0,0,0,0,1,3,3,3,
3,3,3,1,0,0,0,0,2,2,2,4,2,2,0,0,0,1,1,1,1,1,1,0,0,1,1,1,1,1,3,3,1,1,1,1,1,0,0,0,0,0,1,1,1,3,3,3,
3,3,3,1,0,0,0,4,2,4,4,4,4,2,4,0,0,1,1,3,3,3,1,1,1,1,3,3,3,3,3,3,3,3,3,3,1,0,0,0,0,0,1,3,3,3,3,3,
3,3,3,1,0,0,0,0,2,2,4,4,4,2,2,0,0,0,1,3,3,3,3,3,3,3,3,3,3,3,3,3,3,3,3,3,1,0,0,0,0,0,1,1,3,3,3,3,
3,3,3,1,0,0,0,0,0,2,2,4,4,4,2,2,0,0,1,1,3,3,3,3,3,3,3,3,3,3,3,3,3,3,3,3,1,0,0,0,0,0,0,1,3,3,3,3,
3,3,3,1,0,0,0,0,0,3,2,2,4,4,4,2,0,0,0,1,3,3,3,1,1,1,3,3,3,3,3,3,3,3,3,3,1,1,0,0,0,0,0,1,3,3,3,3,
3,3,3,1,1,0,0,0,0,0,0,2,2,2,2,2,0,0,0,1,1,1,1,1,0,1,1,1,1,1,3,3,3,3,3,3,3,1,0,0,0,0,0,1,3,3,3,3,
3,3,3,3,1,4,0,0,0,0,0,0,0,0,0,0,0,0,0,0,0,0,0,0,0,0,0,0,0,1,1,3,3,3,3,3,3,1,0,0,0,0,1,1,3,3,3,3,
3,3,3,3,1,1,0,0,0,0,0,0,0,0,0,0,0,0,0,0,0,0,0,0,0,0,0,0,0,0,1,1,3,3,3,3,3,1,0,0,0,0,1,3,3,3,3,3,
3,3,3,3,3,1,1,0,0,0,0,0,0,0,0,0,0,0,0,0,0,0,0,0,0,0,0,0,0,0,0,1,1,1,3,3,3,1,1,0,0,0,1,3,3,3,3,3,
3,3,3,3,3,3,1,1,1,1,1,1,1,1,1,1,0,0,0,0,0,0,0,0,0,0,0,0,0,0,0,0,4,1,1,3,3,3,1,0,0,0,1,3,3,3,3,3,
3,3,3,3,3,3,3,3,3,3,3,3,3,3,3,1,1,1,1,0,0,0,0,0,0,0,0,0,0,0,0,0,0,0,1,1,3,3,1,0,0,0,1,3,3,3,3,3,
3,3,3,3,3,3,3,3,3,3,3,3,3,3,3,3,3,3,1,1,1,1,1,1,1,1,1,1,0,0,0,0,0,0,0,1,1,3,1,0,0,0,1,3,3,3,3,3,
3,3,3,3,3,1,1,1,1,1,1,1,1,3,3,3,3,3,3,3,3,3,3,3,3,3,3,1,1,1,0,0,0,3,0,0,1,1,1,0,0,0,1,3,3,3,3,3,
3,3,3,3,3,1,0,0,0,0,0,0,1,1,1,1,3,3,3,3,3,3,3,3,3,3,3,3,3,1,1,0,0,0,0,0,0,0,0,0,0,0,1,3,3,3,3,3,
3,3,3,3,1,1,0,0,0,0,0,0,0,1,1,1,1,1,1,1,1,1,3,3,3,3,3,3,3,3,1,1,1,4,0,0,0,0,0,0,0,0,1,1,3,3,3,3,
3,3,3,3,1,0,0,0,0,0,0,0,0,0,0,0,0,0,0,0,0,1,1,1,3,3,3,3,3,3,3,3,1,1,0,0,0,0,0,0,0,0,0,1,3,3,3,3,
3,3,3,3,1,0,0,0,1,1,1,1,1,0,0,0,0,0,0,0,0,0,0,0,1,1,3,3,3,3,3,3,3,1,1,4,0,0,0,0,0,0,0,1,3,3,3,3,
3,3,3,1,1,0,0,0,1,3,3,3,1,1,0,0,0,0,0,0,0,0,0,0,0,1,3,3,3,3,3,3,3,3,1,1,0,0,0,0,0,0,0,1,3,3,3,3,
3,3,3,1,0,0,0,0,1,3,3,3,3,1,1,1,1,1,1,1,1,1,0,0,0,1,1,3,3,3,3,3,3,3,3,1,1,0,0,0,0,0,1,1,3,3,3,3,
3,3,3,1,0,0,0,0,1,3,3,3,3,3,3,3,3,3,3,3,3,1,0,0,0,0,1,1,3,3,3,3,3,3,3,3,3,1,0,0,0,0,1,1,3,3,3,3,
3,3,3,1,1,0,0,0,1,1,3,3,3,3,3,3,3,3,3,3,3,1,1,0,0,0,0,1,1,3,3,3,3,3,3,3,3,1,1,0,0,0,0,1,3,3,3,3,
3,3,3,3,1,1,0,0,0,1,1,1,1,1,1,1,1,1,3,3,3,3,1,1,0,0,0,0,1,1,3,3,3,3,3,3,3,3,1,0,0,0,0,1,3,3,3,3,
3,3,3,3,3,1,0,0,0,0,0,0,0,0,0,0,0,1,1,1,3,3,3,1,1,0,0,0,0,1,1,1,3,3,3,3,3,3,1,0,0,0,0,1,3,3,3,3,
3,3,3,3,3,1,1,0,0,0,0,0,0,0,0,0,0,0,0,1,1,3,3,3,1,3,0,0,0,0,0,1,1,1,3,3,3,1,1,0,0,0,1,1,3,3,3,3,
3,3,3,3,3,3,1,1,1,0,0,0,0,0,0,0,0,0,0,0,1,1,3,3,1,1,0,0,0,0,0,0,0,1,1,1,1,1,0,0,0,0,1,3,3,3,3,3,
3,3,3,3,3,3,3,3,1,1,0,0,0,0,0,0,0,0,0,0,0,1,3,3,3,1,1,1,0,0,0,0,0,0,0,0,0,0,0,0,0,0,1,3,3,3,3,3,
3,3,3,3,3,3,3,3,3,1,1,1,1,1,1,1,1,0,0,0,0,1,3,3,3,3,3,1,1,0,0,0,0,0,0,0,0,0,0,0,0,1,1,3,3,3,3,3,
3,3,3,3,3,3,3,3,3,3,3,3,3,3,3,3,1,0,0,0,0,1,3,3,3,3,3,3,1,1,0,0,0,0,0,0,0,0,0,0,1,1,3,3,3,3,3,3,
3,3,3,3,3,3,3,3,3,3,3,3,3,3,3,3,1,0,0,0,0,1,3,3,3,3,3,3,3,1,1,1,1,1,1,1,1,1,1,1,1,3,3,3,3,3,3,3,
3,3,3,3,3,3,3,3,3,3,3,3,3,3,3,3,1,0,0,0,0,1,3,3,3,3,3,3,3,3,3,3,3,3,3,3,3,3,3,3,3,3,3,3,3,3,3,3

[event]
# to Goblin Camp
type=on_trigger
location=17,47,4,1
hotspot=location
intermap=maps/goblin_camp.txt,36,26
tooltip=Goblin Camp

[event]
# Cave wind sound effect
type=on_load
location=10,9,1,1
soundfx=soundfx/environment/cave_wind_loop.ogg

[event]
# River sound
type=on_load
location=11,20,1,1
soundfx=soundfx/environment/river_loop.ogg

[event]
# River sound
type=on_load
location=35,12,1,1
soundfx=soundfx/environment/river_loop.ogg

[event]
# Water dripping
type=on_load
location=17,5,1,1
soundfx=soundfx/environment/cave_droplets_loop.ogg

[event]
# Water dripping
type=on_load
location=20,25,1,1
soundfx=soundfx/environment/cave_droplets_loop.ogg

[event]
# Water dripping
type=on_load
location=25,39,1,1
soundfx=soundfx/environment/cave_droplets_loop.ogg

[event]
# Water dripping
type=on_load
location=6,38,1,1
soundfx=soundfx/environment/cave_droplets_loop.ogg

[event]
# Water dripping
type=on_load
location=39,27,1,1
soundfx=soundfx/environment/cave_droplets_loop.ogg

[enemy]
type=goblin
location=3,31,5,10
level=1
number=2

[enemy]
type=goblin
location=8,31,18,7
level=1
number=3,4

[enemy]
type=goblin
location=24,38,16,7
level=1
number=3,4

[enemy]
type=goblin
location=4,12,13,14
level=1
number=4,5

[enemy]
type=goblin
location=31,25,11,12
level=1
number=3,4

[enemy]
type=goblin
location=28,5,13,13
level=1
number=4,5

[enemy]
type=goblin
location=8,4,18,4
level=1
number=3,4

[enemy]
type=goblin
location=17,23,14,6
level=1
number=2,3

[enemy]
type=goblin
location=17,12,11,6
level=1
number=2,3

[enemy]
type=goblin_spearman
location=8,17,1,1
level=2
number=1

[enemy]
type=goblin_spearman
location=32,9,1,1
level=2
number=1

