[header]
width=60
height=80
tilewidth=64
tileheight=32
orientation=isometric
background_color=0,0,0,255
hero_pos=2,7
music=music/forest_theme.ogg
parallax_layers=maps/parallax/rain.txt
tileset=tilesetdefs/tileset_grassland.txt
title=Lochport Cemetery

[tilesets]
tileset=../../../tiled/grassland/tiled_collision.png,64,32,0,0
tileset=../../../tiled/grassland/grassland.png,64,128,0,0
tileset=../../../tiled/grassland/grassland_water.png,64,64,0,32
tileset=../../../tiled/grassland/grassland_structures.png,64,256,0,0
tileset=../../../tiled/grassland/grassland_trees.png,128,256,-32,0
tileset=../../../tiled/grassland/set_rules.png,64,32,0,0
tileset=../../../tiled/grassland/tiled_grassland_2x2.png,128,64,0,16

[layer]
type=background
data=
0,0,0,0,0,0,0,0,0,0,0,0,0,0,0,0,0,0,0,0,0,0,0,0,0,0,0,0,0,0,0,0,0,0,0,0,0,0,0,0,0,0,0,0,0,0,0,0,0,0,0,0,0,0,0,0,0,0,0,0,
0,0,0,0,0,0,0,0,0,0,0,0,0,0,0,0,16,17,18,19,0,0,0,0,16,17,18,19,16,0,0,0,0,0,0,0,0,0,0,0,0,0,0,0,0,0,0,0,0,0,0,0,0,0,0,0,0,0,0,0,
0,0,0,0,0,0,0,0,0,0,0,0,0,21,22,23,20,21,22,23,20,21,22,23,20,21,22,23,20,21,22,23,20,0,0,0,0,0,0,0,0,21,22,23,20,21,22,23,0,0,0,0,0,0,0,0,0,0,0,0,
0,0,26,27,24,25,26,27,24,25,26,27,24,25,26,27,24,25,26,27,24,25,26,27,24,25,26,27,24,25,26,27,24,25,0,0,0,25,26,27,24,25,26,27,24,25,26,27,24,0,0,0,0,0,0,0,0,0,0,0,
28,29,30,31,28,29,30,31,28,29,30,31,28,29,30,31,28,29,30,31,28,29,30,31,28,29,30,31,28,29,30,31,28,29,30,31,28,29,30,31,28,29,30,152,145,153,30,31,28,29,30,0,0,0,0,0,0,0,0,0,
16,17,18,19,16,17,18,19,16,17,18,19,16,17,18,19,45,17,18,19,16,17,18,19,16,17,18,19,16,17,18,19,16,17,18,19,16,17,18,156,149,145,149,164,176,165,153,19,16,17,18,19,0,0,0,0,0,0,0,0,
20,21,22,23,20,21,22,23,20,44,22,23,20,21,22,23,43,45,38,37,32,41,37,45,41,38,22,23,20,21,22,23,20,152,149,145,149,145,149,160,180,181,182,183,180,181,165,157,20,21,22,23,20,0,0,0,0,0,0,0,
24,25,26,27,24,41,42,47,47,44,26,27,18,25,26,27,24,25,26,27,24,28,19,23,47,35,44,44,24,25,26,27,24,159,167,187,184,185,186,187,184,185,186,187,184,185,186,161,149,153,26,27,24,0,0,0,0,0,0,0,
28,29,30,31,28,29,30,31,28,29,30,31,28,29,30,31,28,29,30,31,28,29,30,31,28,29,30,31,28,29,30,31,28,29,148,191,188,189,190,191,188,189,190,191,188,189,190,191,188,161,153,31,28,29,0,0,0,0,0,0,
0,17,18,19,16,17,18,19,16,17,18,0,0,0,18,19,16,17,18,19,16,17,18,19,16,17,18,19,16,17,18,19,16,17,159,163,176,177,178,179,176,177,178,179,176,177,178,179,176,177,165,153,16,17,0,0,0,0,0,0,
0,0,22,23,20,21,22,23,20,0,0,0,0,0,0,0,0,0,0,0,20,21,22,23,20,21,22,23,20,21,22,23,20,21,22,144,180,181,182,183,180,181,182,183,180,181,182,183,180,181,182,146,20,21,0,0,0,0,0,0,
0,0,0,0,0,0,0,0,0,0,0,0,0,0,0,0,0,0,0,0,0,0,26,27,24,25,26,27,24,25,26,27,24,25,26,159,167,185,186,187,184,185,186,187,184,185,186,187,184,185,186,165,157,25,0,0,0,0,0,0,
0,0,0,0,0,0,0,0,0,0,0,0,0,0,0,0,0,0,0,0,0,0,0,0,28,29,30,31,28,29,30,31,28,29,30,31,144,189,190,191,188,189,166,147,147,147,147,167,188,189,190,191,146,29,30,0,0,0,0,0,
0,0,0,0,0,0,0,0,0,0,0,0,0,0,0,0,0,0,0,0,0,0,0,0,0,17,18,19,16,17,18,19,16,17,18,19,192,202,202,196,202,202,194,16,17,18,19,155,167,177,178,179,150,17,18,19,0,0,0,0,
0,0,0,0,0,0,0,0,0,0,0,0,0,0,0,0,0,0,0,0,0,0,0,0,0,0,22,23,20,21,47,43,20,21,22,23,148,181,182,183,180,181,146,20,21,0,0,16,148,181,182,183,150,21,22,23,20,0,0,0,
0,0,0,0,0,0,0,0,0,0,0,0,0,0,0,0,0,0,0,0,0,0,0,0,0,0,0,27,24,25,26,32,24,25,26,27,148,185,186,187,184,185,165,153,25,264,0,152,164,185,186,187,161,157,26,27,24,0,0,0,
0,0,0,0,0,0,0,0,0,0,0,0,0,0,0,0,0,0,0,0,0,0,0,0,0,0,0,31,28,29,30,31,35,29,30,31,155,163,190,191,188,189,190,161,145,145,145,160,188,189,190,191,188,165,153,31,28,0,0,0,
0,0,0,0,0,0,0,0,0,17,18,19,16,17,18,19,0,0,0,0,0,0,0,0,0,0,18,19,16,17,18,36,39,17,18,19,16,148,178,179,176,177,178,179,176,177,178,179,176,177,178,179,176,177,161,153,16,0,0,0,
0,0,0,0,0,0,0,0,20,21,22,23,20,21,22,23,20,21,22,23,20,21,22,23,0,21,22,23,20,21,40,41,20,21,22,23,20,144,182,183,180,181,182,183,180,181,182,183,180,181,182,183,180,181,182,150,20,0,0,0,
0,0,0,0,0,0,0,0,24,25,26,27,24,25,26,27,24,25,26,27,24,25,26,27,24,25,26,27,24,25,39,27,24,25,26,27,24,148,186,187,184,185,186,187,184,185,186,187,184,185,186,187,184,185,166,158,24,0,0,0,
0,0,0,0,0,0,0,0,28,29,30,31,28,29,30,31,28,29,30,31,28,29,30,31,28,29,30,31,28,29,37,31,28,29,30,31,28,144,190,191,188,189,190,191,188,189,190,191,188,189,190,191,188,166,158,31,28,0,0,0,
0,0,0,0,0,0,0,19,16,17,18,19,16,17,18,19,16,17,18,19,16,17,18,19,16,17,18,19,16,17,37,19,16,17,18,19,16,144,178,179,176,177,178,179,176,177,178,179,176,177,178,162,151,154,18,19,0,0,0,0,
0,0,0,0,0,0,0,23,20,21,22,23,20,21,22,23,20,21,22,44,37,32,36,23,20,43,22,23,20,21,22,23,20,21,22,23,156,160,182,183,180,181,182,183,180,181,182,183,180,181,162,158,20,21,22,0,0,0,0,0,
0,0,0,0,0,0,0,27,24,25,26,27,24,25,26,27,24,25,42,47,47,43,44,46,38,43,26,27,24,25,26,27,24,25,152,145,160,185,186,187,184,185,186,187,184,185,186,187,184,162,158,27,24,0,0,0,0,0,0,0,
0,0,0,0,0,0,30,31,28,29,30,31,28,29,30,31,28,29,39,31,28,29,30,46,28,29,30,31,28,29,30,156,145,149,160,191,188,189,190,191,188,189,190,191,188,189,190,191,162,154,30,31,0,0,0,0,0,0,0,0,
0,0,0,0,0,0,18,19,16,17,18,19,16,17,18,19,16,17,18,19,16,17,18,19,16,17,18,19,156,149,149,164,176,177,178,179,176,177,178,179,176,166,151,147,151,151,147,151,158,17,18,0,0,0,0,0,0,0,0,0,
0,0,0,0,0,21,22,23,20,21,22,23,20,21,22,23,20,21,22,23,20,21,22,23,20,152,149,149,160,181,182,183,180,181,182,183,180,181,182,162,147,154,22,23,20,21,22,23,20,21,0,0,0,0,0,0,0,0,0,0,
0,0,0,0,0,25,26,27,24,25,26,27,24,25,26,27,24,152,193,193,145,145,145,145,149,160,186,187,184,185,186,187,184,185,186,187,166,151,151,154,24,25,26,27,24,25,0,0,0,0,0,0,0,0,0,0,0,0,0,0,
0,0,0,0,0,29,30,31,28,29,30,31,28,29,30,152,149,164,203,203,188,189,190,191,188,189,190,191,188,189,190,191,188,189,162,151,158,29,30,31,28,29,30,31,28,29,0,0,0,0,0,0,0,0,0,0,0,0,0,0,
0,0,0,0,0,0,18,19,16,17,18,19,16,17,152,164,179,176,203,203,176,177,178,179,176,177,178,179,176,177,162,151,147,151,154,19,16,17,18,19,16,17,18,19,16,17,18,0,0,0,0,0,0,0,0,0,0,0,0,0,
0,0,0,0,0,0,22,23,20,21,22,23,20,152,160,182,183,180,199,199,180,181,182,183,180,162,151,147,147,147,154,23,20,21,22,23,20,21,22,23,20,21,22,23,20,21,22,0,0,0,0,0,0,0,0,0,0,0,0,0,
0,0,0,0,0,0,26,27,24,25,26,152,149,160,185,186,187,184,203,203,184,166,151,151,147,158,18,19,16,17,18,37,46,39,37,45,18,44,38,40,41,47,26,27,24,25,26,0,0,0,0,0,0,0,0,0,0,0,0,0,
0,0,0,0,0,29,30,31,28,156,145,160,191,188,189,190,191,188,203,203,162,158,22,23,20,21,22,23,20,21,22,37,28,29,30,31,28,29,41,37,47,34,38,31,28,29,30,31,0,0,0,0,0,0,0,0,0,0,0,0,
0,0,0,0,0,17,18,19,156,160,177,178,179,176,177,178,179,176,203,203,150,25,26,27,24,25,26,27,43,33,26,27,0,0,0,19,16,17,18,19,33,38,38,39,43,17,18,19,16,0,0,0,0,0,0,0,0,0,0,0,
0,0,0,0,0,145,149,149,160,180,181,182,183,162,147,147,147,151,195,195,158,29,30,31,28,29,30,31,40,33,30,31,0,0,0,0,0,21,22,23,20,21,46,42,41,40,22,23,20,21,22,0,20,0,0,0,0,0,0,0,
0,0,0,0,0,184,185,186,187,184,185,166,151,154,18,19,16,17,18,19,16,17,18,19,16,17,18,19,36,17,18,0,0,0,0,0,0,0,0,27,24,25,26,41,37,35,44,27,24,25,26,27,24,25,0,0,0,0,0,0,
0,0,0,0,0,188,189,190,191,166,147,158,20,21,22,23,20,39,22,23,20,21,22,23,20,21,22,23,40,21,22,23,0,0,0,0,0,0,0,0,28,29,30,31,37,35,46,39,28,29,30,31,28,29,0,0,0,0,0,0,
0,0,0,0,0,147,151,147,151,158,26,27,24,25,26,27,24,39,37,27,24,25,26,27,24,25,26,27,40,47,26,27,24,0,0,0,0,0,0,0,0,17,18,19,16,46,47,45,47,17,18,19,16,17,18,0,0,0,0,0,
0,0,0,0,0,29,30,31,28,29,30,31,28,29,30,31,28,47,41,39,28,29,30,31,28,29,30,31,28,29,30,31,28,29,0,0,0,0,0,0,0,0,22,23,20,21,35,31,47,21,22,23,20,21,22,0,0,0,0,0,
0,0,0,0,0,17,18,19,16,17,18,19,16,17,18,19,16,43,40,33,16,17,18,19,16,17,18,19,16,17,18,19,16,17,18,19,0,0,0,0,0,0,26,27,24,25,34,41,19,25,26,27,24,25,26,27,0,0,0,0,
0,0,0,0,0,0,22,23,47,21,22,23,20,21,22,23,20,34,35,38,20,21,22,23,20,21,22,23,20,21,38,23,20,21,22,23,0,0,0,0,0,0,0,31,28,29,30,31,47,35,30,31,28,29,30,31,0,0,0,0,
0,0,0,0,0,0,26,27,45,25,26,27,24,25,26,27,24,25,45,42,24,25,26,27,24,25,26,27,24,25,38,27,24,25,26,27,0,0,0,0,0,0,0,19,16,17,18,19,16,45,18,19,16,17,18,19,0,0,0,0,
0,0,0,0,0,0,30,40,46,29,30,31,28,29,30,31,28,39,43,43,28,29,30,31,28,29,30,31,28,38,43,31,28,29,30,31,28,0,0,0,0,0,0,23,20,21,22,23,20,38,22,23,20,21,22,0,0,0,0,0,
0,0,0,0,0,17,18,38,41,17,18,19,16,17,18,19,16,40,35,34,16,17,18,19,16,17,18,19,16,44,37,34,16,17,18,19,16,0,0,0,0,0,0,27,24,25,26,27,24,40,40,27,24,25,26,0,0,0,0,0,
0,0,0,0,0,21,22,43,40,21,22,23,20,21,22,23,20,35,45,38,20,21,22,23,20,21,22,23,20,43,40,33,20,21,22,23,20,0,0,0,0,0,0,31,28,29,30,31,28,29,30,31,28,29,0,0,0,0,0,0,
0,0,0,0,0,25,26,42,40,25,26,27,24,25,26,27,24,38,39,38,24,25,26,27,24,25,26,27,24,35,45,44,24,25,26,27,24,0,0,0,0,0,0,19,16,17,18,19,16,17,18,19,16,17,0,0,0,0,0,0,
0,0,0,0,0,29,30,47,38,29,30,31,28,29,30,31,28,44,36,45,28,29,30,31,28,29,30,31,28,41,46,42,28,29,30,31,28,0,0,0,0,0,0,23,20,21,22,23,20,21,22,23,20,0,0,0,0,0,0,0,
0,0,0,0,0,17,18,40,38,17,18,19,16,17,18,19,16,25,40,40,16,17,18,19,16,17,18,19,16,17,38,41,16,17,18,19,0,0,0,0,0,0,26,27,24,25,26,23,31,21,238,27,24,25,0,0,0,0,0,0,
0,0,0,0,0,21,22,44,40,21,22,23,20,21,22,23,20,19,46,39,20,21,22,23,20,21,22,23,20,21,47,33,20,21,22,23,0,0,0,0,0,0,30,31,28,29,30,26,25,20,237,31,28,29,30,0,0,0,0,0,
0,0,0,0,0,25,26,44,45,25,26,27,24,25,26,27,24,23,34,35,24,25,26,27,24,25,26,27,24,25,41,41,24,25,26,0,0,0,0,0,0,0,18,19,16,17,18,23,28,18,236,19,16,17,18,0,0,0,0,0,
0,0,0,0,0,29,30,35,40,43,30,31,28,29,30,31,28,20,38,23,28,29,30,31,28,29,30,31,28,29,38,36,28,29,30,0,0,0,0,0,0,0,22,23,20,21,22,232,233,234,235,23,20,21,22,23,0,0,0,0,
0,0,0,0,0,17,18,19,34,33,18,19,16,17,18,19,16,17,18,19,16,17,18,19,16,17,18,19,16,17,40,36,16,17,18,19,0,0,0,0,0,0,26,27,24,25,26,27,24,25,26,27,24,25,26,27,0,0,0,0,
0,0,0,0,0,0,22,23,20,38,22,23,20,21,22,23,20,21,22,23,20,21,22,23,20,21,22,23,20,21,34,40,20,21,22,23,0,0,0,0,0,0,30,31,28,29,30,31,28,29,30,31,28,29,30,31,0,0,0,0,
0,0,0,0,0,0,26,27,24,33,43,43,33,42,39,33,24,25,26,27,24,25,46,42,41,34,47,38,24,25,35,43,24,25,26,27,24,0,0,0,0,0,0,19,16,17,18,19,16,17,18,19,16,17,18,19,0,0,0,0,
0,0,0,0,0,29,30,31,28,44,33,46,45,38,34,42,28,29,30,31,28,29,42,40,43,36,39,39,41,38,17,38,28,29,30,31,28,29,0,0,0,0,0,0,0,0,0,0,20,21,22,23,20,21,22,23,0,0,0,0,
0,0,0,0,0,17,18,19,16,36,18,35,39,38,39,39,16,17,18,19,16,17,18,19,16,17,18,19,34,36,36,34,40,17,18,19,16,17,18,0,0,0,0,0,0,0,0,0,0,0,0,27,24,25,0,0,0,0,0,0,
0,0,0,0,0,21,22,23,20,42,22,23,20,21,22,23,20,21,22,23,20,21,22,23,20,21,22,23,20,43,44,37,40,37,22,23,20,21,22,23,0,0,0,0,0,0,0,0,0,0,0,0,0,0,0,0,0,0,0,0,
0,0,0,0,0,25,26,27,35,34,26,27,24,25,26,27,24,37,26,27,24,25,26,27,24,25,26,27,24,42,41,35,34,39,37,27,24,25,26,27,24,0,0,0,0,0,0,0,0,0,0,0,0,0,0,0,0,0,0,0,
0,0,0,0,28,29,30,31,46,34,30,31,28,29,30,31,28,24,46,31,28,29,30,31,28,29,30,31,28,46,44,31,28,47,40,41,28,29,30,31,28,29,0,0,0,0,0,0,0,0,0,0,0,0,0,0,0,0,0,0,
0,0,0,0,16,17,18,19,34,36,18,19,16,17,18,19,16,45,39,19,16,17,18,19,16,17,18,19,16,17,40,41,16,17,36,46,45,17,18,19,16,17,18,19,0,0,0,0,0,0,0,0,0,0,0,0,0,0,0,0,
0,0,0,0,20,21,22,23,41,46,22,23,20,21,22,23,20,39,40,41,20,21,22,23,20,21,22,23,20,21,34,46,20,21,22,42,37,46,22,23,20,21,22,23,20,0,0,0,0,0,0,0,0,0,0,0,0,0,0,0,
0,0,0,0,24,25,26,27,41,38,26,27,24,25,26,27,24,45,37,36,24,25,26,27,24,25,26,27,24,25,45,42,36,25,26,27,24,37,42,27,24,25,26,27,24,25,26,27,24,25,0,0,0,0,0,0,0,0,0,0,
0,0,0,0,28,29,30,31,39,36,30,31,28,29,30,31,28,35,35,43,28,29,30,31,28,29,30,31,28,29,42,41,40,29,30,31,28,29,45,35,28,29,30,31,28,29,30,31,28,29,30,0,0,0,0,0,0,0,0,0,
0,0,0,0,16,17,18,19,39,36,36,19,16,17,18,19,16,36,41,45,16,17,18,19,16,17,18,19,16,17,40,38,37,17,18,19,16,17,18,34,33,38,18,19,16,17,18,19,16,17,18,19,16,17,0,0,0,0,0,0,
0,0,0,0,20,21,22,23,45,41,46,23,20,21,22,23,20,35,37,41,20,21,22,23,20,21,22,23,20,21,38,40,42,21,22,23,20,21,22,23,38,43,35,23,20,21,22,23,20,21,22,23,20,21,22,23,0,0,0,0,
0,0,0,0,24,25,26,27,34,34,43,27,24,25,26,27,24,44,44,34,24,25,26,27,24,25,26,27,24,25,26,44,42,25,26,27,24,25,26,27,24,25,39,38,24,25,26,27,24,25,26,27,24,25,26,27,24,0,0,0,
0,0,0,0,0,29,30,31,28,34,30,31,28,29,30,31,28,29,45,45,28,29,30,31,28,29,30,31,28,29,30,33,47,29,30,31,28,29,30,31,28,29,30,39,45,36,30,31,28,29,30,31,28,29,30,31,28,0,0,0,
0,0,0,0,0,0,18,19,16,17,18,19,16,17,18,19,16,17,44,37,16,17,18,19,16,17,18,19,16,17,18,33,44,17,18,19,16,17,18,19,16,17,18,19,45,46,18,19,16,17,18,19,16,17,18,19,16,0,0,0,
0,0,0,0,0,0,0,23,20,21,22,23,20,21,22,23,20,21,36,23,20,21,22,23,20,21,22,23,20,21,22,23,40,21,22,23,20,21,22,23,20,21,22,23,20,44,22,23,20,21,22,23,20,21,22,23,20,0,0,0,
0,0,0,0,0,0,0,27,24,25,26,27,24,25,26,27,24,25,26,27,24,25,26,27,24,25,26,27,24,25,26,27,24,25,26,27,24,25,26,27,24,25,26,27,24,41,42,27,24,25,26,27,24,25,26,27,0,0,0,0,
0,0,0,0,0,0,0,0,0,29,30,31,28,29,30,31,28,29,30,31,28,29,30,31,28,29,30,31,28,29,30,31,28,29,30,31,28,29,30,31,28,29,30,31,28,29,43,38,28,29,30,31,28,29,30,0,0,0,0,0,
0,0,0,0,0,0,0,0,0,0,0,19,16,17,18,19,16,17,18,19,16,17,18,19,16,17,18,0,0,0,0,0,0,0,0,0,16,17,18,19,16,17,18,19,16,17,43,43,16,17,18,19,16,17,0,0,0,0,0,0,
0,0,0,0,0,0,0,0,0,0,0,0,0,21,22,23,20,21,22,23,20,21,22,23,20,21,0,0,0,0,0,0,0,0,0,0,0,0,0,23,20,21,22,23,20,21,41,40,20,21,22,23,0,0,0,0,0,0,0,0,
0,0,0,0,0,0,0,0,0,0,0,0,0,0,0,0,0,0,0,0,0,0,0,0,0,0,0,0,0,0,0,0,0,0,0,0,0,0,0,0,0,0,26,27,24,25,26,37,24,25,26,0,0,0,0,0,0,0,0,0,
0,0,0,0,0,0,0,0,0,0,0,0,0,0,0,0,0,0,0,0,0,0,0,0,0,0,0,0,0,0,0,0,0,0,0,0,0,0,0,0,0,0,0,31,28,29,30,35,28,29,0,0,0,0,0,0,0,0,0,0,
0,0,0,0,0,0,0,0,0,0,0,0,0,0,0,0,0,0,0,0,0,0,0,0,0,0,0,0,0,0,0,0,0,0,0,0,0,0,0,0,0,0,0,0,16,17,18,37,16,17,0,0,0,0,0,0,0,0,0,0,
0,0,0,0,0,0,0,0,0,0,0,0,0,0,0,0,0,0,0,0,0,0,0,0,0,0,0,0,0,0,0,0,0,0,0,0,0,0,0,0,0,0,0,0,0,21,22,46,20,21,0,0,0,0,0,0,0,0,0,0,
0,0,0,0,0,0,0,0,0,0,0,0,0,0,0,0,0,0,0,0,0,0,0,0,0,0,0,0,0,0,0,0,0,0,0,0,0,0,0,0,0,0,0,0,0,25,26,36,24,25,0,0,0,0,0,0,0,0,0,0,
0,0,0,0,0,0,0,0,0,0,0,0,0,0,0,0,0,0,0,0,0,0,0,0,0,0,0,0,0,0,0,0,0,0,0,0,0,0,0,0,0,0,0,0,0,29,30,31,28,29,0,0,0,0,0,0,0,0,0,0,
0,0,0,0,0,0,0,0,0,0,0,0,0,0,0,0,0,0,0,0,0,0,0,0,0,0,0,0,0,0,0,0,0,0,0,0,0,0,0,0,0,0,0,0,0,17,18,19,16,17,18,0,0,0,0,0,0,0,0,0

[layer]
type=object
data=
0,0,0,0,0,0,0,0,0,0,0,0,0,0,0,0,0,0,0,0,0,0,0,0,0,0,0,0,0,0,0,0,0,0,0,0,0,0,0,0,0,0,0,0,0,0,0,0,0,0,0,0,0,0,0,0,0,0,0,0,
0,0,0,0,0,0,0,0,0,0,0,0,0,0,0,0,60,49,49,57,0,0,0,0,60,49,49,49,57,0,0,0,0,0,0,0,0,0,0,0,0,0,0,0,0,0,0,0,0,0,0,0,0,0,0,0,0,0,0,0,
0,0,0,0,0,0,0,0,0,0,0,0,0,56,53,49,68,113,121,69,53,49,49,49,64,114,0,130,65,53,49,49,49,61,0,0,0,0,0,0,0,56,49,53,49,49,53,57,0,0,0,0,0,0,0,0,0,0,0,0,
0,0,56,53,53,49,53,53,49,53,49,53,53,64,0,0,255,0,0,0,121,254,0,0,0,0,127,246,0,0,116,0,0,50,0,0,0,56,49,53,49,68,0,0,250,0,0,69,57,0,0,0,0,0,0,0,0,0,0,0,
49,53,64,0,0,0,253,0,251,0,0,0,0,0,248,118,0,0,0,0,0,0,123,0,251,0,0,112,0,122,0,0,0,65,53,53,49,64,0,249,0,0,248,0,0,0,0,0,69,61,0,0,0,0,0,0,0,0,0,0,
92,130,113,0,250,0,0,124,0,0,0,117,246,0,0,0,0,0,0,0,0,0,0,121,0,0,133,0,0,0,0,0,0,0,253,0,0,116,123,0,0,0,0,0,0,0,0,0,249,69,49,0,0,0,0,0,0,0,0,0,
92,0,0,0,127,0,0,0,0,0,0,0,0,0,0,0,0,127,0,0,0,0,0,0,0,0,0,0,0,0,0,0,0,0,0,0,0,0,0,0,0,0,0,0,0,0,0,0,0,0,0,69,57,0,0,0,0,0,0,0,
92,0,126,0,0,0,0,0,127,0,0,0,0,0,0,0,0,0,0,0,0,0,0,0,0,0,0,0,0,0,0,245,0,0,0,0,0,0,114,0,0,0,0,0,0,0,0,0,0,0,0,254,65,57,0,0,0,0,0,0,
92,0,0,123,0,0,0,0,0,0,0,0,0,0,0,122,0,0,0,0,0,0,0,0,0,0,0,0,0,0,0,0,0,0,130,0,0,0,0,0,0,0,0,0,0,0,0,0,0,0,0,0,112,50,0,0,0,0,0,0,
55,51,71,118,0,125,124,0,0,0,0,70,55,55,51,67,0,0,0,0,0,0,0,0,0,132,0,0,0,0,0,0,0,0,0,0,115,0,0,0,0,0,0,0,0,0,0,0,115,0,0,0,0,69,61,0,0,0,0,0,
0,0,52,0,0,0,0,245,0,66,55,62,0,0,0,63,51,55,51,51,51,71,0,249,0,0,0,0,0,0,0,0,0,0,0,0,0,0,0,0,0,0,0,121,0,0,0,0,0,0,0,0,247,0,54,0,0,0,0,0,
0,0,59,51,55,51,51,51,51,58,0,0,0,0,0,0,0,0,0,0,0,63,51,71,0,0,0,0,0,0,0,0,0,0,0,0,0,0,0,0,0,115,0,0,0,0,0,0,0,0,0,0,0,0,54,0,0,0,0,0,
0,0,0,0,0,0,0,0,0,0,0,0,0,0,0,0,0,0,0,0,0,0,0,59,51,71,0,254,0,0,0,0,0,0,0,243,0,0,0,0,0,0,0,0,0,0,0,0,114,0,0,0,0,0,54,0,0,0,0,0,
0,0,0,0,0,0,0,0,0,0,0,0,0,0,0,0,0,0,0,0,0,0,0,0,0,63,71,0,0,0,0,0,0,0,0,124,0,0,0,0,0,0,0,0,122,113,242,0,0,0,0,0,0,0,69,61,0,0,0,0,
0,0,0,0,0,0,0,0,0,0,0,0,0,0,0,0,0,0,0,0,0,0,0,0,0,0,59,71,0,0,0,0,0,0,0,0,0,0,0,0,0,0,0,0,0,0,0,130,0,0,0,0,0,0,248,69,61,0,0,0,
0,0,0,0,0,0,0,0,0,0,0,0,0,0,0,0,0,0,0,0,0,0,0,0,0,0,0,48,0,0,0,0,0,0,242,127,0,121,0,0,0,0,0,0,240,0,0,0,0,0,0,0,0,0,0,0,65,57,0,0,
0,0,0,0,0,0,0,0,0,0,0,0,0,0,0,0,0,0,0,0,0,0,0,0,0,0,0,52,117,0,0,0,0,0,0,0,129,0,0,0,0,0,0,0,0,0,0,0,0,0,0,0,0,0,0,253,0,54,0,0,
0,0,0,0,0,0,0,0,0,56,53,53,49,49,49,61,0,0,0,0,0,0,0,0,0,0,60,68,130,0,0,0,0,0,0,0,126,0,0,0,0,0,120,0,0,0,0,0,0,0,0,0,0,0,0,0,0,50,0,0,
0,0,0,0,0,0,0,0,60,64,0,0,0,0,0,69,49,53,49,49,53,53,49,0,0,60,68,128,112,0,0,0,0,0,0,0,0,0,0,0,0,0,0,0,0,0,0,0,0,0,115,0,0,0,0,0,0,50,0,0,
0,0,0,0,0,0,0,0,52,0,252,0,0,249,0,0,0,0,0,0,0,0,0,65,49,68,0,0,0,0,0,0,0,0,0,0,242,0,121,0,0,0,0,0,0,0,0,0,0,0,0,0,0,0,0,0,0,50,0,0,
0,0,0,0,0,0,0,0,48,0,0,0,0,0,0,0,0,244,0,0,0,254,0,0,0,0,252,0,0,0,0,0,0,0,0,0,127,0,0,0,0,0,114,0,0,0,0,0,0,0,0,0,0,0,0,0,0,54,0,0,
0,0,0,0,0,0,0,56,68,0,0,0,100,137,0,0,0,0,0,0,0,0,0,0,248,0,0,0,0,0,0,0,0,0,0,0,0,0,0,120,0,0,0,0,0,0,0,120,0,0,0,0,0,0,0,0,70,62,0,0,
0,0,0,0,0,0,0,52,116,0,251,0,0,0,0,0,0,0,0,0,0,0,0,0,0,0,0,0,0,0,0,0,0,0,112,0,128,0,0,0,0,0,0,0,0,0,0,0,0,0,0,0,0,0,0,70,62,0,0,0,
0,0,0,0,0,0,60,68,130,0,0,0,0,0,0,0,0,0,0,0,0,0,0,0,0,0,0,0,0,0,0,0,0,240,0,0,0,0,121,0,0,0,0,0,0,0,0,0,0,0,0,0,0,70,51,58,0,0,0,0,
0,0,0,0,0,0,48,0,0,0,0,0,74,75,0,0,0,0,0,0,0,0,0,0,0,0,0,0,0,0,0,0,114,0,0,0,0,0,0,0,0,0,0,0,0,0,0,0,0,0,0,0,66,58,0,0,0,0,0,0,
0,0,0,0,0,0,52,0,0,0,109,96,130,0,0,0,0,0,0,0,0,0,0,0,0,0,0,0,0,0,0,0,0,0,115,0,0,0,0,0,0,0,0,0,0,0,0,120,0,0,0,70,58,0,0,0,0,0,0,0,
0,0,0,0,0,60,68,0,255,0,108,0,0,0,0,0,0,0,0,0,0,0,0,0,0,0,0,130,0,0,0,0,130,0,0,0,0,0,0,0,0,121,123,0,0,255,0,0,0,0,70,58,0,0,0,0,0,0,0,0,
0,0,0,0,0,48,0,0,0,0,105,0,0,102,0,0,0,0,0,0,0,0,0,115,0,0,115,0,0,0,115,0,0,0,0,0,0,0,0,0,0,0,0,0,0,0,70,55,55,51,62,0,0,0,0,0,0,0,0,0,
0,0,0,0,0,63,67,0,0,0,104,127,0,0,0,0,0,0,0,0,0,129,115,0,115,121,0,0,0,114,0,0,0,0,0,0,0,0,0,0,0,0,0,0,0,0,54,0,0,0,0,0,0,0,0,0,0,0,0,0,
0,0,0,0,0,0,48,0,248,0,0,123,0,0,0,0,0,0,0,0,0,0,0,0,0,0,0,0,0,0,0,0,0,0,0,0,0,0,0,0,249,127,0,0,0,0,54,0,0,0,0,0,0,0,0,0,0,0,0,0,
0,0,0,0,0,0,52,0,0,0,118,0,127,0,0,0,128,0,0,0,0,0,0,120,0,0,0,0,0,0,0,0,0,0,0,0,0,0,0,0,0,125,0,0,0,0,65,61,0,0,0,0,0,0,0,0,0,0,0,0,
0,0,0,0,0,0,48,0,0,0,0,0,0,0,115,0,0,0,0,0,0,0,0,0,0,0,0,0,0,0,0,0,0,0,0,0,0,0,0,0,0,0,0,0,112,250,0,50,0,0,0,0,0,0,0,0,0,0,0,0,
0,0,0,0,0,60,68,0,245,121,114,0,0,0,0,0,0,0,0,0,0,0,0,0,0,0,0,0,0,0,0,0,0,0,0,0,0,0,0,0,0,0,0,0,0,122,0,50,0,0,0,0,0,0,0,0,0,0,0,0,
0,0,0,0,0,64,0,0,0,0,0,0,130,0,0,0,120,0,0,0,0,0,0,0,0,0,0,0,0,0,0,0,70,55,51,71,0,0,0,0,0,0,0,0,0,0,0,65,57,0,0,0,0,0,0,0,0,0,0,0,
0,0,0,0,0,0,0,0,0,0,0,0,0,0,0,0,0,0,0,0,0,0,0,0,0,126,0,0,0,0,0,0,50,0,0,59,55,71,0,0,0,0,0,0,0,0,0,0,65,49,53,57,0,0,0,0,0,0,0,0,
0,0,0,0,0,0,0,0,0,114,0,0,0,0,0,0,0,0,0,0,138,0,0,0,0,0,0,0,0,0,0,66,58,0,0,0,0,59,51,51,67,0,0,0,0,0,0,0,0,0,0,69,53,57,0,0,0,0,0,0,
0,0,0,0,0,0,0,0,0,0,0,0,0,0,0,0,0,0,0,0,0,0,0,0,0,0,0,0,0,0,0,50,0,0,0,0,0,0,0,0,63,71,0,0,0,0,0,0,0,0,0,0,0,65,57,0,0,0,0,0,
0,0,0,0,0,0,0,0,0,0,0,0,0,0,0,109,0,0,0,0,0,0,105,0,0,0,0,0,0,0,0,65,61,0,0,0,0,0,0,0,0,59,67,0,0,0,0,0,0,0,0,112,254,0,54,0,0,0,0,0,
0,0,0,0,0,71,0,0,0,0,0,0,0,0,0,108,0,0,0,0,0,0,104,0,0,241,0,0,0,0,0,0,69,57,0,0,0,0,0,0,0,0,48,0,0,0,0,0,0,0,0,0,0,0,69,61,0,0,0,0,
0,0,0,0,0,63,67,0,0,0,0,0,0,0,0,0,0,0,0,0,0,0,0,0,0,0,0,118,0,0,0,0,0,65,53,57,0,0,0,0,0,0,59,71,0,0,0,0,0,0,0,0,0,0,0,50,0,0,0,0,
0,0,0,0,0,0,52,0,251,0,0,0,0,0,0,143,0,0,0,0,0,0,141,0,0,0,245,0,0,0,0,0,0,0,0,65,57,0,0,0,0,0,0,52,0,0,0,0,0,0,0,0,0,0,0,65,61,0,0,0,
0,0,0,0,0,0,52,0,0,0,0,0,250,0,254,0,0,0,0,0,0,0,0,0,0,0,0,0,140,0,0,0,0,0,0,0,50,0,0,0,0,0,0,52,0,0,0,0,0,0,0,0,0,0,0,0,54,0,0,0,
0,0,0,0,0,0,48,0,0,0,0,0,0,0,0,0,0,0,0,0,0,0,0,0,0,0,249,0,0,0,0,0,0,0,0,0,54,0,0,0,0,0,0,48,0,0,0,0,0,0,0,0,0,251,0,70,58,0,0,0,
0,0,0,0,0,60,68,0,0,0,143,0,0,0,0,141,122,0,0,0,0,0,0,0,0,0,0,0,243,0,0,0,0,0,0,0,65,57,0,0,0,0,0,52,0,255,0,113,0,0,0,0,125,0,0,50,0,0,0,0,
0,0,0,0,0,48,0,0,0,0,0,0,0,253,0,0,0,0,0,0,0,0,0,0,0,0,0,0,143,0,0,0,0,0,0,250,0,50,0,0,0,0,0,52,0,0,0,0,0,0,0,0,0,0,66,62,0,0,0,0,
0,0,0,0,0,48,0,0,0,0,0,249,0,0,0,243,0,0,0,0,0,0,0,0,0,251,0,247,0,0,0,0,0,0,0,0,0,50,0,0,0,0,0,52,0,0,126,0,0,0,125,0,0,0,50,0,0,0,0,0,
0,0,0,0,0,52,249,0,0,0,141,0,0,0,0,0,0,0,0,0,0,0,141,0,0,0,0,0,0,0,0,0,0,0,0,0,0,50,0,0,0,0,0,52,250,0,0,120,127,0,0,0,0,66,58,0,0,0,0,0,
0,0,0,0,0,48,0,0,0,0,0,0,0,246,0,0,0,0,0,0,0,0,123,0,0,246,0,0,141,0,0,0,0,0,249,0,66,62,0,0,0,0,56,64,0,118,0,0,0,0,0,0,0,54,0,0,0,0,0,0,
0,0,0,0,0,52,0,0,0,0,0,0,0,0,0,0,250,0,0,0,0,0,0,0,0,0,0,0,249,0,0,0,0,0,0,0,50,0,0,0,0,0,48,0,0,0,94,0,0,0,0,0,0,65,53,57,0,0,0,0,
0,0,0,0,0,52,254,0,0,0,140,0,0,0,0,141,0,0,0,0,0,0,143,117,0,0,255,0,0,119,0,0,0,0,0,70,62,0,0,0,0,0,52,0,249,0,94,0,0,0,0,0,0,0,0,50,0,0,0,0,
0,0,0,0,0,48,0,0,0,0,0,0,0,251,0,0,0,0,0,0,0,0,0,0,0,0,0,0,0,0,0,0,0,0,0,54,0,0,0,0,0,0,52,0,0,0,0,0,0,0,0,0,0,0,112,50,0,0,0,0,
0,0,0,0,0,63,67,0,0,0,0,0,106,107,0,106,107,0,0,0,0,0,106,107,0,110,111,0,124,0,0,0,0,0,0,50,0,0,0,0,0,0,48,0,0,0,0,0,0,0,0,0,0,117,246,65,61,0,0,0,
0,0,0,0,0,0,52,0,0,0,0,0,0,0,0,0,0,0,0,0,0,0,0,0,0,0,0,0,0,0,0,0,0,0,0,69,57,0,0,0,0,0,63,71,0,255,0,0,0,0,0,0,0,0,0,0,50,0,0,0,
0,0,0,0,0,0,52,0,0,0,0,0,0,0,0,0,0,0,0,0,0,0,0,0,0,0,0,0,0,126,0,0,0,0,0,0,50,0,0,0,0,0,0,63,67,0,0,0,0,0,0,0,0,0,0,0,50,0,0,0,
0,0,0,0,0,56,68,0,246,0,0,0,0,0,0,0,0,0,0,139,0,0,0,0,0,0,0,0,0,0,0,0,0,0,0,0,65,57,0,0,0,0,0,0,59,51,51,51,55,67,0,0,248,0,0,247,54,0,0,0,
0,0,0,0,0,52,0,0,0,0,0,0,0,0,0,0,0,0,0,98,0,0,0,0,0,0,0,0,0,0,0,0,0,0,0,0,0,65,57,0,0,0,0,0,0,0,0,0,0,63,51,51,67,0,70,55,62,0,0,0,
0,0,0,0,0,48,0,0,0,0,0,0,0,0,0,0,0,0,0,0,0,0,0,0,0,0,0,0,0,0,0,0,0,0,0,0,0,0,65,57,0,0,0,0,0,0,0,0,0,0,0,0,59,51,62,0,0,0,0,0,
0,0,0,0,0,48,0,255,0,0,0,0,110,111,0,110,111,0,0,0,0,0,106,107,0,106,107,0,0,0,0,0,0,0,0,0,0,251,0,69,0,0,0,0,0,0,0,0,0,0,0,0,0,0,0,0,0,0,0,0,
0,0,0,0,60,64,0,0,0,0,0,143,0,0,0,142,0,0,0,117,0,0,141,0,0,0,0,0,0,0,0,0,127,0,0,0,0,0,0,0,69,0,0,0,0,0,0,0,0,0,0,0,0,0,0,0,0,0,0,0,
0,0,0,0,52,0,0,245,0,0,0,0,0,0,249,0,0,0,0,0,0,0,0,0,0,0,0,254,0,0,0,0,0,0,0,0,0,125,0,0,118,65,57,0,0,0,0,0,0,0,0,0,0,0,0,0,0,0,0,0,
0,0,0,0,52,0,0,0,0,0,0,0,253,0,0,0,127,0,0,0,0,0,0,0,0,247,0,0,0,0,0,0,0,0,0,0,0,0,0,117,0,0,65,53,61,0,0,0,0,0,0,0,0,0,0,0,0,0,0,0,
0,0,0,0,52,0,253,0,0,0,0,0,0,0,0,141,121,0,0,0,0,0,143,0,0,0,0,0,141,0,0,0,0,0,0,0,0,0,0,0,0,0,0,0,69,49,53,49,53,57,0,0,0,0,0,0,0,0,0,0,
0,0,0,0,52,0,127,96,0,0,0,0,0,0,0,0,0,0,0,0,0,0,0,0,0,254,0,251,0,0,0,0,0,0,0,0,0,0,0,0,0,0,0,0,0,0,0,0,0,69,61,0,0,0,0,0,0,0,0,0,
0,0,0,0,48,0,0,118,0,0,0,0,0,0,0,250,0,0,0,0,0,0,0,0,0,0,0,0,0,0,0,0,0,0,0,0,0,0,0,0,0,0,125,0,0,251,0,0,0,247,69,49,53,57,0,0,0,0,0,0,
0,0,0,0,48,0,0,0,0,0,0,141,0,255,0,143,0,0,0,0,0,0,0,0,243,0,0,0,141,0,0,0,0,0,0,0,254,0,0,0,0,0,0,0,0,0,0,122,0,0,0,0,0,65,49,49,61,0,0,0,
0,0,0,0,63,71,0,248,0,0,0,0,0,0,0,0,0,0,0,0,0,124,0,0,0,0,0,0,0,0,0,0,0,0,0,0,0,0,0,0,0,0,0,0,0,0,0,0,0,0,0,0,0,0,0,0,54,0,0,0,
0,0,0,0,0,63,71,0,0,0,0,0,0,0,0,246,0,0,0,0,0,0,0,0,0,0,245,0,0,253,0,0,0,0,0,0,0,0,0,0,0,0,0,0,0,0,0,105,0,0,0,0,252,0,0,0,65,61,0,0,
0,0,0,0,0,0,63,71,0,0,0,143,0,251,0,0,118,0,0,0,0,0,140,0,0,0,0,0,143,0,0,0,0,0,0,0,0,0,0,0,0,0,0,0,0,0,0,104,0,0,0,0,127,0,0,248,0,50,0,0,
0,0,0,0,0,0,0,52,0,0,0,0,0,0,0,0,0,0,0,0,0,0,0,0,0,0,254,0,0,0,0,0,0,0,0,248,0,0,118,0,0,0,249,0,120,0,0,0,0,0,0,0,0,0,0,0,0,50,0,0,
0,0,0,0,0,0,0,52,0,0,255,0,0,0,0,0,0,0,0,0,0,113,0,0,0,0,0,0,0,0,0,0,0,0,0,0,0,0,0,0,0,0,0,0,0,0,0,0,0,113,0,0,0,0,0,0,70,58,0,0,
0,0,0,0,0,0,0,0,55,51,67,0,0,0,0,0,0,0,110,111,0,0,0,0,244,0,0,0,0,0,0,0,0,0,0,0,0,0,0,0,0,126,0,0,0,0,0,0,109,0,0,0,252,0,0,70,58,0,0,0,
0,0,0,0,0,0,0,0,0,0,63,51,67,0,0,0,251,0,0,0,0,0,0,0,0,0,0,70,55,55,55,51,51,55,51,51,55,71,0,0,0,0,0,0,105,0,0,0,108,0,0,0,0,0,70,58,0,0,0,0,
0,0,0,0,0,0,0,0,0,0,0,0,63,51,71,0,0,0,0,0,0,0,245,0,0,0,70,58,0,0,0,0,0,0,0,0,0,0,55,55,71,0,0,0,104,0,0,0,0,0,0,0,66,51,58,0,0,0,0,0,
0,0,0,0,0,0,0,0,0,0,0,0,0,0,59,55,55,55,55,51,55,51,51,55,55,51,58,0,0,0,0,0,0,0,0,0,0,0,0,0,0,55,51,67,0,0,0,0,0,0,0,66,62,0,0,0,0,0,0,0,
0,0,0,0,0,0,0,0,0,0,0,0,0,0,0,0,0,0,0,0,0,0,0,0,0,0,0,0,0,0,0,0,0,0,0,0,0,0,0,0,0,0,0,63,67,248,0,0,0,0,70,58,0,0,0,0,0,0,0,0,
0,0,0,0,0,0,0,0,0,0,0,0,0,0,0,0,0,0,0,0,0,0,0,0,0,0,0,0,0,0,0,0,0,0,0,0,0,0,0,0,0,0,0,0,63,71,0,0,0,0,54,0,0,0,0,0,0,0,0,0,
0,0,0,0,0,0,0,0,0,0,0,0,0,0,0,0,0,0,0,0,0,0,0,0,0,0,0,0,0,0,0,0,0,0,0,0,0,0,0,0,0,0,0,0,0,52,0,0,0,0,54,0,0,0,0,0,0,0,0,0,
0,0,0,0,0,0,0,0,0,0,0,0,0,0,0,0,0,0,0,0,0,0,0,0,0,0,0,0,0,0,0,0,0,0,0,0,0,0,0,0,0,0,0,0,0,52,0,0,0,0,50,0,0,0,0,0,0,0,0,0,
0,0,0,0,0,0,0,0,0,0,0,0,0,0,0,0,0,0,0,0,0,0,0,0,0,0,0,0,0,0,0,0,0,0,0,0,0,0,0,0,0,0,0,0,0,52,248,0,0,0,54,0,0,0,0,0,0,0,0,0,
0,0,0,0,0,0,0,0,0,0,0,0,0,0,0,0,0,0,0,0,0,0,0,0,0,0,0,0,0,0,0,0,0,0,0,0,0,0,0,0,0,0,0,0,0,52,95,95,95,95,50,0,0,0,0,0,0,0,0,0

[layer]
type=collision
data=
3,3,3,3,3,3,3,3,3,3,3,3,3,3,3,3,3,3,3,3,3,3,3,3,3,3,3,3,3,3,3,3,3,3,3,3,3,3,3,3,3,3,3,3,3,3,3,3,3,3,3,3,3,3,3,3,3,3,3,3,
3,3,3,3,3,3,3,3,3,3,3,3,3,3,3,3,1,1,1,1,3,3,3,3,1,1,1,1,1,3,3,3,3,3,3,3,3,3,3,3,3,3,3,3,1,1,3,3,3,3,3,3,3,3,3,3,3,3,3,3,
3,3,3,3,1,1,3,3,3,3,3,3,3,1,1,1,1,0,0,1,1,1,1,1,1,0,0,4,1,1,1,1,1,1,3,3,3,3,3,3,1,1,1,1,1,1,1,1,3,3,3,3,3,3,3,3,3,3,3,3,
3,1,1,1,1,1,1,1,1,1,1,1,1,1,0,0,1,0,0,0,0,1,0,0,0,0,0,1,0,0,0,0,0,1,1,3,3,1,1,1,1,1,0,0,1,0,0,1,1,3,3,3,3,3,3,3,3,3,3,3,
1,1,1,0,0,0,1,0,1,0,0,0,0,0,1,0,0,0,0,0,0,0,0,0,1,0,0,0,0,0,0,0,0,1,1,1,1,1,0,1,0,0,1,2,2,2,0,0,1,1,3,3,3,3,3,3,3,3,3,3,
0,4,0,0,1,0,0,0,0,0,0,0,1,0,0,0,0,0,0,0,0,0,0,0,0,0,1,0,0,0,0,0,0,0,1,0,0,0,0,2,2,2,2,2,2,2,2,0,1,1,1,3,3,3,3,3,3,3,3,3,
0,0,0,0,0,0,0,0,0,0,0,0,0,0,0,0,0,0,0,0,0,0,0,0,0,0,0,0,0,0,0,0,0,2,2,2,2,2,2,2,2,2,2,2,2,2,2,2,0,0,0,1,1,3,3,3,3,3,3,3,
0,0,0,0,0,0,0,0,0,0,0,0,0,0,0,0,0,0,0,0,0,0,0,0,0,0,0,0,0,0,0,1,0,2,2,2,2,2,2,2,2,2,2,2,2,2,2,2,2,2,0,1,1,1,3,3,3,3,3,3,
0,0,0,0,0,0,0,0,0,0,0,0,0,0,0,0,0,0,0,0,0,0,0,0,0,0,0,0,0,0,0,0,0,0,2,2,2,2,2,2,2,2,2,2,2,2,2,2,2,2,2,0,0,1,3,3,3,3,3,3,
1,1,1,0,0,0,0,0,0,0,0,1,1,1,1,1,0,0,0,0,0,0,0,0,0,1,0,0,0,0,0,0,0,0,2,2,2,2,2,2,2,2,2,2,2,2,2,2,2,2,2,2,0,1,1,3,3,3,3,3,
3,3,1,0,0,0,0,1,0,1,1,1,3,1,1,1,1,1,1,1,1,1,0,1,0,0,0,0,0,0,0,0,0,0,0,2,2,2,2,2,2,2,2,2,2,2,2,2,2,2,2,2,1,0,1,3,3,3,3,3,
3,3,1,1,1,1,1,1,1,1,3,3,3,3,3,3,3,3,3,3,3,1,1,1,0,0,0,0,0,0,0,0,0,0,0,2,2,2,2,2,2,2,2,2,2,2,2,2,2,2,2,2,2,0,1,3,3,3,3,3,
3,3,3,3,3,3,3,3,3,3,3,3,3,3,3,3,3,3,3,3,3,3,3,1,1,1,0,1,0,0,0,0,0,0,0,1,2,2,2,2,2,2,2,2,2,2,2,2,2,2,2,2,2,0,1,3,3,3,3,3,
3,3,3,3,3,3,3,3,3,3,3,3,3,3,3,3,3,3,3,3,3,3,3,3,3,1,1,0,0,0,0,0,0,0,0,0,0,0,0,0,0,0,0,0,0,0,1,2,2,2,2,2,2,0,1,1,3,3,3,3,
3,3,3,3,3,3,3,3,3,3,3,3,3,3,3,3,3,3,3,3,3,3,3,3,3,3,1,1,0,0,0,0,0,0,0,0,2,2,2,2,2,2,2,0,0,0,0,4,2,2,2,2,2,0,1,1,1,3,3,3,
3,3,3,3,3,3,3,3,3,3,3,3,3,3,3,3,3,3,3,3,3,3,3,3,3,3,3,1,0,0,0,0,0,0,1,0,2,2,2,2,2,2,2,2,1,0,0,2,2,2,2,2,2,2,0,0,1,1,3,3,
3,3,3,3,3,3,3,3,3,3,3,3,3,3,3,3,3,3,3,3,3,3,3,3,3,3,3,1,0,0,0,0,0,0,0,0,2,2,2,2,2,2,2,2,2,2,2,2,2,2,2,2,2,2,2,1,0,1,3,3,
3,3,3,3,3,3,3,3,3,1,1,1,1,1,1,1,3,3,3,3,3,3,3,3,3,3,1,1,4,0,0,0,0,0,0,0,0,2,2,2,2,2,2,2,2,2,2,2,2,2,2,2,2,2,2,2,0,1,3,3,
3,3,3,3,3,3,3,3,1,1,0,0,0,0,0,1,1,1,1,1,1,1,1,3,3,1,1,4,0,0,0,0,0,0,0,0,0,2,2,2,2,2,2,2,2,2,2,2,2,2,2,2,2,2,2,2,0,1,3,3,
3,3,3,3,3,3,3,3,1,0,1,0,0,1,0,0,0,0,0,0,0,0,0,1,1,1,0,0,0,0,0,0,0,0,0,0,1,2,2,2,2,2,2,2,2,2,2,2,2,2,2,2,2,2,2,2,0,1,3,3,
3,3,3,3,3,3,3,3,1,0,0,0,0,0,0,0,0,1,0,0,0,1,0,0,0,0,1,0,0,0,0,0,0,0,0,0,0,2,2,2,2,2,2,2,2,2,2,2,2,2,2,2,2,2,2,0,0,1,3,3,
3,3,3,3,3,3,3,1,1,0,0,0,4,4,0,0,0,0,0,0,0,0,0,0,1,0,0,0,0,0,0,0,0,0,0,0,0,2,2,2,2,2,2,2,2,2,2,2,2,2,2,2,2,2,0,0,1,1,3,3,
3,3,3,3,3,3,3,1,0,0,1,0,0,0,0,0,0,0,0,0,0,0,0,0,0,0,0,0,0,0,0,0,0,0,0,0,2,2,2,2,2,2,2,2,2,2,2,2,2,2,2,2,0,0,0,1,1,3,3,3,
3,3,3,3,3,3,1,1,4,0,0,0,0,0,0,0,0,0,0,0,0,0,0,0,0,0,0,0,0,0,0,0,0,1,2,2,2,2,2,2,2,2,2,2,2,2,2,2,2,2,2,0,0,1,1,1,3,3,3,3,
3,3,3,3,3,3,1,0,0,0,0,0,4,4,0,0,0,0,0,0,0,0,0,0,0,0,0,0,0,0,0,2,2,2,2,2,2,2,2,2,2,2,2,2,2,2,2,2,2,2,0,0,1,1,3,3,3,3,3,3,
3,3,3,3,3,3,1,0,0,0,4,4,4,0,0,0,0,0,0,0,0,0,0,0,0,0,0,0,2,2,2,2,2,2,2,2,2,2,2,2,2,2,2,2,2,2,2,2,2,0,0,1,1,3,3,3,3,3,3,3,
3,3,3,3,3,1,1,0,1,0,4,0,0,0,0,0,0,0,0,0,0,0,0,0,0,2,2,2,2,2,2,2,2,2,2,2,2,2,2,2,2,2,0,0,0,1,0,0,0,0,1,1,3,3,3,3,3,3,3,3,
3,3,3,3,3,1,0,0,0,0,4,0,0,4,0,0,0,2,0,0,2,2,2,2,2,2,2,2,2,2,2,2,2,2,2,2,2,2,2,2,0,0,0,0,0,0,1,1,1,1,1,3,3,3,3,3,3,3,3,3,
3,3,3,3,3,1,1,0,0,0,4,0,0,0,0,2,2,2,0,0,2,2,2,2,2,2,2,2,2,2,2,2,2,2,2,2,2,0,0,0,0,0,0,0,0,0,1,3,3,3,3,3,3,3,3,3,3,3,3,3,
3,3,3,3,3,3,1,0,1,0,0,0,0,0,2,2,2,2,0,0,2,2,2,2,2,2,2,2,2,2,2,2,2,2,2,0,0,0,0,0,1,0,0,0,0,0,1,3,3,3,3,3,3,3,3,3,3,3,3,3,
3,3,3,3,3,3,1,0,0,0,0,0,0,2,2,2,2,2,0,0,2,2,2,2,2,2,2,2,2,2,2,0,0,0,0,0,0,0,0,0,0,0,0,0,0,0,1,1,3,3,3,3,3,3,3,3,3,3,3,3,
3,3,3,3,3,3,1,0,0,0,0,2,2,2,2,2,2,2,0,0,2,2,2,2,2,2,0,0,0,0,0,0,0,0,0,0,0,0,0,0,0,0,0,0,0,1,0,1,3,3,3,3,3,3,3,3,3,3,3,3,
3,3,3,3,3,1,1,0,1,2,2,2,2,2,2,2,2,2,0,0,2,2,0,0,0,0,0,0,0,0,0,0,0,0,0,0,0,0,0,0,0,0,0,0,0,0,0,1,3,3,3,3,3,3,3,3,3,3,3,3,
3,3,3,3,3,1,0,0,2,2,2,2,2,2,2,2,2,2,0,0,2,0,0,0,0,0,0,0,0,0,0,0,1,1,1,1,0,0,0,0,0,0,0,0,0,0,0,1,1,3,3,3,3,3,3,3,3,3,3,3,
3,3,3,3,3,2,2,2,2,2,2,2,2,2,2,2,2,2,0,0,2,0,0,0,0,0,0,0,0,0,0,0,1,3,3,1,1,1,0,0,0,0,0,0,0,0,0,0,1,1,1,1,3,3,3,3,3,3,3,3,
3,3,3,3,3,2,2,2,2,2,2,2,2,2,0,0,0,0,0,0,1,0,0,0,0,0,0,0,0,0,0,1,1,3,3,3,3,1,1,1,1,0,0,0,0,0,0,0,0,0,0,1,1,1,3,3,3,3,3,3,
3,3,3,3,3,2,2,2,2,2,2,2,0,0,0,0,0,0,0,0,0,0,0,0,0,0,0,0,0,0,0,1,3,3,3,3,3,3,3,3,1,1,0,0,0,0,0,0,0,0,0,0,0,1,1,3,3,3,3,3,
3,3,3,3,3,2,2,2,2,2,0,0,0,0,0,4,0,0,0,0,0,0,4,0,0,0,0,0,0,0,0,1,1,3,3,3,3,3,3,3,3,1,1,0,0,0,0,0,0,0,0,0,1,0,1,3,3,3,3,3,
3,3,3,3,3,1,0,0,0,0,0,0,0,0,0,4,0,0,0,0,0,0,4,0,0,1,0,0,0,0,0,0,1,1,3,3,3,3,3,3,3,3,1,0,0,0,0,0,0,0,0,0,0,0,1,1,3,3,3,3,
3,3,3,3,3,1,1,0,0,0,0,0,0,0,0,0,0,0,0,0,0,0,0,0,0,0,0,0,0,0,0,0,0,1,1,1,3,3,3,3,3,3,1,1,0,0,0,0,0,0,0,0,0,0,0,1,3,3,3,3,
3,3,3,3,3,3,1,0,1,0,0,0,0,0,0,4,0,0,0,0,0,0,4,0,0,0,1,0,0,0,0,0,0,0,0,1,1,3,3,3,3,3,3,1,0,0,0,0,0,0,0,0,0,0,0,1,1,3,3,3,
3,3,3,3,3,3,1,0,0,0,0,0,1,0,1,0,0,0,0,0,0,0,0,0,0,0,0,0,4,0,0,0,0,0,0,0,1,1,3,3,3,3,3,1,0,0,0,0,0,0,0,0,0,0,0,0,1,3,3,3,
3,3,3,3,3,1,1,0,0,0,0,0,0,0,0,0,0,0,0,0,0,0,0,0,0,0,1,0,0,0,0,0,0,0,0,0,1,1,3,3,3,3,3,1,0,0,0,0,0,0,0,0,0,1,0,1,1,3,3,3,
3,3,3,3,3,1,1,0,0,0,4,0,0,0,0,4,0,0,0,0,0,0,0,0,0,0,0,0,1,0,0,0,0,0,0,0,1,1,3,3,3,3,3,1,0,1,0,0,0,0,0,0,0,0,0,1,3,3,3,3,
3,3,3,3,3,1,0,0,0,0,0,0,0,1,0,0,0,0,0,0,0,0,0,0,0,0,0,0,4,0,0,0,0,0,0,1,0,1,3,3,3,3,3,1,0,0,0,0,0,0,0,0,0,0,1,1,3,3,3,3,
3,3,3,3,3,1,0,0,0,0,0,1,0,0,0,1,0,0,0,0,0,0,0,0,0,1,0,1,0,0,0,0,0,0,0,0,0,1,3,3,3,3,3,1,0,0,0,0,0,0,0,0,0,0,1,3,3,3,3,3,
3,3,3,3,3,1,1,0,0,0,4,0,0,0,0,0,0,0,0,0,0,0,4,0,0,0,0,0,0,0,0,0,0,0,0,0,0,1,3,3,3,3,3,1,1,0,0,0,0,0,0,0,0,1,1,3,3,3,3,3,
3,3,3,3,3,1,0,0,0,0,0,0,0,1,0,0,0,0,0,0,0,0,0,0,0,1,0,0,4,0,0,0,0,0,1,0,1,1,3,3,3,3,1,1,0,0,0,0,0,0,0,0,0,1,3,3,3,3,3,3,
3,3,3,3,3,1,0,0,0,0,0,0,0,0,0,0,1,0,0,0,0,0,0,0,0,0,0,0,1,0,0,0,0,0,0,0,1,3,3,3,3,3,1,0,0,0,0,0,0,0,0,0,0,1,1,1,3,3,3,3,
3,3,3,3,3,1,1,0,0,0,4,0,0,0,0,4,0,0,0,0,0,0,4,0,0,0,1,0,0,0,0,0,0,0,0,1,1,3,3,3,3,3,1,0,1,0,0,0,0,0,0,0,0,0,0,1,3,3,3,3,
3,3,3,3,3,1,0,0,0,0,0,0,0,1,0,0,0,0,0,0,0,0,0,0,0,0,0,0,0,0,0,0,0,0,0,1,1,3,3,3,3,3,1,0,0,0,0,0,0,0,0,0,0,0,0,1,3,3,3,3,
3,3,3,3,3,1,1,0,0,0,0,0,4,4,0,4,4,0,0,0,0,0,4,4,0,4,4,0,0,0,0,0,0,0,0,1,3,3,3,3,3,3,1,0,0,0,0,0,0,0,0,0,0,0,1,1,1,3,3,3,
3,3,3,3,3,3,1,0,0,0,0,0,0,0,0,0,0,0,0,0,0,0,0,0,0,0,0,0,0,0,0,0,0,0,0,1,1,3,3,3,3,3,1,1,0,1,0,0,0,0,0,0,0,0,0,0,1,3,3,3,
3,3,3,3,3,3,1,0,0,0,0,0,0,0,0,0,0,0,0,0,0,0,0,0,0,0,0,0,0,0,0,0,0,0,0,0,1,3,3,3,3,3,3,1,1,0,0,0,0,0,0,0,0,0,0,0,1,3,3,3,
3,3,3,3,3,1,1,0,1,0,0,0,0,0,0,0,0,0,0,1,0,0,0,0,0,0,0,0,0,0,0,0,0,0,0,0,1,1,3,3,3,3,3,3,1,1,1,1,1,1,0,0,1,0,0,1,1,3,3,3,
3,3,3,3,1,1,0,0,0,0,0,0,0,0,0,0,0,0,0,4,0,0,0,0,0,0,0,0,0,0,0,0,0,0,0,0,0,1,1,3,3,3,3,3,3,3,3,3,3,1,1,1,1,0,1,1,1,3,3,3,
3,3,3,3,1,1,0,0,0,0,0,0,0,0,0,0,0,0,0,0,0,0,0,0,0,0,0,0,0,0,0,0,0,0,0,0,0,0,1,1,3,3,3,3,3,3,3,3,3,3,3,3,1,1,1,3,3,3,3,3,
3,3,3,3,3,1,0,1,0,0,0,0,4,4,0,4,4,0,0,0,0,0,4,4,0,4,4,0,0,0,0,0,0,0,0,0,0,1,0,1,3,3,3,3,3,3,3,3,3,3,3,3,3,3,3,3,3,3,3,3,
3,3,3,3,1,1,0,0,0,0,0,4,0,0,0,4,0,0,0,0,0,0,4,0,0,0,0,0,0,0,0,0,0,0,0,0,0,0,0,0,1,3,3,3,3,3,3,3,3,3,3,3,3,3,3,3,3,3,3,3,
3,3,3,3,1,0,0,1,0,0,0,0,0,0,1,0,0,0,0,0,0,0,0,0,0,0,0,1,0,0,0,0,0,0,0,0,0,0,0,0,0,1,1,3,3,3,3,3,3,3,3,3,3,3,3,3,3,3,3,3,
3,3,3,3,1,0,0,0,0,0,0,0,1,0,0,0,0,0,0,0,0,0,0,0,0,1,0,0,0,0,0,0,0,0,0,0,0,0,0,0,0,0,1,1,1,3,3,3,3,3,3,3,3,3,3,3,3,3,3,3,
3,3,3,3,1,0,1,0,0,0,0,0,0,0,0,4,0,0,0,0,0,0,4,0,0,0,0,0,4,0,0,0,0,0,0,0,0,0,0,0,0,0,0,0,1,1,1,1,1,1,3,3,3,3,3,3,3,3,3,3,
3,3,3,3,1,0,0,4,0,0,0,0,0,0,0,0,0,0,0,0,0,0,0,0,0,1,0,1,0,0,0,0,0,0,0,0,0,0,0,0,0,0,0,0,0,0,0,0,1,1,1,3,3,3,3,3,3,3,3,3,
3,3,3,3,1,0,0,0,0,0,0,0,0,0,0,1,0,0,0,0,0,0,0,0,0,0,0,0,0,0,0,0,0,0,0,0,0,0,0,0,0,0,0,0,0,1,0,0,0,0,1,1,1,1,3,3,3,3,3,3,
3,3,3,3,1,0,0,0,0,0,0,4,0,1,0,4,0,0,0,0,0,0,0,0,1,0,1,0,4,0,0,0,0,0,0,0,1,0,0,0,0,0,0,0,0,0,0,0,0,0,0,0,0,1,1,1,1,3,3,3,
3,3,3,3,1,1,0,1,0,0,0,0,0,0,0,0,0,0,0,0,0,0,0,0,0,0,0,0,0,0,0,0,0,0,0,0,0,0,0,0,0,0,0,0,0,0,0,0,0,0,0,0,0,0,0,0,1,3,3,3,
3,3,3,3,3,1,1,0,0,0,0,0,0,0,0,1,0,0,0,0,0,0,0,0,0,0,1,0,0,1,0,0,0,0,0,0,0,0,0,0,0,0,0,0,0,0,0,4,0,0,0,0,1,0,0,0,1,1,3,3,
3,3,3,3,3,3,1,1,0,0,0,4,0,1,0,0,0,0,0,0,0,0,4,0,0,0,0,0,4,0,0,0,0,0,0,0,0,0,0,0,0,0,0,0,0,0,0,4,0,0,0,0,0,0,0,1,0,1,3,3,
3,3,3,3,3,3,3,1,0,0,0,0,0,0,0,0,0,0,0,0,0,0,0,0,0,0,1,0,0,0,0,0,0,0,0,1,0,0,0,0,0,0,1,0,0,0,0,0,0,0,0,0,0,0,0,0,0,1,3,3,
3,3,3,3,3,3,3,1,0,0,1,0,0,0,0,0,0,0,0,0,0,0,0,0,0,0,0,0,0,0,0,0,0,0,0,0,0,0,0,0,0,0,0,0,0,0,0,0,0,0,0,0,0,0,0,0,1,1,3,3,
3,3,3,3,3,3,3,3,1,1,1,0,0,0,0,0,0,0,4,4,0,0,0,0,1,0,0,0,0,0,0,0,0,0,0,0,0,0,0,0,0,0,0,0,0,0,0,0,4,0,0,0,1,0,0,1,1,3,3,3,
3,3,3,3,3,3,3,3,3,3,1,1,1,0,0,0,1,0,0,0,0,0,0,0,0,0,0,1,1,1,1,1,1,1,1,1,1,1,0,0,0,0,0,0,4,0,0,0,4,0,0,0,0,0,1,1,3,3,3,3,
3,3,3,3,3,3,3,3,3,3,3,3,1,1,1,0,0,0,0,0,0,0,1,0,0,0,1,1,3,3,3,3,3,1,1,3,3,3,1,1,1,0,0,0,4,0,0,0,0,0,0,0,1,1,1,3,3,3,3,3,
3,3,3,3,3,3,3,3,3,3,3,3,3,3,1,1,1,1,1,1,1,1,1,1,1,1,1,1,3,3,3,3,3,3,3,3,3,3,3,3,3,1,1,1,0,0,0,0,0,0,0,1,1,3,3,3,3,3,3,3,
3,3,3,3,3,3,3,3,3,3,3,3,3,3,3,3,3,3,3,3,3,3,3,3,3,3,3,3,3,3,3,3,3,3,3,3,3,3,3,3,3,3,3,1,1,1,0,0,0,0,1,1,3,3,3,3,3,3,3,3,
3,3,3,3,3,3,3,3,3,3,3,3,3,3,3,3,3,3,3,3,3,3,3,3,3,3,3,3,3,3,3,3,3,3,3,3,3,3,3,3,3,3,3,3,1,1,0,0,0,0,1,3,3,3,3,3,3,3,3,3,
3,3,3,3,3,3,3,3,3,3,3,3,3,3,3,3,3,3,3,3,3,3,3,3,3,3,3,3,3,3,3,3,3,3,3,3,3,3,3,3,3,3,3,3,3,1,0,0,0,0,1,3,3,3,3,3,3,3,3,3,
3,3,3,3,3,3,3,3,3,3,3,3,3,3,3,3,3,3,3,3,3,3,3,3,3,3,3,3,3,3,3,3,3,3,3,3,3,3,3,3,3,3,3,3,3,1,0,0,0,0,1,3,3,3,3,3,3,3,3,3,
3,3,3,3,3,3,3,3,3,3,3,3,3,3,3,3,3,3,3,3,3,3,3,3,3,3,3,3,3,3,3,3,3,3,3,3,3,3,3,3,3,3,3,3,3,1,1,0,0,0,1,3,3,3,3,3,3,3,3,3,
3,3,3,3,3,3,3,3,3,3,3,3,3,3,3,3,3,3,3,3,3,3,3,3,3,3,3,3,3,3,3,3,3,3,3,3,3,3,3,3,3,3,3,3,3,1,0,0,0,0,1,3,3,3,3,3,3,3,3,3

[event]
# to Family Crypt
type=event
location=47,47,4,4
activate=on_trigger
hotspot=location
intermap=maps/family_crypt.txt,31,39
tooltip=Family Crypt

[event]
# to Merrimead Swamp
type=event
location=0,5,1,4
activate=on_trigger
hotspot=location
intermap=maps/merrimead_swamp.txt,78,13
tooltip=Merrimead Swamp

[event]
# to Hyperspace
type=event
location=45,14,2,2
activate=on_trigger
hotspot=location
intermap=maps/hyperspace.txt,23,10
requires_status=emp_waypoint_2
soundfx=soundfx/environment/teleporter.ogg,0,0
tooltip=Hyperspace

[event]
# Unlock waypoint
type=event
location=41,13,6,3
activate=on_trigger
mapmod=background,45,15,265
msg=Lochport Cemetery waypoint discovered.
repeat=false
requires_not_status=emp_waypoint_2
set_status=emp_waypoint_2

[event]
# unlock waypoint (on_load)
type=event
location=46,11,1,1
activate=on_load
mapmod=background,45,15,265
requires_status=emp_waypoint_2

[event]
# surprise zombies
type=event
location=17,52,5,5
activate=on_trigger
repeat=false
spawn=zombie_lvl2,13,54;zombie_lvl2,19,48;zombie_lvl2,25,54;zombie_lvl2,19,60

[event]
# Supplies
type=event
location=19,55,1,1
activate=on_trigger
hotspot=location
loot=loot/chest_level_2.txt
mapmod=object,19,55,99
repeat=false
soundfx=soundfx/wood_open.ogg
tooltip=Supplies

[event]
# Supplies
type=event
location=11,25,1,1
activate=on_trigger
hotspot=location
loot=loot/chest_level_2.txt
mapmod=object,11,25,97
repeat=false
soundfx=soundfx/wood_open.ogg
tooltip=Supplies

[event]
# River sound
type=event
location=39,13,1,1
activate=on_load
soundfx=soundfx/environment/river_loop.ogg

[event]
# River sound
type=event
location=29,28,1,1
activate=on_load
soundfx=soundfx/environment/river_loop.ogg

[event]
# River sound
type=event
location=17,31,1,1
activate=on_load
soundfx=soundfx/environment/river_loop.ogg

[event]
# River sound
type=event
location=7,36,1,1
activate=on_load
soundfx=soundfx/environment/river_loop.ogg

[event]
# River sound
type=event
location=53,18,1,1
activate=on_load
soundfx=soundfx/environment/river_loop.ogg

[event]
# Wind and crickets sound effect
type=event
location=0,0,1,1
activate=on_load
soundfx=soundfx/environment/wind_loop.ogg

[event]
# Bird twitter
type=event
location=25,63,1,1
activate=on_load
soundfx=soundfx/environment/bird_twitter_loop.ogg

[event]
# Bird twitter
type=event
location=10,19,1,1
activate=on_load
soundfx=soundfx/environment/bird_twitter_loop.ogg

[event]
# Bird twitter
type=event
location=34,5,1,1
activate=on_load
soundfx=soundfx/environment/bird_twitter_loop.ogg

[event]
# Forrest owl sound effect
type=event
location=45,31,1,1
activate=on_load
soundfx=soundfx/environment/forest_owl_loop.ogg

[event]
# Forrest owl sound effect
type=event
location=42,68,1,1
activate=on_load
soundfx=soundfx/environment/forest_owl_loop.ogg

[event]
# Forrest owl sound effect
type=event
location=13,62,1,1
activate=on_load
soundfx=soundfx/environment/forest_owl_loop.ogg

[event]
# Raven sound effect
type=event
location=12,44,1,1
activate=on_load
soundfx=soundfx/environment/raven_loop.ogg

[event]
# Raven sound effect
type=event
location=44,49,1,1
activate=on_load
soundfx=soundfx/environment/raven_loop.ogg

[event]
# Raven sound effect
type=event
location=44,3,1,1
activate=on_load
soundfx=soundfx/environment/raven_loop.ogg

[event]
# to Lochport
type=event
location=46,79,4,1
activate=on_trigger
hotspot=location
intermap=maps/lochport.txt,43,1
tooltip=Lochport

[event]
# Supplies
type=event
location=7,62,1,1
activate=on_trigger
hotspot=location
loot=loot/chest_level_2.txt
mapmod=object,7,62,97
repeat=false
soundfx=soundfx/wood_open.ogg
tooltip=Supplies

[event]
# Rain sound effect
type=event
location=0,0,1,1
activate=on_load
soundfx=soundfx/environment/rain.ogg

[enemy]
type=enemy
location=28,50,1,1
category=cursed_grave
direction=6
level=3
number=1

[enemy]
type=enemy
location=22,43,1,1
category=cursed_grave
direction=3
level=3
number=1

[enemy]
type=enemy
location=15,46,1,1
category=cursed_grave
direction=5
level=3
number=1

[enemy]
type=enemy
location=10,40,1,1
category=cursed_grave
direction=2
level=3
number=1

[enemy]
type=enemy
location=11,61,1,1
category=cursed_grave
direction=3
level=3
number=1

[enemy]
type=enemy
location=15,67,1,1
category=cursed_grave
direction=5
level=3
number=1

[enemy]
type=enemy
location=22,64,1,1
category=cursed_grave
direction=3
level=3
number=1

[enemy]
type=enemy
location=28,58,1,1
category=cursed_grave
direction=5
level=3
number=1

[enemy]
type=enemy
location=17,36,4,4
category=undead
level=2
number=2
wander_radius=2

[enemy]
type=enemy
location=7,61,3,6
category=undead
level=2
number=1,2
wander_radius=2

[enemy]
type=enemy
location=7,40,2,5
category=undead
level=2
number=1,2
wander_radius=2

[enemy]
type=enemy
location=17,66,4,4
category=undead
level=2
number=2
wander_radius=2

[enemy]
type=enemy
location=31,63,3,7
category=undead
level=2
number=1,2
wander_radius=2

[enemy]
type=enemy
location=30,41,3,6
category=undead
level=2
number=1,2
wander_radius=2

[enemy]
type=enemy
location=40,61,7,5
category=undead
level=2
number=3
wander_radius=2

[enemy]
type=enemy
location=35,29,8,5
category=undead
level=2
number=2,3
wander_radius=2

[enemy]
type=enemy
location=12,4,9,5
category=undead
level=2
number=2

[enemy]
type=enemy
location=27,7,6,5
category=undead
level=2
number=2

[enemy]
type=enemy
location=16,20,15,6
category=undead
level=2
number=2,3

[enemy]
type=enemy
location=11,21,4,6
category=undead
level=2
number=1,2

