[header]
width=80
height=80
tilewidth=64
tileheight=32
orientation=isometric
background_color=0,0,0,255
hero_pos=3,17
music=music/overworld_theme.ogg
parallax_layers=maps/parallax/rain.txt
tileset=tilesetdefs/tileset_grassland.txt
title=Merrimead Swamp

[tilesets]
tileset=../../../tiled/grassland/tiled_collision.png,64,32,0,0
tileset=../../../tiled/grassland/grassland.png,64,128,0,0
tileset=../../../tiled/grassland/grassland_water.png,64,64,0,32
tileset=../../../tiled/grassland/grassland_structures.png,64,256,0,0
tileset=../../../tiled/grassland/grassland_trees.png,128,256,-32,0
tileset=../../../tiled/grassland/set_rules.png,64,32,0,0
tileset=../../../tiled/grassland/tiled_grassland_2x2.png,128,64,0,16

[layer]
type=background
data=
0,0,0,0,0,0,0,0,0,0,0,0,0,0,0,0,0,0,0,0,0,0,0,0,0,0,0,0,0,0,0,0,0,0,0,0,0,0,0,0,0,0,0,0,0,0,0,0,0,0,0,0,0,0,0,0,0,0,0,0,0,0,0,0,0,0,0,0,0,0,0,0,0,0,0,0,0,0,0,0,
0,0,0,0,0,0,0,0,0,0,0,0,0,0,0,0,0,0,0,0,0,0,0,0,0,0,0,0,0,0,0,0,0,0,0,0,0,0,0,0,0,0,0,0,0,0,0,0,0,0,0,0,0,0,0,0,0,0,0,0,0,0,0,0,0,0,0,0,0,0,0,0,0,0,0,0,0,0,0,0,
0,0,0,0,0,0,0,0,0,0,0,0,0,0,0,0,0,0,0,0,0,0,0,0,0,0,0,0,0,0,0,0,0,0,0,0,0,0,0,0,0,0,0,0,0,0,0,0,0,0,0,0,0,0,0,0,0,0,0,0,0,0,0,0,0,0,0,0,0,0,0,0,0,0,0,0,0,0,0,0,
0,0,0,0,0,0,0,0,0,0,0,0,0,0,0,0,0,0,0,0,0,0,0,0,0,0,0,0,0,0,0,0,0,0,0,0,0,0,0,0,0,0,0,0,0,0,0,0,0,0,0,0,0,0,0,0,0,0,0,0,0,0,0,0,0,0,0,0,0,0,0,0,0,0,0,0,0,0,0,0,
0,0,0,0,0,0,0,0,0,0,0,0,0,0,0,0,0,0,0,0,0,0,0,0,0,0,0,0,0,0,0,0,0,0,0,0,0,0,0,0,0,0,0,0,0,0,0,0,0,0,0,0,0,0,0,0,0,0,0,0,0,0,0,0,0,0,0,0,0,0,0,0,0,0,0,0,0,0,0,0,
0,0,0,0,0,0,0,0,0,0,0,0,0,0,0,0,0,0,0,0,0,0,16,17,18,144,176,177,146,18,0,0,0,0,0,0,0,0,0,0,0,0,0,0,0,0,0,0,0,0,0,0,0,0,0,0,0,0,0,0,0,0,0,0,0,0,0,0,0,0,0,0,0,0,0,0,0,0,0,0,
0,0,0,0,0,0,0,0,0,0,0,0,0,0,0,0,0,0,0,0,0,0,20,21,22,148,180,181,150,22,23,0,0,0,0,0,0,0,0,0,0,0,0,0,0,0,0,0,0,0,0,0,0,0,0,0,0,0,0,0,0,0,0,0,0,0,0,0,0,0,0,0,0,0,0,0,0,0,0,0,
0,0,0,0,0,0,0,0,0,0,0,0,0,0,0,0,0,0,0,0,0,0,24,25,26,155,167,185,150,26,27,24,0,0,0,0,0,0,0,0,0,0,0,0,0,0,0,0,0,0,0,0,0,0,0,0,0,0,0,0,0,0,0,0,0,0,0,0,0,0,0,0,0,0,0,0,0,0,0,0,
0,0,0,0,30,31,28,29,30,31,28,0,0,0,0,0,0,0,0,0,0,31,28,29,30,31,155,167,161,153,31,28,29,0,0,0,0,0,0,0,0,0,0,0,0,0,0,0,0,0,0,0,0,0,0,0,0,0,0,0,0,0,0,0,0,0,0,0,0,0,0,0,0,0,0,0,0,0,0,0,
0,0,0,17,18,19,16,17,18,19,16,17,18,19,0,0,0,0,0,0,18,19,16,17,18,19,16,148,176,150,19,16,17,18,0,0,0,0,0,0,0,0,0,0,0,0,0,0,0,0,0,0,0,0,0,0,0,0,0,0,0,0,0,0,0,17,18,19,16,17,18,0,0,0,0,0,0,0,0,0,
0,0,0,21,22,23,20,21,22,23,20,21,22,23,20,0,0,0,0,21,22,23,20,21,22,23,20,192,206,194,23,20,21,22,23,0,0,0,0,0,0,0,0,0,0,0,0,0,0,0,0,0,0,0,0,0,0,0,0,0,0,0,22,23,20,21,22,23,20,21,22,23,20,21,22,23,20,21,22,23,
0,0,0,25,26,27,24,25,26,27,24,25,26,27,24,25,26,0,24,25,26,27,24,25,26,27,24,192,202,194,27,24,25,26,27,0,0,0,0,0,0,0,0,0,0,0,0,0,0,0,0,0,0,0,0,0,0,0,0,0,0,25,26,27,24,25,26,27,24,25,26,27,24,25,26,27,24,25,26,27,
0,0,28,29,30,31,28,29,30,31,28,29,30,31,28,29,30,31,28,29,30,31,28,29,30,31,152,160,188,150,31,28,29,30,31,0,0,0,0,0,0,0,0,0,0,0,0,0,0,0,0,0,0,0,0,0,0,0,0,0,0,29,30,31,28,29,30,31,28,29,30,31,28,29,30,31,28,29,30,31,
0,0,16,17,18,19,16,17,18,19,16,17,18,19,16,17,18,19,16,17,18,19,16,17,18,156,160,179,176,146,19,16,17,18,19,0,0,0,0,0,0,0,0,0,0,0,0,0,0,0,0,0,0,0,0,0,0,0,0,0,0,0,0,0,16,17,18,19,16,17,18,19,16,17,18,19,16,17,18,19,
0,0,20,21,22,23,20,21,22,23,152,145,145,145,157,21,22,23,20,21,22,23,20,21,22,144,182,183,166,154,23,20,21,22,23,0,0,0,0,0,0,0,0,0,0,0,0,0,0,0,0,0,0,0,0,0,0,0,0,0,0,0,0,0,0,21,22,23,20,21,22,23,20,21,22,23,20,21,22,23,
0,0,24,25,26,27,24,25,26,27,144,179,176,177,161,153,26,27,24,25,26,27,24,25,156,164,186,166,158,26,27,24,25,26,27,0,0,0,0,0,0,0,0,0,0,0,0,0,0,0,0,0,0,0,0,0,0,0,0,0,0,0,0,0,0,25,26,27,24,25,26,27,24,25,26,0,0,0,0,27,
0,0,28,29,30,31,28,29,152,145,164,183,180,181,182,146,30,31,28,29,30,31,28,152,160,189,190,150,29,30,31,28,29,30,0,0,0,0,0,0,0,0,0,0,0,0,0,0,0,0,0,0,0,0,0,0,0,0,0,0,0,0,30,31,28,29,30,31,28,29,30,31,0,0,0,0,0,0,0,0,
0,0,16,17,18,19,16,17,148,185,186,187,184,185,186,146,18,19,16,17,18,19,16,144,176,177,178,150,17,18,19,16,17,0,0,0,0,0,0,0,0,0,0,0,0,0,0,0,0,0,0,0,0,0,18,19,16,17,18,19,0,17,18,19,16,17,18,19,16,17,18,0,0,0,0,0,0,0,0,0,
0,0,20,21,22,23,20,156,164,189,190,191,188,189,190,161,157,23,20,21,22,23,20,159,167,181,182,150,21,22,23,20,21,0,0,0,0,0,0,0,0,0,0,0,0,0,0,0,0,0,0,0,0,0,22,23,20,21,22,23,20,21,22,23,20,21,22,23,20,0,0,0,0,0,0,0,0,0,0,0,
0,0,24,25,26,27,24,148,176,177,178,179,176,177,178,179,165,153,24,25,26,27,24,25,144,185,186,146,25,26,27,24,25,0,0,0,0,0,0,0,0,0,0,0,0,0,0,0,0,0,0,0,0,25,26,27,24,25,26,27,24,25,26,27,24,25,26,27,24,0,0,0,0,0,0,0,0,0,0,0,
0,0,28,29,30,31,28,159,163,181,182,183,180,181,182,183,180,165,157,29,30,31,28,29,155,163,190,161,153,30,31,28,29,30,0,0,0,0,0,0,0,0,0,0,0,0,0,0,0,0,0,0,0,29,30,31,28,29,30,31,28,29,30,31,28,29,30,31,0,0,0,0,0,0,0,0,0,0,0,0,
0,0,16,17,18,19,16,17,159,167,186,187,184,185,186,187,184,185,150,17,18,19,16,17,18,159,167,178,150,18,19,16,17,18,19,0,0,0,0,0,0,0,0,0,0,0,0,0,0,0,0,0,0,17,18,19,16,17,18,19,16,17,18,19,16,17,18,0,0,0,0,0,0,0,0,0,0,0,0,0,
0,0,0,21,22,23,20,21,22,144,190,191,188,189,190,191,188,189,150,21,22,23,20,21,22,23,144,182,161,157,23,20,21,22,23,0,0,0,0,0,0,0,0,0,0,0,0,0,0,0,0,0,0,21,22,23,20,21,22,23,20,21,22,23,20,21,0,0,0,0,0,0,0,0,0,0,0,0,0,0,
0,0,0,0,26,27,24,25,26,155,163,179,176,177,178,179,176,177,165,153,26,27,24,25,26,27,144,186,187,146,27,24,25,26,27,0,0,0,0,0,0,0,27,24,25,26,27,144,187,184,150,27,24,25,26,27,24,25,26,27,24,25,26,27,0,0,0,0,0,0,0,0,0,0,0,0,0,0,0,0,
0,0,0,0,30,31,28,29,30,31,159,167,180,181,182,183,180,181,182,146,30,31,28,29,30,31,148,190,191,165,153,28,29,30,31,0,0,0,0,0,0,0,31,28,29,30,31,144,191,188,146,31,28,29,30,31,28,29,30,31,28,0,0,0,0,0,0,0,0,0,0,0,0,0,0,0,0,0,0,0,
0,0,0,0,0,19,16,17,18,19,16,144,184,185,162,151,147,167,186,161,157,19,16,17,18,152,160,178,179,176,146,16,17,18,19,16,0,0,0,0,0,0,19,16,17,18,152,164,179,176,146,19,16,17,18,19,16,17,18,19,0,0,0,0,0,0,0,0,0,0,0,0,0,0,0,0,0,0,0,0,
0,0,0,0,0,0,20,21,22,23,20,155,167,166,154,21,22,159,167,182,165,153,20,21,22,144,181,182,183,180,165,157,21,22,23,20,21,22,0,0,0,22,23,20,21,22,148,182,183,162,154,23,20,21,22,23,0,0,0,0,0,0,0,0,0,0,0,0,0,0,0,0,0,0,0,0,0,0,0,0,
0,0,0,0,0,0,0,25,26,27,24,25,155,154,24,25,26,27,148,186,187,165,157,25,156,164,185,186,187,184,185,150,25,26,27,24,25,26,27,0,0,26,27,24,25,152,164,186,187,146,26,27,24,25,26,0,0,0,0,0,0,0,0,0,0,0,0,0,0,0,0,0,0,0,0,0,0,0,0,0,
0,0,0,0,0,0,0,29,30,31,28,29,30,31,28,29,30,31,159,167,191,188,165,149,164,188,189,190,191,188,189,165,157,30,31,28,29,30,0,0,0,30,31,28,29,144,189,190,191,146,30,31,28,29,30,0,0,0,0,0,0,0,0,0,0,0,0,0,0,0,0,0,0,0,0,0,0,0,0,0,
0,0,0,0,0,0,0,0,18,19,16,17,18,19,16,17,18,19,16,148,179,176,177,178,179,176,177,178,179,176,177,178,146,18,19,16,17,18,0,0,0,18,19,16,156,160,177,178,166,154,18,19,16,17,18,0,0,0,0,0,0,0,0,19,16,17,0,0,0,0,0,0,0,0,0,0,0,0,0,0,
0,0,0,0,0,0,0,0,0,23,20,21,22,23,20,21,22,23,20,148,183,180,181,182,183,180,181,182,183,180,181,182,161,157,23,20,21,22,23,0,21,22,23,20,148,180,181,182,146,21,22,23,20,21,22,0,0,0,0,0,0,0,22,23,20,21,0,0,0,0,0,0,0,0,0,0,0,0,0,0,
0,0,0,0,0,0,0,0,0,0,24,25,26,27,24,25,26,27,152,160,187,184,185,186,187,184,185,186,187,184,185,186,187,161,153,24,25,26,27,24,25,26,27,24,144,184,185,162,158,25,26,27,24,25,26,0,0,0,0,0,24,25,26,27,24,25,0,0,0,0,0,0,0,0,0,0,0,0,0,0,
0,0,0,0,0,0,0,0,0,0,28,29,30,31,28,29,30,31,144,190,191,188,189,190,191,188,189,190,191,188,189,190,191,188,165,157,29,30,31,28,29,30,31,152,164,188,189,146,28,29,30,31,28,29,30,0,0,0,0,31,28,29,30,31,28,29,0,0,0,0,0,0,0,0,0,0,0,0,0,0,
0,0,0,0,0,0,0,0,0,0,0,17,18,19,16,17,18,19,155,167,179,176,177,178,179,176,177,178,179,176,177,178,179,176,177,146,17,18,19,16,17,18,19,148,179,176,177,146,16,17,18,19,16,17,18,0,0,0,0,19,16,17,18,19,16,17,0,0,0,0,0,0,0,0,0,0,0,0,0,0,
0,0,0,0,0,0,0,0,0,0,0,21,22,23,20,21,22,23,20,144,183,180,181,182,183,180,181,182,183,180,181,182,183,180,181,161,153,22,23,20,21,22,23,148,183,180,181,146,20,21,22,23,20,21,0,0,0,0,0,23,20,21,22,23,20,21,0,0,0,0,0,0,0,0,0,0,0,0,0,0,
0,0,0,0,0,0,0,0,0,0,0,25,26,27,24,25,26,27,24,159,147,163,185,186,187,184,185,186,187,184,185,186,187,184,185,186,146,26,27,24,25,26,156,164,187,184,185,165,153,25,26,27,24,25,0,0,0,0,0,27,24,25,26,27,24,25,0,0,0,0,0,0,0,0,0,0,0,0,0,0,
0,0,0,0,0,0,0,0,0,0,0,0,30,31,28,29,30,31,28,29,30,144,189,190,191,188,189,190,191,188,189,190,191,188,189,190,165,153,31,28,29,30,144,190,191,188,189,190,146,29,30,31,28,29,0,0,0,0,30,31,28,29,30,31,28,29,0,0,0,0,0,0,0,0,0,0,0,0,0,0,
0,0,0,0,0,0,0,0,0,0,0,17,18,19,16,17,18,19,16,17,18,144,177,178,179,176,177,166,151,147,147,167,179,176,177,178,179,146,19,16,17,18,144,178,179,176,177,178,150,17,18,19,16,0,0,0,0,0,18,19,16,17,18,19,16,0,0,0,0,0,0,0,0,0,0,0,0,0,0,0,
0,0,0,0,0,0,0,0,0,0,0,21,22,23,20,21,22,23,20,152,145,160,181,182,183,180,162,154,21,22,23,144,183,180,181,182,183,150,23,20,21,22,148,182,183,180,181,182,150,21,22,23,20,0,0,0,0,0,22,23,20,21,22,23,20,0,0,0,0,0,0,0,0,0,0,0,0,0,0,0,
0,0,0,0,0,0,0,0,0,0,0,25,26,27,24,25,26,27,152,164,187,184,185,186,187,184,150,24,25,26,27,148,187,184,185,186,166,154,27,24,25,26,144,186,187,184,185,162,158,25,26,27,24,25,0,0,0,0,26,27,24,25,26,27,24,25,0,0,0,0,0,0,0,0,0,0,0,0,0,0,
0,0,0,0,0,0,0,0,0,0,0,29,30,31,28,29,30,156,164,190,191,188,189,190,191,188,150,28,29,30,31,144,191,188,189,166,158,30,31,28,29,30,159,167,191,188,189,146,28,29,30,31,28,29,30,0,0,0,0,31,28,29,30,31,28,29,0,0,0,0,0,0,0,0,0,0,0,0,0,0,
0,0,0,0,0,0,0,0,0,0,0,17,18,156,149,193,193,160,177,178,179,176,177,178,179,176,161,153,17,18,19,159,167,166,147,158,17,18,19,16,17,18,19,159,167,176,177,146,16,17,18,19,16,17,18,19,0,0,18,19,16,17,18,19,152,145,0,0,0,0,0,0,0,0,0,0,0,0,0,0,
0,0,0,0,0,0,0,0,0,0,0,149,149,160,181,205,199,180,181,166,147,151,151,167,183,180,181,146,21,22,23,20,155,158,23,20,21,22,23,20,21,22,23,20,148,180,181,146,20,21,22,23,20,21,22,23,20,21,22,23,20,21,22,156,160,176,0,0,0,0,0,0,0,0,0,0,0,0,0,0,
0,0,0,0,0,0,0,0,0,0,0,186,187,184,185,203,203,184,166,154,18,19,16,155,163,184,185,161,157,26,27,24,25,26,27,24,25,26,27,24,25,26,27,24,144,184,185,146,24,25,26,27,24,25,26,27,24,25,26,27,24,25,26,144,176,176,0,0,0,0,0,0,0,0,0,0,0,0,0,0,
0,0,0,0,0,0,0,0,0,0,0,190,191,188,166,195,195,151,154,21,22,23,20,21,148,188,189,190,165,149,153,28,29,30,31,28,29,30,31,28,29,30,31,28,144,188,189,161,153,29,30,31,28,29,30,31,28,29,30,31,28,29,152,164,166,147,0,0,0,0,0,0,0,0,0,0,0,0,0,0,
0,0,0,0,0,0,0,0,0,0,0,178,166,147,158,25,26,27,24,25,26,27,24,25,155,151,163,178,179,176,161,157,17,18,19,16,17,18,19,16,17,18,19,156,164,176,177,178,146,17,18,19,16,17,18,19,16,17,18,19,16,156,164,176,146,0,0,0,0,0,0,0,0,0,0,0,0,0,0,0,
0,0,0,0,0,0,0,0,0,0,0,151,154,31,28,29,30,31,28,29,30,31,28,29,30,31,144,182,183,180,181,161,153,22,23,20,21,156,145,149,145,145,145,160,183,180,181,182,146,21,22,23,20,21,22,23,20,21,22,23,156,164,181,162,158,0,0,0,0,0,0,0,0,0,0,0,0,0,0,0,
0,0,0,0,0,0,0,0,0,0,0,17,18,19,16,17,18,19,16,17,18,19,16,17,18,19,144,186,187,184,185,186,161,149,193,193,145,164,185,186,187,184,185,186,187,184,185,186,161,153,26,27,24,156,149,193,193,149,149,149,164,184,185,146,19,0,0,0,0,0,0,0,0,0,0,0,0,0,0,0,
0,0,0,0,0,0,0,0,0,0,20,21,22,23,20,21,22,23,20,21,22,23,20,21,22,23,148,190,191,188,189,190,191,188,203,203,191,188,189,190,191,188,189,190,191,188,189,190,191,150,30,31,152,164,189,207,203,188,189,190,191,188,166,158,23,0,0,0,0,0,0,0,0,0,0,0,0,0,0,0,
0,0,0,0,0,0,0,0,0,0,24,25,26,27,24,25,26,27,24,25,26,27,24,25,26,27,144,178,179,176,177,178,179,176,199,199,179,176,177,178,179,176,177,178,179,176,177,178,179,161,149,149,160,176,177,203,203,176,177,178,179,176,150,26,27,0,0,0,0,0,0,0,0,0,0,0,0,0,0,0,
0,0,0,0,0,0,0,0,30,31,28,29,30,31,28,29,30,31,28,29,30,31,28,29,30,156,164,182,183,180,181,182,183,180,203,203,183,166,147,151,151,163,181,182,183,180,181,182,183,180,181,182,183,180,181,199,199,180,181,182,183,162,158,30,31,28,0,0,0,0,0,0,0,0,0,0,0,0,0,0,
0,0,0,0,0,0,0,17,18,19,16,17,18,19,16,17,18,19,16,17,18,19,16,152,145,160,185,186,187,166,151,147,147,151,195,195,151,154,16,17,18,159,163,186,187,184,185,186,187,184,185,186,187,184,185,203,207,184,185,162,151,154,17,18,19,16,17,0,0,0,0,0,0,0,0,0,0,0,0,0,
0,0,0,0,0,0,20,21,22,23,20,21,22,23,20,21,22,23,20,21,22,23,152,164,191,188,189,190,166,154,20,21,22,23,20,21,22,23,20,21,22,23,155,147,151,147,147,167,191,188,189,190,162,151,147,195,195,147,151,154,23,20,21,22,23,20,21,22,0,0,0,0,0,0,0,0,0,0,0,0,
0,0,0,0,0,27,24,25,26,27,24,25,26,27,152,149,153,27,24,25,26,27,144,178,179,176,177,166,158,27,24,25,26,27,24,25,26,27,24,25,26,27,24,25,26,27,24,155,147,163,177,178,146,24,25,26,27,24,25,26,27,24,25,26,27,24,25,26,0,0,0,0,0,0,0,0,0,0,0,0,
0,0,0,0,30,31,28,29,30,31,28,29,30,152,164,182,161,153,28,29,30,31,155,163,183,180,162,154,30,31,28,29,30,31,28,29,30,31,28,29,30,31,28,29,30,31,28,29,30,155,163,182,165,153,29,30,31,28,29,30,31,28,29,30,31,28,29,30,0,0,0,0,0,0,0,0,0,0,0,0,
0,0,0,17,18,19,16,17,18,19,16,17,152,164,185,186,187,146,16,17,18,19,16,144,187,184,150,17,18,19,16,17,18,19,16,17,18,19,16,17,18,19,16,17,18,19,16,17,18,19,159,163,176,161,157,18,19,16,17,18,19,16,17,18,19,16,17,0,0,0,0,0,0,0,0,0,0,0,0,0,
0,0,0,21,22,23,20,21,22,23,20,156,164,188,189,190,191,161,145,145,153,23,20,148,191,188,146,21,22,23,20,21,22,0,20,21,22,23,0,21,22,23,20,21,22,23,20,21,22,23,20,159,167,176,161,157,23,20,21,22,23,20,21,22,23,20,0,0,0,0,0,0,0,0,0,0,0,0,0,0,
0,0,0,25,26,27,24,25,26,27,24,144,179,176,177,178,179,176,177,178,161,149,149,160,179,176,150,25,26,27,24,25,0,0,0,0,0,0,0,0,0,27,24,25,26,27,24,25,26,27,24,25,155,167,176,146,27,24,25,26,27,24,25,26,27,0,0,0,0,0,0,0,0,0,0,0,0,0,0,0,
0,0,0,29,30,31,28,29,30,31,156,164,183,180,181,182,183,180,181,182,183,180,181,182,183,166,158,29,30,31,28,29,0,0,0,0,0,0,0,0,0,0,28,29,30,31,28,29,30,31,28,29,30,148,176,150,31,28,29,30,31,28,29,30,0,0,0,0,0,0,0,0,0,0,0,0,0,0,0,0,
0,0,16,17,18,19,16,17,18,152,164,186,187,184,185,186,187,184,162,151,147,151,163,186,187,150,16,17,18,19,16,17,0,0,0,0,0,0,0,0,0,0,0,17,18,19,16,17,18,19,16,17,152,160,176,146,19,16,17,18,19,16,17,0,0,0,0,0,0,0,0,0,0,0,0,0,0,0,0,0,
0,0,20,21,22,23,20,21,22,148,189,190,191,188,189,190,191,188,146,21,22,23,155,151,147,158,20,21,22,23,20,0,0,0,0,0,0,0,0,0,0,0,0,0,22,23,20,21,22,23,20,152,164,176,166,154,23,20,21,22,23,20,21,0,0,0,0,0,0,0,0,0,0,0,0,0,0,0,0,0,
0,0,24,25,26,27,24,25,156,160,177,178,179,176,177,204,202,202,194,25,26,27,24,25,26,27,24,25,26,0,0,0,0,0,0,0,0,0,0,0,0,0,0,0,0,27,24,25,26,27,24,192,202,202,194,26,27,24,25,26,27,24,0,0,0,0,0,0,0,0,0,0,0,0,0,0,0,0,0,0,
0,0,28,29,30,31,28,29,148,180,181,182,183,180,181,182,183,180,146,29,30,31,28,29,30,31,28,29,30,31,0,0,0,0,0,0,0,0,0,0,0,0,0,0,0,0,28,29,30,31,28,192,202,202,194,30,31,28,29,30,31,0,0,0,0,0,0,0,0,0,0,0,0,0,0,0,0,0,0,0,
0,0,16,17,18,19,16,17,148,184,185,186,187,184,185,186,187,184,161,153,18,19,16,17,18,19,16,17,18,19,16,0,0,0,0,0,0,0,0,0,0,0,0,0,0,0,0,17,18,19,16,144,176,176,150,18,19,16,17,18,19,0,0,0,0,0,0,0,0,0,0,0,0,0,0,0,0,0,0,0,
0,0,20,21,22,23,20,21,148,188,189,162,147,167,189,190,191,188,189,161,149,153,20,21,22,23,20,21,22,23,20,21,0,0,0,0,0,0,0,0,0,0,0,0,0,0,0,0,0,23,20,155,163,176,146,22,23,20,21,22,23,0,0,0,0,0,0,0,0,0,0,0,0,0,0,0,0,0,0,0,
0,0,24,25,26,27,24,25,148,176,177,146,16,159,167,178,179,176,177,178,179,165,145,153,26,27,24,25,26,27,24,25,26,0,0,0,0,0,0,0,0,0,0,0,0,0,0,0,0,27,24,25,148,176,146,26,27,24,25,26,0,0,0,0,0,0,0,0,0,0,0,0,0,0,0,0,0,0,0,0,
0,0,28,29,30,31,28,29,148,180,181,150,20,21,155,151,167,180,181,182,183,180,181,161,149,157,28,29,30,31,28,29,30,0,0,0,0,0,0,0,0,0,0,0,0,0,0,0,0,0,28,29,144,176,150,30,0,0,0,0,0,0,0,0,0,0,0,0,0,0,0,0,0,0,0,0,0,0,0,0,
0,0,16,17,18,19,16,17,159,163,185,161,157,25,26,27,155,163,185,186,187,184,185,186,187,165,157,17,18,19,16,17,18,19,0,0,0,0,0,0,0,0,0,0,0,0,0,0,0,0,0,0,0,0,0,0,0,0,0,0,0,0,0,0,0,0,0,0,0,0,0,0,0,0,0,0,0,0,0,0,
0,0,0,21,22,23,20,21,22,155,163,176,165,153,30,31,28,148,189,190,191,188,189,190,191,188,146,21,22,23,20,21,22,23,20,0,0,0,0,0,0,0,0,0,0,0,0,0,0,0,0,0,0,0,0,0,0,0,0,0,0,0,0,0,0,0,0,0,0,0,0,0,0,0,0,0,0,0,0,0,
0,0,0,0,26,27,24,25,26,27,159,167,176,161,149,149,145,160,177,178,179,176,177,166,147,151,158,25,26,27,24,25,26,27,24,0,0,0,0,0,0,0,0,0,0,0,0,0,0,0,0,0,0,0,0,0,0,0,0,0,0,0,0,0,0,0,0,0,0,0,0,0,0,0,0,0,0,0,0,0,
0,0,0,0,30,31,28,29,30,31,28,159,147,163,176,177,178,179,166,151,151,147,151,158,30,31,28,29,30,31,28,29,30,31,28,0,0,0,0,0,0,0,0,0,0,0,0,0,0,0,0,0,0,0,0,0,0,0,0,0,0,0,0,0,0,0,0,0,0,0,0,0,0,0,0,0,0,0,0,0,
0,0,0,0,0,19,16,17,18,19,16,17,18,159,151,163,182,162,154,17,18,19,16,17,18,19,16,17,18,19,16,17,18,19,16,0,0,0,0,0,0,0,0,0,0,0,0,0,0,0,0,0,0,0,0,0,0,0,0,0,0,0,0,0,0,0,0,0,0,0,0,0,0,0,0,0,0,0,0,0,
0,0,0,0,0,0,20,21,22,23,20,21,22,23,20,159,151,158,20,21,22,23,20,21,22,23,20,21,22,23,20,21,22,0,0,0,0,0,0,0,0,0,0,0,0,0,0,0,0,0,0,0,0,0,0,0,0,0,0,0,0,0,0,0,0,0,0,0,0,0,0,0,0,0,0,0,0,0,0,0,
0,0,0,0,0,0,0,25,26,27,24,25,26,27,24,25,26,27,24,25,26,27,24,25,26,27,24,25,26,27,24,0,0,0,0,0,0,0,0,0,0,0,0,0,0,0,0,0,0,0,0,0,0,0,0,0,0,0,0,0,0,0,0,0,0,0,0,0,0,0,0,0,0,0,0,0,0,0,0,0,
0,0,0,0,0,0,0,0,0,0,0,29,30,31,28,29,30,31,28,29,30,31,28,29,30,31,28,29,30,0,0,0,0,0,0,0,0,0,0,0,0,0,0,0,0,0,0,0,0,0,0,0,0,0,0,0,0,0,0,0,0,0,0,0,0,0,0,0,0,0,0,0,0,0,0,0,0,0,0,0,
0,0,0,0,0,0,0,0,0,0,0,0,0,19,16,17,18,19,16,17,18,19,16,0,0,0,0,0,0,0,0,0,0,0,0,0,0,0,0,0,0,0,0,0,0,0,0,0,0,0,0,0,0,0,0,0,0,0,0,0,0,0,0,0,0,0,0,0,0,0,0,0,0,0,0,0,0,0,0,0,
0,0,0,0,0,0,0,0,0,0,0,0,0,0,20,21,22,23,20,21,22,0,0,0,0,0,0,0,0,0,0,0,0,0,0,0,0,0,0,0,0,0,0,0,0,0,0,0,0,0,0,0,0,0,0,0,0,0,0,0,0,0,0,0,0,0,0,0,0,0,0,0,0,0,0,0,0,0,0,0,
0,0,0,0,0,0,0,0,0,0,0,0,0,0,0,0,0,0,0,0,0,0,0,0,0,0,0,0,0,0,0,0,0,0,0,0,0,0,0,0,0,0,0,0,0,0,0,0,0,0,0,0,0,0,0,0,0,0,0,0,0,0,0,0,0,0,0,0,0,0,0,0,0,0,0,0,0,0,0,0,
0,0,0,0,0,0,0,0,0,0,0,0,0,0,0,0,0,0,0,0,0,0,0,0,0,0,0,0,0,0,0,0,0,0,0,0,0,0,0,0,0,0,0,0,0,0,0,0,0,0,0,0,0,0,0,0,0,0,0,0,0,0,0,0,0,0,0,0,0,0,0,0,0,0,0,0,0,0,0,0,
0,0,0,0,0,0,0,0,0,0,0,0,0,0,0,0,0,0,0,0,0,0,0,0,0,0,0,0,0,0,0,0,0,0,0,0,0,0,0,0,0,0,0,0,0,0,0,0,0,0,0,0,0,0,0,0,0,0,0,0,0,0,0,0,0,0,0,0,0,0,0,0,0,0,0,0,0,0,0,0

[layer]
type=object
data=
0,0,0,0,0,0,0,0,0,0,0,0,0,0,0,0,0,0,0,0,0,0,0,0,0,0,0,0,0,0,0,0,0,0,0,0,0,0,0,0,0,0,0,0,0,0,0,0,0,0,0,0,0,0,0,0,0,0,0,0,0,0,0,0,0,0,0,0,0,0,0,0,0,0,0,0,0,0,0,0,
0,0,0,0,0,0,0,0,0,0,0,0,0,0,0,0,0,0,0,0,0,0,0,0,0,0,0,0,0,0,0,0,0,0,0,0,0,0,0,0,0,0,0,0,0,0,0,0,0,0,0,0,0,0,0,0,0,0,0,0,0,0,0,0,0,0,0,0,0,0,0,0,0,0,0,0,0,0,0,0,
0,0,0,0,0,0,0,0,0,0,0,0,0,0,0,0,0,0,0,0,0,0,0,0,0,0,0,0,0,0,0,0,0,0,0,0,0,0,0,0,0,0,0,0,0,0,0,0,0,0,0,0,0,0,0,0,0,0,0,0,0,0,0,0,0,0,0,0,0,0,0,0,0,0,0,0,0,0,0,0,
0,0,0,0,0,0,0,0,0,0,0,0,0,0,0,0,0,0,0,0,0,0,0,0,0,0,0,0,0,0,0,0,0,0,0,0,0,0,0,0,0,0,0,0,0,0,0,0,0,0,0,0,0,0,0,0,0,0,0,0,0,0,0,0,0,0,0,0,0,0,0,0,0,0,0,0,0,0,0,0,
0,0,0,0,0,0,0,0,0,0,0,0,0,0,0,0,0,0,0,0,0,0,0,0,0,0,0,0,0,0,0,0,0,0,0,0,0,0,0,0,0,0,0,0,0,0,0,0,0,0,0,0,0,0,0,0,0,0,0,0,0,0,0,0,0,0,0,0,0,0,0,0,0,0,0,0,0,0,0,0,
0,0,0,0,0,0,0,0,0,0,0,0,0,0,0,0,0,0,0,0,0,0,60,53,64,0,0,0,0,50,0,0,0,0,0,0,0,0,0,0,0,0,0,0,0,0,0,0,0,0,0,0,0,0,0,0,0,0,0,0,0,0,0,0,0,0,0,0,0,0,0,0,0,0,0,0,0,0,0,0,
0,0,0,0,0,0,0,0,0,0,0,0,0,0,0,0,0,0,0,0,0,0,52,0,0,0,0,0,0,65,57,0,0,0,0,0,0,0,0,0,0,0,0,0,0,0,0,0,0,0,0,0,0,0,0,0,0,0,0,0,0,0,0,0,0,0,0,0,0,0,0,0,0,0,0,0,0,0,0,0,
0,0,0,0,0,0,0,0,0,0,0,0,0,0,0,0,0,0,0,0,0,0,48,0,246,0,0,120,0,0,65,57,0,0,0,0,0,0,0,0,0,0,0,0,0,0,0,0,0,0,0,0,0,0,0,0,0,0,0,0,0,0,0,0,0,0,0,0,0,0,0,0,0,0,0,0,0,0,0,0,
0,0,0,0,60,53,49,53,53,53,61,0,0,0,0,0,0,0,0,0,0,56,64,0,0,0,0,0,0,0,0,69,61,0,0,0,0,0,0,0,0,0,0,0,0,0,0,0,0,0,0,0,0,0,0,0,0,0,0,0,0,0,0,0,0,0,0,0,0,0,0,0,0,0,0,0,0,0,0,0,
0,0,0,56,68,0,0,0,0,0,65,49,53,57,0,0,0,0,0,0,60,64,0,0,0,0,0,0,0,0,0,0,65,61,0,0,0,0,0,0,0,0,0,0,0,0,0,0,0,0,0,0,0,0,0,0,0,0,0,0,0,0,0,0,0,56,53,49,49,53,61,0,0,0,0,0,0,0,0,0,
0,0,0,48,0,243,0,0,254,0,0,0,0,69,61,0,0,0,0,56,64,119,241,0,0,0,0,0,0,0,0,0,252,65,61,0,0,0,0,0,0,0,0,0,0,0,0,0,0,0,0,0,0,0,0,0,0,0,0,0,0,0,60,53,49,68,0,252,0,127,65,53,53,49,49,49,53,53,49,49,
0,0,0,48,0,0,0,0,0,0,0,0,250,0,65,49,57,0,60,68,0,0,0,0,0,0,0,0,0,0,0,0,0,0,65,61,0,0,0,0,0,0,0,0,0,0,0,0,0,0,0,0,0,0,0,0,0,0,0,0,0,56,64,113,143,0,0,0,0,0,0,0,0,254,0,110,111,0,250,94,
0,0,56,68,0,0,0,0,0,112,0,0,0,0,0,0,69,53,68,0,254,0,0,0,0,0,0,0,0,0,0,0,0,0,0,50,0,0,0,0,0,0,0,0,0,0,0,0,0,0,0,0,0,0,0,0,0,0,0,0,0,52,0,0,0,0,0,0,0,0,0,0,122,0,0,0,0,125,0,94,
0,0,52,0,254,0,0,0,0,0,0,0,0,0,0,0,0,253,0,112,0,0,124,0,0,0,0,0,0,0,0,0,0,0,0,50,0,0,0,0,0,0,0,0,0,0,0,0,0,0,0,0,0,0,0,0,0,0,0,0,0,63,51,55,51,67,0,0,0,0,0,0,0,0,0,0,0,0,0,94,
0,0,64,0,0,0,0,0,0,0,0,0,0,117,0,0,0,0,0,0,0,0,0,0,0,0,0,114,0,0,0,0,0,0,0,50,0,0,0,0,0,0,0,0,0,0,0,0,0,0,0,0,0,0,0,0,0,0,0,0,0,0,0,0,0,52,0,0,0,0,0,0,0,0,0,0,0,0,0,94,
0,0,92,0,0,0,122,0,0,247,0,0,0,0,0,0,0,0,0,0,0,0,0,117,0,0,0,0,0,0,0,0,0,0,246,50,0,0,0,0,0,0,0,0,0,0,0,0,0,0,0,0,0,0,0,0,0,0,0,0,0,0,0,0,0,52,123,0,0,0,255,0,0,0,0,70,55,51,55,51,
0,0,92,0,0,0,0,0,0,0,0,0,120,0,0,0,0,126,0,0,0,0,0,0,0,0,0,0,0,0,0,0,0,0,66,62,0,0,0,0,0,0,0,0,0,0,0,0,0,0,0,0,0,0,0,0,0,0,0,0,0,0,60,49,49,64,0,0,0,119,0,0,70,55,51,62,0,0,0,0,
0,0,92,0,127,0,0,0,0,0,0,0,0,0,0,115,0,0,0,0,0,0,0,0,0,0,0,121,0,0,0,0,0,66,58,0,0,0,0,0,0,0,0,0,0,0,0,0,0,0,0,0,0,0,60,53,49,53,49,57,0,60,68,0,250,0,0,0,0,0,0,70,62,0,0,0,0,0,0,0,
0,0,92,0,0,0,0,0,0,0,0,0,0,0,0,0,0,0,0,0,0,0,0,0,0,114,0,0,0,0,0,0,0,54,0,0,0,0,0,0,0,0,0,0,0,0,0,0,0,0,0,0,0,0,48,0,0,0,0,69,53,68,116,0,0,0,0,0,0,66,51,58,0,0,0,0,0,0,0,0,
0,0,67,0,0,0,0,118,0,0,114,0,0,0,0,0,0,0,119,0,0,244,0,0,0,0,0,0,0,0,0,0,0,54,0,0,0,0,0,0,0,0,0,0,0,0,0,0,0,0,0,0,0,56,64,112,0,249,0,0,0,0,0,0,0,0,122,0,0,54,0,0,0,0,0,0,0,0,0,0,
0,0,48,0,0,0,0,0,0,0,0,0,0,120,0,0,0,0,0,0,0,0,0,0,119,0,0,0,0,0,0,0,0,54,0,0,0,0,0,0,0,0,0,0,0,0,0,0,0,0,0,0,0,52,0,0,0,0,0,0,0,0,0,127,0,0,0,0,66,62,0,0,0,0,0,0,0,0,0,0,
0,0,59,67,253,0,0,0,0,0,0,0,0,0,0,0,0,0,0,0,0,116,0,0,0,0,0,0,0,0,0,0,0,69,57,0,0,0,0,0,0,0,0,0,0,0,0,0,0,0,0,0,0,52,0,254,0,0,0,0,0,0,0,0,0,0,0,70,62,0,0,0,0,0,0,0,0,0,0,0,
0,0,0,63,67,0,0,0,0,0,0,0,0,0,0,0,0,121,0,126,0,0,0,131,0,0,0,0,0,0,0,0,0,251,69,57,0,0,0,0,0,0,0,0,0,0,0,0,0,0,0,0,0,52,117,0,0,124,0,0,0,0,0,0,0,0,70,58,0,0,0,0,0,0,0,0,0,0,0,0,
0,0,0,0,48,0,0,0,0,0,0,121,0,0,0,0,0,0,0,0,0,129,0,0,126,0,0,0,120,0,0,0,0,0,0,50,0,0,0,0,0,0,60,53,49,49,68,0,0,0,0,69,49,64,0,0,0,0,0,0,0,0,0,250,66,55,58,0,0,0,0,0,0,0,0,0,0,0,0,0,
0,0,0,0,63,71,242,0,123,0,0,0,0,0,114,0,0,0,0,0,0,0,0,0,0,112,0,0,0,0,0,0,0,0,0,54,0,0,0,0,0,0,52,0,0,0,245,0,0,0,0,124,0,0,0,0,0,0,0,0,0,66,51,55,58,0,0,0,0,0,0,0,0,0,0,0,0,0,0,0,
0,0,0,0,0,63,67,0,0,0,0,0,0,0,0,0,0,0,0,120,0,123,0,0,0,0,0,0,0,0,0,0,0,0,0,54,0,0,0,0,0,0,52,0,254,98,0,0,0,0,0,0,0,126,0,0,0,0,0,0,70,58,0,0,0,0,0,0,0,0,0,0,0,0,0,0,0,0,0,0,
0,0,0,0,0,0,63,67,0,0,0,0,0,0,0,0,0,0,0,0,0,0,0,0,247,0,0,0,0,0,0,0,0,0,0,69,49,61,0,0,0,56,64,0,0,0,0,0,0,0,0,0,0,0,0,0,66,51,51,55,58,0,0,0,0,0,0,0,0,0,0,0,0,0,0,0,0,0,0,0,
0,0,0,0,0,0,0,48,248,0,0,0,0,0,0,0,118,0,0,0,0,0,0,0,0,0,0,115,0,0,0,0,0,0,0,0,0,65,61,0,0,52,0,249,0,0,0,0,0,0,0,254,0,0,0,66,62,0,0,0,0,0,0,0,0,0,0,0,0,0,0,0,0,0,0,0,0,0,0,0,
0,0,0,0,0,0,0,59,67,0,0,127,0,0,0,0,0,0,0,0,115,0,0,0,0,0,0,0,0,0,0,0,0,0,0,123,0,242,50,0,0,52,0,0,0,0,0,0,0,115,0,0,126,0,0,54,0,0,0,0,0,0,0,0,0,0,0,0,0,0,0,0,0,0,0,0,0,0,0,0,
0,0,0,0,0,0,0,0,63,71,0,0,0,0,0,0,0,0,0,0,0,0,0,0,0,0,0,0,0,0,0,0,0,245,0,0,0,0,54,0,0,52,0,0,0,0,0,121,0,0,0,0,0,0,0,54,0,0,0,0,0,0,0,56,53,57,0,0,0,0,0,0,0,0,0,0,0,0,0,0,
0,0,0,0,0,0,0,0,0,59,71,0,0,0,0,0,247,0,0,0,120,0,0,0,0,0,0,0,0,120,0,0,0,0,0,0,0,0,54,0,56,68,0,0,0,0,0,0,0,123,0,0,0,0,0,54,0,0,0,0,0,0,56,64,0,69,57,0,0,0,0,0,0,0,0,0,0,0,0,0,
0,0,0,0,0,0,0,0,0,0,48,252,0,0,0,0,0,0,0,0,0,0,0,0,0,0,0,115,0,0,0,121,0,0,0,0,0,127,65,49,64,0,124,0,0,0,0,0,0,0,0,0,0,0,0,50,0,0,0,60,53,49,64,0,253,0,54,0,0,0,0,0,0,0,0,0,0,0,0,0,
0,0,0,0,0,0,0,0,0,0,59,71,0,0,112,0,0,0,0,0,0,0,0,0,0,66,67,0,0,0,0,0,0,0,0,0,0,0,0,0,0,0,0,0,0,0,0,0,0,0,0,0,0,0,254,50,0,0,0,48,0,0,0,0,0,0,50,0,0,0,0,0,0,0,0,0,0,0,0,0,
0,0,0,0,0,0,0,0,0,0,0,48,0,0,0,0,0,0,0,0,121,0,0,0,120,65,64,0,0,0,0,0,0,0,120,0,242,0,0,0,0,0,0,0,0,0,120,0,0,0,0,126,0,0,0,50,0,0,0,52,0,255,0,0,0,0,54,0,0,0,0,0,0,0,0,0,0,0,0,0,
0,0,0,0,0,0,0,0,0,0,0,48,244,0,0,0,0,0,127,0,0,0,0,0,0,0,0,0,0,120,0,115,0,0,0,0,0,0,0,0,0,0,0,0,0,0,0,0,0,249,0,0,0,0,66,62,0,0,0,48,113,0,96,0,250,0,54,0,0,0,0,0,0,0,0,0,0,0,0,0,
0,0,0,0,0,0,0,0,0,0,0,63,71,0,0,0,0,0,0,0,0,0,0,0,0,0,0,0,0,0,0,0,0,0,0,0,0,0,127,0,0,0,0,0,0,115,0,0,0,0,0,0,0,0,50,0,0,0,0,52,137,0,127,0,0,0,50,0,0,0,0,0,0,0,0,0,0,0,0,0,
0,0,0,0,0,0,0,0,0,0,0,0,52,0,0,0,249,0,0,0,126,0,0,0,120,0,0,0,0,0,0,0,0,0,0,0,0,0,0,0,0,240,0,0,0,0,0,0,0,0,124,0,0,0,54,0,0,0,60,68,0,0,0,0,0,0,54,0,0,0,0,0,0,0,0,0,0,0,0,0,
0,0,0,0,0,0,0,0,0,0,0,60,64,0,0,0,0,0,122,0,0,0,0,0,0,0,0,0,0,0,0,0,0,0,0,120,0,0,0,0,0,0,0,123,0,0,0,0,121,0,0,0,0,70,62,0,0,0,52,0,250,0,0,0,0,66,58,0,0,0,0,0,0,0,0,0,0,0,0,0,
0,0,0,0,0,0,0,0,0,0,0,48,0,0,125,0,0,0,0,0,0,0,0,0,0,0,0,0,0,0,0,0,0,0,114,0,0,0,0,0,0,0,0,130,0,0,120,0,0,0,0,0,0,50,0,0,0,0,52,0,0,127,0,0,0,50,0,0,0,0,0,0,0,0,0,0,0,0,0,0,
0,0,0,0,0,0,0,0,0,0,0,48,0,0,0,0,0,124,0,0,0,0,0,114,0,0,0,0,0,0,252,0,0,115,0,120,0,0,0,123,0,0,0,0,0,0,0,0,0,0,0,0,0,50,0,0,0,0,59,71,0,0,0,0,123,50,0,0,0,0,0,0,0,0,0,0,0,0,0,0,
0,0,0,0,0,0,0,0,0,0,0,48,0,252,0,0,0,0,0,0,0,120,0,0,0,0,0,0,0,0,0,0,0,0,114,0,0,0,0,0,0,0,0,0,121,0,0,0,113,0,0,0,0,69,61,0,0,0,0,48,0,0,0,0,0,65,0,0,0,0,0,0,0,0,0,0,0,0,0,0,
0,0,0,0,0,0,0,0,0,0,0,64,0,0,0,0,0,0,0,0,0,0,0,0,0,0,0,0,251,112,0,0,0,121,0,0,0,0,0,0,0,0,0,0,0,0,0,0,0,0,0,0,0,0,69,61,0,0,60,68,0,254,0,0,0,0,0,0,0,0,0,0,0,0,0,0,0,0,0,0,
0,0,0,0,0,0,0,0,0,0,0,0,0,0,0,0,0,0,0,0,0,0,0,0,0,121,0,0,0,0,0,0,0,0,0,0,0,0,0,0,0,0,0,246,0,0,0,0,243,0,0,0,0,0,250,65,49,49,64,112,0,0,0,0,0,0,0,0,0,0,0,0,0,0,0,0,0,0,0,0,
0,0,0,0,0,0,0,0,0,0,0,0,0,0,0,0,0,0,0,0,0,0,0,0,0,0,0,0,0,0,0,0,0,0,0,245,0,0,0,0,0,0,0,0,0,0,0,0,0,116,0,0,0,0,0,0,0,117,0,0,0,0,0,0,0,121,0,0,0,0,0,0,0,0,0,0,0,0,0,0,
0,0,0,0,0,0,0,0,0,0,0,0,0,120,0,0,0,0,0,0,0,240,0,0,0,0,0,0,0,0,0,0,125,0,0,0,0,118,0,0,244,0,0,127,0,0,0,0,0,0,0,0,0,0,126,0,0,0,0,0,0,0,0,0,0,0,114,0,0,0,0,0,0,0,0,0,0,0,0,0,
0,0,0,0,0,0,0,0,0,0,0,0,0,0,0,0,0,0,0,0,0,123,0,0,0,0,115,0,0,0,0,0,0,0,0,0,0,0,0,0,0,0,0,0,0,115,0,0,0,0,0,0,0,0,0,0,0,0,0,0,0,0,0,0,0,66,0,0,0,0,0,0,0,0,0,0,0,0,0,0,
0,0,0,0,0,0,0,0,0,0,0,0,0,240,0,0,0,0,0,126,127,0,0,0,0,0,0,0,0,0,0,0,0,0,0,0,0,0,0,0,129,0,0,0,0,0,0,0,0,240,0,0,0,0,0,0,0,0,119,0,0,0,0,0,0,54,0,0,0,0,0,0,0,0,0,0,0,0,0,0,
0,0,0,0,0,0,0,0,0,0,0,67,0,0,0,0,0,0,0,0,0,0,0,0,0,243,0,0,0,115,0,0,0,0,0,0,0,0,0,0,128,0,120,0,0,0,121,0,0,0,0,0,243,0,0,0,0,0,0,0,0,0,0,0,0,50,0,0,0,0,0,0,0,0,0,0,0,0,0,0,
0,0,0,0,0,0,0,0,0,0,56,64,0,117,0,0,0,0,0,0,0,0,0,0,0,0,0,0,0,0,0,0,120,0,0,0,0,0,0,120,0,0,0,0,0,0,0,0,0,0,123,0,0,0,0,0,0,0,0,0,120,0,0,0,0,50,0,0,0,0,0,0,0,0,0,0,0,0,0,0,
0,0,0,0,0,0,0,0,0,0,52,0,0,0,0,0,0,0,241,0,0,0,0,240,0,0,0,0,0,0,0,0,0,0,0,0,0,0,0,0,0,0,0,115,0,0,0,0,0,0,0,0,0,0,0,0,0,0,0,0,0,0,0,250,0,50,0,0,0,0,0,0,0,0,0,0,0,0,0,0,
0,0,0,0,0,0,0,0,60,49,64,0,251,0,0,0,0,0,0,0,118,0,0,0,0,0,0,0,0,0,0,0,0,0,0,0,0,0,0,0,0,0,0,0,0,0,0,0,0,0,0,0,0,115,0,0,0,0,0,0,0,0,0,0,0,50,0,0,0,0,0,0,0,0,0,0,0,0,0,0,
0,0,0,0,0,0,0,60,68,0,0,0,0,0,0,124,0,0,0,0,0,0,0,0,0,0,0,0,0,0,0,0,0,0,0,0,0,116,0,0,251,0,0,0,0,0,0,0,0,0,0,0,0,0,0,0,0,0,121,0,0,0,0,0,0,69,57,0,0,0,0,0,0,0,0,0,0,0,0,0,
0,0,0,0,0,0,56,68,0,255,0,125,0,0,0,0,0,0,0,0,0,0,0,0,0,0,0,0,0,0,0,252,0,0,0,0,0,0,0,0,0,0,0,0,0,0,120,0,0,115,0,0,0,0,0,0,0,0,0,0,125,0,248,0,0,0,69,57,0,0,0,0,0,0,0,0,0,0,0,0,
0,0,0,0,0,56,68,0,0,0,0,0,0,0,0,0,0,0,0,0,0,0,0,0,0,0,0,0,0,116,0,0,0,127,0,0,0,0,0,0,0,0,0,0,0,0,0,0,0,0,0,0,0,0,0,0,0,125,0,0,0,0,0,0,0,0,248,69,57,0,0,0,0,0,0,0,0,0,0,0,
0,0,0,0,60,68,0,249,0,0,0,0,0,0,0,0,0,0,127,0,240,0,0,0,0,115,0,0,0,0,0,0,0,0,0,0,0,0,0,0,124,0,0,0,0,0,252,0,0,0,0,0,121,0,255,0,0,0,0,0,244,0,0,123,0,0,0,0,54,0,0,0,0,0,0,0,0,0,0,0,
0,0,0,60,68,0,0,0,0,0,0,0,0,0,0,0,115,0,0,0,0,0,0,0,0,0,0,0,250,0,0,0,0,0,0,127,0,0,0,0,0,0,0,0,0,0,0,112,0,0,0,0,0,0,0,116,0,0,0,0,0,0,0,0,0,0,0,66,62,0,0,0,0,0,0,0,0,0,0,0,
0,0,0,52,0,252,0,0,0,0,0,0,0,0,0,0,0,0,0,0,0,0,0,0,0,0,0,0,0,0,0,0,0,70,55,71,0,0,66,51,71,0,0,0,0,126,0,0,0,0,0,0,0,0,0,0,0,0,0,0,0,0,0,0,0,0,66,58,0,0,0,0,0,0,0,0,0,0,0,0,
0,0,0,48,0,0,127,0,0,0,244,0,0,0,120,0,0,0,0,0,0,0,0,0,0,0,0,0,0,0,113,0,70,58,0,63,51,51,62,0,63,51,71,118,0,0,0,0,0,0,0,0,0,0,0,0,0,0,0,0,0,0,0,0,0,66,62,0,0,0,0,0,0,0,0,0,0,0,0,0,
0,0,0,48,0,0,0,0,0,0,0,0,0,0,0,0,0,0,0,0,0,0,0,0,0,0,0,124,0,0,0,0,54,0,0,0,0,0,0,0,0,0,63,71,0,0,0,0,0,117,0,0,249,0,0,0,0,0,127,0,0,0,0,0,66,58,0,0,0,0,0,0,0,0,0,0,0,0,0,0,
0,0,56,68,0,246,0,0,0,0,0,0,114,0,0,0,121,0,0,0,0,0,0,0,120,0,0,0,0,0,0,0,54,0,0,0,0,0,0,0,0,0,0,59,71,0,0,0,0,0,0,0,0,0,0,0,253,0,0,0,0,252,0,70,58,0,0,0,0,0,0,0,0,0,0,0,0,0,0,0,
0,0,48,0,123,0,0,0,136,0,0,0,0,0,0,0,0,0,0,254,0,0,0,0,0,0,0,0,0,0,0,70,62,0,0,0,0,0,0,0,0,0,0,0,59,71,0,0,0,0,0,0,0,0,0,0,0,0,0,0,0,0,0,54,0,0,0,0,0,0,0,0,0,0,0,0,0,0,0,0,
0,0,48,0,0,0,0,0,0,0,0,0,0,0,0,0,96,0,0,0,0,74,75,0,0,0,0,0,0,66,51,58,0,0,0,0,0,0,0,0,0,0,0,0,0,59,71,0,0,0,0,0,0,0,0,0,0,0,0,0,0,0,70,62,0,0,0,0,0,0,0,0,0,0,0,0,0,0,0,0,
0,0,48,252,0,0,0,0,0,0,0,0,120,0,168,169,170,0,0,0,126,100,0,0,102,0,0,0,0,54,0,0,0,0,0,0,0,0,0,0,0,0,0,0,0,0,59,51,71,0,0,0,0,0,0,0,0,0,113,0,0,66,62,0,0,0,0,0,0,0,0,0,0,0,0,0,0,0,0,0,
0,0,52,0,0,124,0,0,0,0,0,0,0,0,0,0,0,0,0,0,0,0,122,0,0,0,0,0,0,65,53,61,0,0,0,0,0,0,0,0,0,0,0,0,0,0,0,0,59,71,0,0,0,0,0,0,0,0,0,0,0,50,0,0,0,0,0,0,0,0,0,0,0,0,0,0,0,0,0,0,
0,0,52,0,0,0,0,0,129,121,0,0,0,0,0,0,0,0,0,0,0,0,0,0,0,0,0,124,0,0,0,69,61,0,0,0,0,0,0,0,0,0,0,0,0,0,0,0,0,48,0,0,0,115,0,0,0,0,0,0,0,50,0,0,0,0,0,0,0,0,0,0,0,0,0,0,0,0,0,0,
0,0,48,0,0,0,0,0,0,115,0,0,240,0,0,0,120,0,0,0,0,0,0,0,113,0,0,0,0,0,0,253,54,0,0,0,0,0,0,0,0,0,0,0,0,0,0,0,0,52,0,248,0,0,0,0,0,0,254,0,66,58,0,0,0,0,0,0,0,0,0,0,0,0,0,0,0,0,0,0,
0,0,52,0,251,0,0,0,121,0,0,0,0,0,0,0,0,0,0,0,0,0,0,0,0,0,0,0,0,0,0,0,65,61,0,0,0,0,0,0,0,0,0,0,0,0,0,0,0,59,55,71,0,0,0,66,55,51,51,55,62,0,0,0,0,0,0,0,0,0,0,0,0,0,0,0,0,0,0,0,
0,0,63,71,0,0,122,0,0,0,114,0,0,242,0,0,0,0,0,0,0,0,114,0,0,0,0,0,0,0,0,0,0,69,57,0,0,0,0,0,0,0,0,0,0,0,0,0,0,0,0,0,0,0,0,0,0,0,0,0,0,0,0,0,0,0,0,0,0,0,0,0,0,0,0,0,0,0,0,0,
0,0,0,63,67,0,0,0,0,0,0,0,0,0,123,0,243,0,0,0,0,120,0,121,0,0,0,0,0,0,0,0,0,0,54,0,0,0,0,0,0,0,0,0,0,0,0,0,0,0,0,0,0,0,0,0,0,0,0,0,0,0,0,0,0,0,0,0,0,0,0,0,0,0,0,0,0,0,0,0,
0,0,0,0,52,0,0,0,0,0,0,0,0,0,0,0,0,0,0,0,0,0,0,0,0,0,0,117,0,0,0,0,0,249,69,57,0,0,0,0,0,0,0,0,0,0,0,0,0,0,0,0,0,0,0,0,0,0,0,0,0,0,0,0,0,0,0,0,0,0,0,0,0,0,0,0,0,0,0,0,
0,0,0,0,63,67,255,0,0,0,0,0,0,0,0,0,0,0,0,0,0,0,0,0,0,0,0,0,0,0,119,0,0,0,0,54,0,0,0,0,0,0,0,0,0,0,0,0,0,0,0,0,0,0,0,0,0,0,0,0,0,0,0,0,0,0,0,0,0,0,0,0,0,0,0,0,0,0,0,0,
0,0,0,0,0,59,71,0,117,0,0,0,253,0,0,0,0,0,0,116,0,248,0,0,0,0,0,0,0,0,0,0,0,0,0,54,0,0,0,0,0,0,0,0,0,0,0,0,0,0,0,0,0,0,0,0,0,0,0,0,0,0,0,0,0,0,0,0,0,0,0,0,0,0,0,0,0,0,0,0,
0,0,0,0,0,0,59,67,0,0,0,0,0,0,112,0,0,0,0,0,0,0,0,0,0,127,0,0,0,0,0,0,0,66,55,62,0,0,0,0,0,0,0,0,0,0,0,0,0,0,0,0,0,0,0,0,0,0,0,0,0,0,0,0,0,0,0,0,0,0,0,0,0,0,0,0,0,0,0,0,
0,0,0,0,0,0,0,59,55,67,0,0,0,122,0,0,0,0,0,0,124,0,0,0,0,0,0,0,0,0,0,70,51,58,0,0,0,0,0,0,0,0,0,0,0,0,0,0,0,0,0,0,0,0,0,0,0,0,0,0,0,0,0,0,0,0,0,0,0,0,0,0,0,0,0,0,0,0,0,0,
0,0,0,0,0,0,0,0,0,0,55,51,71,0,0,0,127,0,0,0,0,0,0,0,0,0,0,0,0,70,55,58,0,0,0,0,0,0,0,0,0,0,0,0,0,0,0,0,0,0,0,0,0,0,0,0,0,0,0,0,0,0,0,0,0,0,0,0,0,0,0,0,0,0,0,0,0,0,0,0,
0,0,0,0,0,0,0,0,0,0,0,0,59,71,0,0,0,0,0,0,0,0,0,66,51,55,51,55,55,62,0,0,0,0,0,0,0,0,0,0,0,0,0,0,0,0,0,0,0,0,0,0,0,0,0,0,0,0,0,0,0,0,0,0,0,0,0,0,0,0,0,0,0,0,0,0,0,0,0,0,
0,0,0,0,0,0,0,0,0,0,0,0,0,59,51,71,0,0,0,0,0,66,51,62,0,0,0,0,0,0,0,0,0,0,0,0,0,0,0,0,0,0,0,0,0,0,0,0,0,0,0,0,0,0,0,0,0,0,0,0,0,0,0,0,0,0,0,0,0,0,0,0,0,0,0,0,0,0,0,0,
0,0,0,0,0,0,0,0,0,0,0,0,0,0,0,59,51,55,55,55,51,58,0,0,0,0,0,0,0,0,0,0,0,0,0,0,0,0,0,0,0,0,0,0,0,0,0,0,0,0,0,0,0,0,0,0,0,0,0,0,0,0,0,0,0,0,0,0,0,0,0,0,0,0,0,0,0,0,0,0,
0,0,0,0,0,0,0,0,0,0,0,0,0,0,0,0,0,0,0,0,0,0,0,0,0,0,0,0,0,0,0,0,0,0,0,0,0,0,0,0,0,0,0,0,0,0,0,0,0,0,0,0,0,0,0,0,0,0,0,0,0,0,0,0,0,0,0,0,0,0,0,0,0,0,0,0,0,0,0,0,
0,0,0,0,0,0,0,0,0,0,0,0,0,0,0,0,0,0,0,0,0,0,0,0,0,0,0,0,0,0,0,0,0,0,0,0,0,0,0,0,0,0,0,0,0,0,0,0,0,0,0,0,0,0,0,0,0,0,0,0,0,0,0,0,0,0,0,0,0,0,0,0,0,0,0,0,0,0,0,0

[layer]
type=collision
data=
3,3,3,3,3,3,3,3,3,3,3,3,3,3,3,3,3,3,3,3,3,3,3,3,3,3,3,3,3,3,3,3,3,3,3,3,3,3,3,3,3,3,3,3,3,3,3,3,3,3,3,3,3,3,3,3,3,3,3,3,3,3,3,3,3,3,3,3,3,3,3,3,3,3,3,3,3,3,3,3,
3,3,3,3,3,3,3,3,3,3,3,3,3,3,3,3,3,3,3,3,3,3,3,3,3,3,3,3,3,3,3,3,3,3,3,3,3,3,3,3,3,3,3,3,3,3,3,3,3,3,3,3,3,3,3,3,3,3,3,3,3,3,3,3,3,3,3,3,3,3,3,3,3,3,3,3,3,3,3,3,
3,3,3,3,3,3,3,3,3,3,3,3,3,3,3,3,3,3,3,3,3,3,3,3,3,3,3,3,3,3,3,3,3,3,3,3,3,3,3,3,3,3,3,3,3,3,3,3,3,3,3,3,3,3,3,3,3,3,3,3,3,3,3,3,3,3,3,3,3,3,3,3,3,3,3,3,3,3,3,3,
3,3,3,3,3,3,3,3,3,3,3,3,3,3,3,3,3,3,3,3,3,3,3,3,3,3,3,3,3,3,3,3,3,3,3,3,3,3,3,3,3,3,3,3,3,3,3,3,3,3,3,3,3,3,3,3,3,3,3,3,3,3,3,3,3,3,3,3,3,3,3,3,3,3,3,3,3,3,3,3,
3,3,3,3,3,3,3,3,3,3,3,3,3,3,3,3,3,3,3,3,3,3,3,3,3,3,3,3,3,3,3,3,3,3,3,3,3,3,3,3,3,3,3,3,3,3,3,3,3,3,3,3,3,3,3,3,3,3,3,3,3,3,3,3,3,3,3,3,3,3,3,3,3,3,3,3,3,3,3,3,
3,3,3,3,3,3,3,3,3,3,3,3,3,3,3,3,3,3,3,3,3,3,1,1,1,2,2,2,2,1,3,3,3,3,3,3,3,3,3,3,3,3,3,3,3,3,3,3,3,3,3,3,3,3,3,3,3,3,3,3,3,3,3,3,3,3,3,3,3,3,3,3,3,3,3,3,3,3,3,3,
3,3,3,3,3,3,3,3,3,3,3,3,3,3,3,3,3,3,3,3,3,3,1,0,0,2,2,2,2,1,1,3,3,3,3,3,3,3,3,3,3,3,3,3,3,3,3,3,3,3,3,3,3,3,3,3,3,3,3,3,3,3,3,3,3,3,3,3,3,3,3,3,3,3,3,3,3,3,3,3,
3,3,3,3,3,3,3,3,3,3,3,3,3,3,3,3,3,3,3,3,3,3,1,0,1,2,2,2,2,0,1,1,3,3,3,3,3,3,3,3,3,3,3,3,3,3,3,3,3,3,3,3,3,3,3,3,3,3,3,3,3,3,3,3,3,3,3,3,3,3,3,3,3,3,3,3,3,3,3,3,
3,3,3,3,1,1,1,1,1,1,1,3,3,3,3,3,3,3,3,3,3,1,1,0,0,0,2,2,2,2,0,1,1,3,3,3,3,3,3,3,3,3,3,3,3,3,3,3,3,3,3,3,3,3,3,3,3,3,3,3,3,3,3,3,3,3,3,3,3,3,3,3,3,3,3,3,3,3,3,3,
3,3,3,1,1,0,0,0,0,0,1,1,1,1,3,3,3,3,3,3,1,1,0,0,0,0,0,2,2,2,0,0,1,1,3,3,3,3,3,3,3,3,3,3,3,3,3,3,3,3,3,3,3,3,3,3,3,3,3,3,3,3,3,3,3,1,1,1,1,1,1,3,3,3,3,3,3,3,3,3,
3,3,3,1,0,1,0,0,1,0,0,0,0,1,1,3,3,3,3,1,1,0,1,0,0,0,0,0,0,0,0,0,1,1,1,3,3,3,3,3,3,3,3,3,3,3,3,3,3,3,3,3,3,3,3,3,3,3,3,3,3,3,1,1,1,1,0,1,0,0,1,1,1,1,1,1,1,1,1,1,
3,3,3,1,0,0,0,0,0,0,0,0,1,0,1,1,1,3,1,1,0,0,0,0,0,0,0,0,0,0,0,0,0,0,1,1,3,3,3,3,3,3,3,3,3,3,3,3,3,3,3,3,3,3,3,3,3,3,3,3,3,1,1,0,4,0,0,0,0,0,0,0,0,1,0,2,2,0,1,0,
3,3,1,1,0,0,0,0,0,0,0,0,0,0,0,0,1,1,1,0,1,0,0,0,0,0,2,2,2,2,0,0,0,0,0,1,3,3,3,3,3,3,3,3,3,3,3,3,3,3,3,3,3,3,3,3,3,3,3,3,3,1,0,0,0,0,0,0,0,0,0,0,0,0,0,0,0,0,0,0,
3,3,1,0,1,0,0,0,0,0,0,0,0,0,0,0,0,1,0,0,0,0,0,0,0,2,2,2,2,2,0,0,0,0,0,1,3,3,3,3,3,3,3,3,3,3,3,3,3,3,3,3,3,3,3,3,3,3,3,3,3,1,1,1,1,1,0,0,0,0,0,0,0,0,0,0,0,0,0,0,
3,3,1,0,0,0,0,0,0,0,2,2,2,2,2,0,0,0,0,0,0,0,0,0,0,2,2,2,2,2,0,0,0,0,0,1,3,3,3,3,3,3,3,3,3,3,3,3,3,3,3,3,3,3,3,3,3,3,3,3,3,3,3,3,3,1,0,0,0,0,0,0,0,0,0,0,0,0,0,0,
3,3,0,0,0,0,0,0,0,1,2,2,2,2,2,2,0,0,0,0,0,0,0,0,2,2,2,2,2,0,0,0,0,0,1,1,3,3,3,3,3,3,3,3,3,3,3,3,3,3,3,3,3,3,3,3,3,3,3,3,3,3,3,3,3,1,0,0,0,0,1,0,0,0,0,1,1,1,1,1,
3,3,0,0,0,0,0,0,2,2,2,2,2,2,2,2,0,0,0,0,0,0,0,2,2,2,2,2,0,0,0,0,0,0,1,1,3,3,3,3,3,3,3,3,3,3,3,3,3,3,3,3,3,3,3,3,3,3,3,3,3,3,1,1,1,1,0,0,0,0,0,0,1,1,1,1,3,3,3,3,
3,3,0,0,0,0,0,0,2,2,2,2,2,2,2,2,0,0,0,0,0,0,0,2,2,2,2,2,0,0,0,0,0,1,1,3,3,3,3,3,3,3,3,3,3,3,3,3,3,3,3,3,3,3,1,1,1,1,1,1,3,1,1,0,1,0,0,0,0,0,0,1,1,3,3,3,3,3,3,3,
3,3,0,0,0,0,0,2,2,2,2,2,2,2,2,2,2,0,0,0,0,0,0,2,2,2,2,2,0,0,0,0,0,1,3,3,3,3,3,3,3,3,3,3,3,3,3,3,3,3,3,3,3,3,1,0,0,0,0,1,1,1,0,0,0,0,0,0,0,1,1,1,3,3,3,3,3,3,3,3,
3,3,1,0,0,0,0,2,2,2,2,2,2,2,2,2,2,2,0,0,0,1,0,0,2,2,2,2,0,0,0,0,0,1,3,3,3,3,3,3,3,3,3,3,3,3,3,3,3,3,3,3,3,1,1,0,0,1,0,0,0,0,0,0,0,0,0,0,0,1,3,3,3,3,3,3,3,3,3,3,
3,3,1,0,0,0,0,2,2,2,2,2,2,2,2,2,2,2,2,0,0,0,0,0,2,2,2,2,2,0,0,0,0,1,3,3,3,3,3,3,3,3,3,3,3,3,3,3,3,3,3,3,3,1,0,0,0,0,0,0,0,0,0,0,0,0,0,0,1,1,3,3,3,3,3,3,3,3,3,3,
3,3,1,1,1,0,0,0,2,2,2,2,2,2,2,2,2,2,2,0,0,0,0,0,0,2,2,2,2,0,0,0,0,1,1,3,3,3,3,3,3,3,3,3,3,3,3,3,3,3,3,3,3,1,0,1,0,0,0,0,0,0,0,0,0,0,0,1,1,3,3,3,3,3,3,3,3,3,3,3,
3,3,3,1,1,0,0,0,0,2,2,2,2,2,2,2,2,2,2,0,0,0,0,0,0,0,2,2,2,2,0,0,0,1,1,1,3,3,3,3,3,3,3,3,3,3,3,3,3,3,3,3,3,1,0,0,0,0,0,0,0,0,0,0,0,0,1,1,3,3,3,3,3,3,3,3,3,3,3,3,
3,3,3,3,1,0,0,0,0,2,2,2,2,2,2,2,2,2,2,2,0,4,0,0,0,0,2,2,2,2,0,0,0,0,0,1,3,3,3,3,3,3,1,1,1,1,1,2,2,2,2,1,1,1,0,0,0,0,0,0,0,0,0,1,1,1,1,3,3,3,3,3,3,3,3,3,3,3,3,3,
3,3,3,3,1,1,1,0,0,0,2,2,2,2,2,2,2,2,2,2,0,0,0,0,0,0,2,2,2,2,2,0,0,0,0,1,3,3,3,3,3,3,1,0,0,0,1,2,2,2,2,0,0,0,0,0,0,0,0,0,0,1,1,1,1,3,3,3,3,3,3,3,3,3,3,3,3,3,3,3,
3,3,3,3,3,1,1,0,0,0,0,2,2,2,2,2,2,2,2,2,2,0,0,0,0,2,2,2,2,2,2,0,0,0,0,1,3,3,3,3,3,3,1,0,1,4,2,2,2,2,2,0,0,0,0,0,0,0,0,0,1,1,3,3,3,3,3,3,3,3,3,3,3,3,3,3,3,3,3,3,
3,3,3,3,3,3,1,1,0,0,0,2,2,2,2,0,0,2,2,2,2,2,0,0,1,2,2,2,2,2,2,2,0,0,0,1,1,1,3,3,3,1,1,0,0,0,2,2,2,2,2,0,0,0,0,0,1,1,1,1,1,3,3,3,3,3,3,3,3,3,3,3,3,3,3,3,3,3,3,3,
3,3,3,3,3,3,3,1,1,0,0,0,2,2,0,0,0,0,2,2,2,2,2,0,2,2,2,2,2,2,2,2,0,0,0,0,0,1,1,3,3,1,0,1,0,2,2,2,2,2,0,1,0,0,0,1,1,3,3,3,3,3,3,3,3,3,3,3,3,3,3,3,3,3,3,3,3,3,3,3,
3,3,3,3,3,3,3,1,1,0,0,0,0,0,0,0,0,0,2,2,2,2,2,2,2,2,2,2,2,2,2,2,2,0,0,0,0,1,1,3,3,1,0,0,0,2,2,2,2,2,0,0,0,0,0,1,3,3,3,3,3,3,3,3,3,3,3,3,3,3,3,3,3,3,3,3,3,3,3,3,
3,3,3,3,3,3,3,3,1,1,0,0,0,0,0,0,0,0,0,2,2,2,2,2,2,2,2,2,2,2,2,2,2,1,0,0,0,0,1,3,3,1,0,0,2,2,2,2,2,2,0,0,0,0,0,1,3,3,3,3,3,3,3,1,1,1,3,3,3,3,3,3,3,3,3,3,3,3,3,3,
3,3,3,3,3,3,3,3,3,1,1,0,0,0,0,0,1,0,0,2,2,2,2,2,2,2,2,2,2,2,2,2,2,2,0,0,0,0,1,3,1,1,0,0,2,2,2,2,2,0,0,0,0,0,0,1,3,3,3,3,3,3,1,1,0,1,1,3,3,3,3,3,3,3,3,3,3,3,3,3,
3,3,3,3,3,3,3,3,3,3,1,1,0,0,0,0,0,0,2,2,2,2,2,2,2,2,2,2,2,2,2,2,2,2,2,0,0,0,1,1,1,0,0,0,2,2,2,2,2,0,0,0,0,0,0,1,3,3,3,1,1,1,1,0,1,0,1,3,3,3,3,3,3,3,3,3,3,3,3,3,
3,3,3,3,3,3,3,3,3,3,1,1,0,0,0,0,0,0,2,2,2,2,2,2,2,1,1,2,2,2,2,2,2,2,2,2,0,0,0,0,0,0,0,2,2,2,2,2,0,0,0,0,0,0,1,1,3,3,3,1,0,0,0,0,0,0,1,3,3,3,3,3,3,3,3,3,3,3,3,3,
3,3,3,3,3,3,3,3,3,3,3,1,0,0,0,0,0,0,2,2,2,2,2,2,2,1,1,2,2,2,2,2,2,2,2,2,1,0,0,0,0,0,0,2,2,2,2,2,0,0,0,0,0,0,0,1,3,3,3,1,0,1,0,0,0,0,1,3,3,3,3,3,3,3,3,3,3,3,3,3,
3,3,3,3,3,3,3,3,3,3,3,1,1,0,0,0,0,0,0,2,2,2,2,2,2,2,2,2,2,2,2,2,2,2,2,2,2,0,0,0,0,0,0,2,2,2,2,2,0,1,0,0,0,0,1,1,3,3,3,1,0,0,4,0,1,0,1,3,3,3,3,3,3,3,3,3,3,3,3,3,
3,3,3,3,3,3,3,3,3,3,3,1,1,0,0,0,0,0,0,2,2,2,2,2,2,2,2,2,2,2,2,2,2,2,2,2,2,0,0,0,0,0,2,2,2,2,2,2,2,0,0,0,0,0,1,3,3,3,3,1,4,0,0,0,0,0,1,3,3,3,3,3,3,3,3,3,3,3,3,3,
3,3,3,3,3,3,3,3,3,3,3,3,1,0,0,0,1,0,0,0,0,2,2,2,2,2,2,2,2,2,2,2,2,2,2,2,2,2,0,0,0,1,2,2,2,2,2,2,2,0,0,0,0,0,1,3,3,3,1,1,0,0,0,0,0,0,1,3,3,3,3,3,3,3,3,3,3,3,3,3,
3,3,3,3,3,3,3,3,3,3,3,1,1,0,0,0,0,0,0,0,0,2,2,2,2,2,2,2,2,2,2,2,2,2,2,2,2,2,0,0,0,0,2,2,2,2,2,2,2,0,0,0,0,1,1,3,3,3,1,0,1,0,0,0,0,1,1,3,3,3,3,3,3,3,3,3,3,3,3,3,
3,3,3,3,3,3,3,3,3,3,3,1,0,0,0,0,0,0,0,2,2,2,2,2,2,2,2,2,0,0,0,2,2,2,2,2,2,2,0,0,0,0,2,2,2,2,2,2,2,0,0,0,0,1,3,3,3,3,1,0,0,0,0,0,0,1,3,3,3,3,3,3,3,3,3,3,3,3,3,3,
3,3,3,3,3,3,3,3,3,3,3,1,0,0,0,0,0,0,2,2,2,2,2,2,2,2,2,0,0,0,1,2,2,2,2,2,2,2,0,0,0,0,2,2,2,2,2,2,2,0,0,0,0,1,3,3,3,3,1,1,0,0,0,0,0,1,3,3,3,3,3,3,3,3,3,3,3,3,3,3,
3,3,3,3,3,3,3,3,3,3,3,1,0,1,0,0,0,2,2,2,2,2,2,2,2,2,2,0,0,0,0,2,2,2,2,2,2,0,0,0,0,0,2,2,2,2,2,2,0,0,0,0,0,1,1,3,3,3,3,1,0,0,0,0,0,1,3,3,3,3,3,3,3,3,3,3,3,3,3,3,
3,3,3,3,3,3,3,3,3,3,3,1,0,2,2,0,0,2,2,2,2,2,2,2,2,2,2,2,1,0,0,2,2,2,2,2,0,0,0,0,0,0,0,2,2,2,2,2,0,0,0,0,0,0,1,1,3,3,1,1,0,1,0,0,2,2,3,3,3,3,3,3,3,3,3,3,3,3,3,3,
3,3,3,3,3,3,3,3,3,3,3,2,2,2,2,0,0,2,2,2,2,2,2,2,2,2,2,2,0,0,0,0,2,2,0,0,0,0,0,0,0,0,0,1,2,2,2,2,1,0,0,0,0,0,1,1,1,1,1,0,0,0,0,2,2,2,3,3,3,3,3,3,3,3,3,3,3,3,3,3,
3,3,3,3,3,3,3,3,3,3,3,2,2,2,2,0,0,2,2,2,0,0,0,2,2,2,2,2,2,0,0,0,0,0,0,1,0,0,0,0,0,0,0,0,2,2,2,2,0,0,0,0,0,0,0,0,0,0,0,0,0,0,0,2,2,2,3,3,3,3,3,3,3,3,3,3,3,3,3,3,
3,3,3,3,3,3,3,3,3,3,3,2,2,2,2,0,0,2,2,0,0,1,0,0,2,2,2,2,2,2,2,0,0,0,0,0,0,0,0,0,1,0,0,0,2,2,2,2,2,0,0,0,0,0,0,0,0,0,0,0,0,0,2,2,2,2,3,3,3,3,3,3,3,3,3,3,3,3,3,3,
3,3,3,3,3,3,3,3,3,3,3,2,2,2,2,0,0,0,0,0,0,0,0,0,2,2,2,2,2,2,2,2,0,0,0,0,0,0,0,0,0,0,0,2,2,2,2,2,2,0,0,0,0,0,0,0,0,0,0,0,0,2,2,2,2,1,3,3,3,3,3,3,3,3,3,3,3,3,3,3,
3,3,3,3,3,3,3,3,3,3,3,2,2,1,0,0,0,0,0,0,0,0,0,0,0,0,2,2,2,2,2,2,2,0,0,0,0,2,2,2,2,2,2,2,2,2,2,2,2,1,0,0,0,0,0,0,0,0,0,0,2,2,2,2,2,1,3,3,3,3,3,3,3,3,3,3,3,3,3,3,
3,3,3,3,3,3,3,3,3,3,3,1,0,0,0,0,0,0,0,0,0,0,0,0,0,1,2,2,2,2,2,2,2,2,0,0,2,2,2,2,2,2,2,2,2,2,2,2,2,2,0,0,1,2,2,0,0,2,2,2,2,2,2,2,0,1,3,3,3,3,3,3,3,3,3,3,3,3,3,3,
3,3,3,3,3,3,3,3,3,3,1,1,0,0,0,0,0,0,0,0,0,0,0,0,0,0,2,2,2,2,2,2,2,2,0,0,2,2,2,2,2,2,2,2,2,2,2,2,2,2,0,0,2,2,2,0,0,2,2,2,2,2,2,2,0,1,3,3,3,3,3,3,3,3,3,3,3,3,3,3,
3,3,3,3,3,3,3,3,3,3,1,0,0,0,0,0,0,0,1,0,0,0,0,1,0,0,2,2,2,2,2,2,2,2,0,0,2,2,2,2,2,2,2,2,2,2,2,2,2,2,2,2,2,2,2,0,0,2,2,2,2,2,2,1,0,1,3,3,3,3,3,3,3,3,3,3,3,3,3,3,
3,3,3,3,3,3,3,3,1,1,1,0,0,0,0,0,0,0,0,0,0,0,0,0,0,2,2,2,2,2,2,2,2,2,0,0,2,2,2,2,2,2,2,2,2,2,2,2,2,2,2,2,2,2,2,0,0,2,2,2,2,2,2,0,0,1,3,3,3,3,3,3,3,3,3,3,3,3,3,3,
3,3,3,3,3,3,3,1,1,0,0,0,0,0,0,0,0,0,0,0,0,0,0,2,2,2,2,2,2,2,2,2,2,2,0,0,2,2,0,0,1,2,2,2,2,2,2,2,2,2,2,2,2,2,2,0,0,2,2,2,2,2,0,0,0,1,1,3,3,3,3,3,3,3,3,3,3,3,3,3,
3,3,3,3,3,3,1,1,0,1,0,0,0,0,0,0,0,0,0,0,0,0,2,2,2,2,2,2,2,2,0,1,0,0,0,0,0,0,0,0,0,0,2,2,2,2,2,2,2,2,2,2,2,2,2,0,0,2,2,2,0,0,1,0,0,0,1,1,3,3,3,3,3,3,3,3,3,3,3,3,
3,3,3,3,3,1,1,0,0,0,0,0,0,0,2,2,2,0,0,0,0,0,2,2,2,2,2,2,2,0,0,0,0,0,0,0,0,0,0,0,0,0,0,0,0,0,0,2,2,2,2,2,2,0,0,0,0,0,0,0,0,0,0,0,0,0,1,1,1,3,3,3,3,3,3,3,3,3,3,3,
3,3,3,3,1,1,0,1,0,0,0,0,0,2,2,2,2,2,0,0,1,0,2,2,2,2,2,2,0,0,0,0,0,0,0,0,0,0,0,0,0,0,0,0,0,0,1,0,0,2,2,2,2,2,1,0,0,0,0,0,1,0,0,0,0,0,0,0,1,3,3,3,3,3,3,3,3,3,3,3,
3,3,3,1,1,0,0,0,0,0,0,0,2,2,2,2,2,2,0,0,0,0,0,2,2,2,2,0,1,0,0,0,0,0,0,0,0,0,0,0,0,0,0,0,0,0,0,0,0,0,2,2,2,2,2,0,0,0,0,0,0,0,0,0,0,0,0,1,1,3,3,3,3,3,3,3,3,3,3,3,
3,3,3,1,0,1,0,0,0,0,0,2,2,2,2,2,2,2,2,2,2,0,0,2,2,2,2,0,0,0,0,0,0,1,1,1,0,0,1,1,1,0,0,0,0,0,0,0,0,0,0,2,2,2,2,2,0,0,0,0,0,0,0,0,0,0,1,1,1,3,3,3,3,3,3,3,3,3,3,3,
3,3,3,1,0,0,0,0,0,0,1,2,2,2,2,2,2,2,2,2,2,2,2,2,2,2,2,0,0,0,0,0,1,1,3,1,1,1,1,3,1,1,1,0,0,0,0,0,0,0,0,0,2,2,2,2,0,0,0,0,0,0,0,0,0,1,1,1,3,3,3,3,3,3,3,3,3,3,3,3,
3,3,3,1,0,0,0,0,0,0,2,2,2,2,2,2,2,2,2,2,2,2,2,2,2,2,2,0,0,0,0,0,1,3,3,3,3,3,3,3,3,3,1,1,0,0,0,0,0,0,0,0,1,2,2,2,0,0,0,0,0,0,0,0,1,1,1,3,3,3,3,3,3,3,3,3,3,3,3,3,
3,3,1,1,0,1,0,0,0,2,2,2,2,2,2,2,2,2,2,2,2,2,2,2,2,2,0,0,0,0,0,0,1,3,3,3,3,3,3,3,3,3,3,1,1,0,0,0,0,0,0,0,2,2,2,2,1,0,0,0,0,1,0,1,1,1,3,3,3,3,3,3,3,3,3,3,3,3,3,3,
3,3,1,0,0,0,0,0,2,2,2,2,2,2,2,2,2,2,2,1,0,0,2,2,2,2,0,0,0,0,0,1,1,3,3,3,3,3,3,3,3,3,3,3,3,1,0,0,0,0,0,2,2,2,2,2,0,0,0,0,0,0,0,1,1,3,3,3,3,3,3,3,3,3,3,3,3,3,3,3,
3,3,1,0,0,0,0,0,2,2,2,2,2,2,2,4,4,0,0,0,0,4,4,0,0,0,0,0,0,1,1,1,3,3,3,3,3,3,3,3,3,3,3,3,3,3,1,0,0,0,0,0,0,0,0,0,0,0,0,0,0,0,1,1,3,3,3,3,3,3,3,3,3,3,3,3,3,3,3,3,
3,3,1,1,0,0,0,0,2,2,2,2,2,2,2,2,2,2,2,0,0,4,0,0,4,0,0,0,0,1,3,3,3,3,3,3,3,3,3,3,3,3,3,3,3,3,3,1,1,0,0,0,0,0,0,0,0,0,0,0,0,1,1,3,3,3,3,3,3,3,3,3,3,3,3,3,3,3,3,3,
3,3,1,0,0,0,0,0,2,2,2,2,2,2,2,2,2,2,2,2,0,0,0,0,0,0,0,0,0,1,1,1,3,3,3,3,3,3,3,3,3,3,3,3,3,3,3,3,1,1,0,2,2,2,2,0,0,0,0,0,0,1,3,3,3,3,3,3,3,3,3,3,3,3,3,3,3,3,3,3,
3,3,1,0,0,0,0,0,2,2,2,2,2,2,2,2,2,2,2,2,2,2,0,0,0,0,0,0,0,0,0,1,1,3,3,3,3,3,3,3,3,3,3,3,3,3,3,3,3,1,0,2,2,2,2,0,0,0,0,0,0,1,3,3,3,3,3,3,3,3,3,3,3,3,3,3,3,3,3,3,
3,3,1,0,0,0,0,0,2,2,2,2,1,2,2,2,2,2,2,2,2,2,2,2,0,0,0,0,0,0,0,1,1,3,3,3,3,3,3,3,3,3,3,3,3,3,3,3,3,1,0,1,2,2,2,0,0,0,1,0,1,1,3,3,3,3,3,3,3,3,3,3,3,3,3,3,3,3,3,3,
3,3,1,0,1,0,0,0,2,2,2,2,0,0,2,2,2,2,2,2,2,2,2,2,2,2,0,0,0,0,0,0,1,1,3,3,3,3,3,3,3,3,3,3,3,3,3,3,3,1,1,1,2,2,2,1,1,1,1,1,1,1,3,3,3,3,3,3,3,3,3,3,3,3,3,3,3,3,3,3,
3,3,1,1,0,0,0,0,2,2,2,2,2,1,0,0,2,2,2,2,2,2,2,2,2,2,2,0,0,0,0,0,0,1,1,3,3,3,3,3,3,3,3,3,3,3,3,3,3,3,3,3,3,3,3,3,3,3,3,3,3,3,3,3,3,3,3,3,3,3,3,3,3,3,3,3,3,3,3,3,
3,3,3,1,1,0,0,0,0,2,2,2,2,2,0,0,1,2,2,2,2,2,2,2,2,2,2,0,0,0,0,0,0,0,1,3,3,3,3,3,3,3,3,3,3,3,3,3,3,3,3,3,3,3,3,3,3,3,3,3,3,3,3,3,3,3,3,3,3,3,3,3,3,3,3,3,3,3,3,3,
3,3,3,3,1,0,0,0,0,0,2,2,2,2,2,2,2,2,2,2,2,2,2,2,2,2,2,0,0,0,0,0,0,1,1,1,3,3,3,3,3,3,3,3,3,3,3,3,3,3,3,3,3,3,3,3,3,3,3,3,3,3,3,3,3,3,3,3,3,3,3,3,3,3,3,3,3,3,3,3,
3,3,3,3,1,1,1,0,0,0,0,2,2,2,2,2,2,2,2,2,2,2,2,2,0,0,0,0,0,0,0,0,0,0,0,1,1,3,3,3,3,3,3,3,3,3,3,3,3,3,3,3,3,3,3,3,3,3,3,3,3,3,3,3,3,3,3,3,3,3,3,3,3,3,3,3,3,3,3,3,
3,3,3,3,3,1,1,0,0,0,0,0,1,2,2,2,2,2,2,0,0,1,0,0,0,0,0,0,0,0,0,0,0,0,0,1,1,3,3,3,3,3,3,3,3,3,3,3,3,3,3,3,3,3,3,3,3,3,3,3,3,3,3,3,3,3,3,3,3,3,3,3,3,3,3,3,3,3,3,3,
3,3,3,3,3,3,1,1,0,0,0,0,0,0,0,2,2,2,0,0,0,0,0,0,0,0,0,0,0,0,0,0,0,1,1,1,3,3,3,3,3,3,3,3,3,3,3,3,3,3,3,3,3,3,3,3,3,3,3,3,3,3,3,3,3,3,3,3,3,3,3,3,3,3,3,3,3,3,3,3,
3,3,3,3,3,3,3,1,1,1,0,0,0,0,0,0,0,0,0,0,0,0,0,0,0,0,0,0,0,0,0,1,1,1,3,3,3,3,3,3,3,3,3,3,3,3,3,3,3,3,3,3,3,3,3,3,3,3,3,3,3,3,3,3,3,3,3,3,3,3,3,3,3,3,3,3,3,3,3,3,
3,3,3,3,3,3,3,3,3,3,1,1,1,0,0,0,0,0,0,0,0,0,0,0,0,0,0,0,0,1,1,1,3,3,3,3,3,3,3,3,3,3,3,3,3,3,3,3,3,3,3,3,3,3,3,3,3,3,3,3,3,3,3,3,3,3,3,3,3,3,3,3,3,3,3,3,3,3,3,3,
3,3,3,3,3,3,3,3,3,3,3,3,1,1,0,0,0,0,0,0,0,0,0,1,1,1,1,1,1,1,3,3,3,3,3,3,3,3,3,3,3,3,3,3,3,3,3,3,3,3,3,3,3,3,3,3,3,3,3,3,3,3,3,3,3,3,3,3,3,3,3,3,3,3,3,3,3,3,3,3,
3,3,3,3,3,3,3,3,3,3,3,3,3,1,1,1,0,0,0,0,0,1,1,1,1,3,3,3,3,3,3,3,3,3,3,3,3,3,3,3,3,3,3,3,3,3,3,3,3,3,3,3,3,3,3,3,3,3,3,3,3,3,3,3,3,3,3,3,3,3,3,3,3,3,3,3,3,3,3,3,
3,3,3,3,3,3,3,3,3,3,3,3,3,3,3,1,1,1,1,1,1,1,3,3,3,3,3,3,3,3,3,3,3,3,3,3,3,3,3,3,3,3,3,3,3,3,3,3,3,3,3,3,3,3,3,3,3,3,3,3,3,3,3,3,3,3,3,3,3,3,3,3,3,3,3,3,3,3,3,3,
3,3,3,3,3,3,3,3,3,3,3,3,3,3,3,3,3,3,3,3,3,3,3,3,3,3,3,3,3,3,3,3,3,3,3,3,3,3,3,3,3,3,3,3,3,3,3,3,3,3,3,3,3,3,3,3,3,3,3,3,3,3,3,3,3,3,3,3,3,3,3,3,3,3,3,3,3,3,3,3,
3,3,3,3,3,3,3,3,3,3,3,3,3,3,3,3,3,3,3,3,3,3,3,3,3,3,3,3,3,3,3,3,3,3,3,3,3,3,3,3,3,3,3,3,3,3,3,3,3,3,3,3,3,3,3,3,3,3,3,3,3,3,3,3,3,3,3,3,3,3,3,3,3,3,3,3,3,3,3,3

[event]
# to Goblin Camp
type=event
location=2,15,1,4
activate=on_trigger
hotspot=location
intermap=maps/goblin_camp.txt,52,15
tooltip=Goblin Camp

[event]
# Wind and crickets sound effect
type=event
location=0,0,1,1
activate=on_load
soundfx=soundfx/environment/wind_loop.ogg

[event]
# Raven sound effect
type=event
location=22,22,1,1
activate=on_load
soundfx=soundfx/environment/raven_loop.ogg

[event]
# River sound
type=event
location=13,21,1,1
activate=on_load
soundfx=soundfx/environment/river_loop.ogg

[event]
# River sound
type=event
location=27,32,1,1
activate=on_load
soundfx=soundfx/environment/river_loop.ogg

[event]
# River sound
type=event
location=29,13,1,1
activate=on_load
soundfx=soundfx/environment/river_loop.ogg

[event]
# River sound
type=event
location=17,43,1,1
activate=on_load
soundfx=soundfx/environment/river_loop.ogg

[event]
# River sound
type=event
location=15,65,1,1
activate=on_load
soundfx=soundfx/environment/river_loop.ogg

[event]
# River sound
type=event
location=25,57,1,1
activate=on_load
soundfx=soundfx/environment/river_loop.ogg

[event]
# River sound
type=event
location=35,49,1,1
activate=on_load
soundfx=soundfx/environment/river_loop.ogg

[event]
# River sound
type=event
location=53,64,1,1
activate=on_load
soundfx=soundfx/environment/river_loop.ogg

[event]
# River sound
type=event
location=46,43,1,1
activate=on_load
soundfx=soundfx/environment/river_loop.ogg

[event]
# River sound
type=event
location=60,49,1,1
activate=on_load
soundfx=soundfx/environment/river_loop.ogg

[event]
# River sound
type=event
location=48,29,1,1
activate=on_load
soundfx=soundfx/environment/river_loop.ogg

[event]
# Bird twitter
type=event
location=5,10,1,1
activate=on_load
soundfx=soundfx/environment/bird_twitter_loop.ogg

[event]
# Bird twitter
type=event
location=13,40,1,1
activate=on_load
soundfx=soundfx/environment/bird_twitter_loop.ogg

[event]
# Bird twitter
type=event
location=21,71,1,1
activate=on_load
soundfx=soundfx/environment/bird_twitter_loop.ogg

[event]
# Bird twitter
type=event
location=58,59,1,1
activate=on_load
soundfx=soundfx/environment/bird_twitter_loop.ogg

[event]
# Bird twitter
type=event
location=60,37,1,1
activate=on_load
soundfx=soundfx/environment/bird_twitter_loop.ogg

[event]
# Raven sound effect
type=event
location=40,44,1,1
activate=on_load
soundfx=soundfx/environment/raven_loop.ogg

[event]
# Raven sound effect
type=event
location=64,17,1,1
activate=on_load
soundfx=soundfx/environment/raven_loop.ogg

[event]
# Forrest owl sound effect
type=event
location=24,7,1,1
activate=on_load
soundfx=soundfx/environment/forest_owl_loop.ogg

[event]
# Forrest owl sound effect
type=event
location=7,54,1,1
activate=on_load
soundfx=soundfx/environment/forest_owl_loop.ogg

[event]
# Forrest owl sound effect
type=event
location=73,11,1,1
activate=on_load
soundfx=soundfx/environment/forest_owl_loop.ogg

[event]
# Forrest owl sound effect
type=event
location=43,27,1,1
activate=on_load
soundfx=soundfx/environment/forest_owl_loop.ogg

[event]
# Supplies
type=event
location=45,25,1,1
activate=on_trigger
hotspot=location
loot=loot/chest_level_2.txt
mapmod=object,45,25,99
repeat=false
soundfx=soundfx/wood_open.ogg
tooltip=Supplies

[event]
# Supplies
type=event
location=16,61,1,1
activate=on_trigger
hotspot=location
loot=loot/chest_level_2.txt
mapmod=object,16,61,97
repeat=false
soundfx=soundfx/wood_open.ogg
tooltip=Supplies

[event]
# Supplies
type=event
location=62,34,1,1
activate=on_trigger
hotspot=location
loot=loot/chest_level_2.txt
mapmod=object,62,34,97
repeat=false
soundfx=soundfx/wood_open.ogg
tooltip=Supplies

[event]
# to Lochport Cemetery
type=event
location=79,11,1,4
activate=on_trigger
hotspot=location
intermap=maps/lochport_cemetery.txt,2,7
tooltip=Lochport Cemetery

[event]
# Rain sound effect
type=event
location=0,0,1,1
activate=on_load
soundfx=soundfx/environment/rain.ogg

[enemy]
type=enemy
location=19,15,5,10
category=dungeon
level=2
number=2,3

[enemy]
type=enemy
location=13,31,6,10
category=goblin
level=2
number=2,3

[enemy]
type=enemy
location=15,45,7,8
category=goblin
level=2
number=2

[enemy]
type=enemy
location=3,60,5,7
category=goblin
level=2
number=2

[enemy]
type=enemy
location=11,71,8,5
category=goblin
level=2
number=2

[enemy]
type=enemy
location=27,67,5,7
category=goblin
level=2
number=2

[enemy]
type=enemy
location=30,52,12,4
category=dungeon
level=2
number=2,3

[enemy]
type=enemy
location=30,42,13,4
category=dungeon
level=2
number=2,3

[enemy]
type=enemy
location=33,27,11,7
category=dungeon
level=2
number=2

[enemy]
type=enemy
location=28,10,6,12
category=dungeon
level=2
number=2

[enemy]
type=enemy
location=55,53,6,12
category=undead
level=2
number=2,3

[enemy]
type=enemy
location=60,32,5,12
category=undead
level=2
number=2

[enemy]
type=enemy
location=53,18,10,7
category=undead
level=2
number=2

[enemy]
type=enemy
location=49,27,5,17
category=undead
level=2
number=2,3

[enemy]
type=enemy
location=63,11,5,7
category=undead
level=2
number=1,2

[enemy]
type=enemy
location=19,60,7,5
category=goblin
level=2
number=2

