[header]
width=60
height=80
tilewidth=64
tileheight=32
orientation=isometric
background_color=0,0,0,255
hero_pos=56,66
music=music/cave_theme.ogg
tileset=tilesetdefs/tileset_cave.txt
title=Mog Caverns

[tilesets]
tileset=../../../tiled/cave/tiled_collision.png,64,32,0,0
tileset=../../../tiled/cave/tiled_cave.png,64,128,0,0
tileset=../../../tiled/cave/set_rules.png,64,32,0,0
tileset=../../../tiled/cave/tiled_cave_2x2.png,128,64,0,16

[layer]
type=background
data=
0,0,0,0,0,0,0,0,0,0,0,0,0,0,0,0,0,0,0,0,0,0,0,0,0,0,0,0,0,0,0,0,0,0,0,0,0,0,0,0,0,0,0,0,0,0,0,17,18,19,16,17,57,0,0,0,0,0,0,0,
0,0,0,0,0,0,0,0,0,0,0,0,0,0,0,0,0,0,0,0,0,0,0,0,0,0,0,0,0,0,0,0,0,0,0,0,22,23,20,21,57,0,0,0,22,23,20,21,22,33,20,21,22,57,0,0,0,0,0,0,
0,0,0,0,0,0,0,0,26,27,24,25,57,0,0,0,0,0,0,0,0,0,0,0,0,0,0,0,0,0,0,0,0,0,0,25,26,27,24,25,26,57,24,25,26,27,24,25,26,33,24,25,26,27,57,0,0,0,0,0,
0,0,0,0,0,0,0,29,30,31,28,29,30,57,0,0,0,0,0,0,0,0,0,0,0,0,0,0,0,0,0,29,30,31,28,29,30,31,28,29,30,31,28,29,30,31,28,29,30,33,28,29,30,31,28,57,0,0,0,0,
0,0,0,0,0,0,0,17,18,19,16,17,18,19,57,0,0,0,0,17,18,19,16,17,18,19,16,17,18,19,16,17,18,19,16,32,32,32,32,32,32,32,32,32,32,32,42,32,32,46,32,32,32,44,32,32,57,0,0,0,
0,0,0,0,0,0,0,21,22,23,20,21,22,23,20,57,0,0,20,21,22,23,20,21,22,23,20,21,22,23,20,21,22,23,20,21,22,23,20,21,22,23,20,21,22,23,33,21,22,23,20,21,22,33,20,21,22,57,0,0,
0,0,0,0,0,0,0,25,26,27,24,25,26,27,24,25,57,27,24,25,26,27,24,25,26,27,24,25,26,27,24,25,26,27,24,25,26,27,24,25,26,27,24,25,26,27,39,32,32,44,32,32,32,38,24,25,26,27,0,0,
0,0,0,0,0,0,0,29,30,31,28,29,30,31,28,29,30,31,28,29,30,31,28,29,30,31,28,29,30,31,28,29,30,31,28,29,30,31,28,29,30,31,28,29,30,31,28,29,30,35,28,29,30,31,28,29,30,31,0,0,
0,0,0,0,0,0,16,17,18,19,16,17,18,19,16,17,18,19,16,17,18,19,16,17,18,19,16,17,18,19,16,17,18,19,16,17,18,19,16,17,18,19,16,17,18,19,16,36,32,38,16,17,18,19,16,17,18,19,0,0,
0,0,0,0,0,23,20,21,22,23,20,21,22,23,20,21,22,23,20,21,22,23,201,197,193,202,20,21,22,23,20,21,22,201,202,21,22,23,20,201,206,23,32,32,32,32,32,46,32,32,32,32,32,32,32,32,22,23,0,0,
0,0,0,0,0,27,24,25,26,27,24,25,205,206,24,25,26,27,24,25,26,201,209,216,217,210,206,25,26,27,24,25,201,209,210,202,26,27,201,209,210,202,24,25,26,27,24,25,26,27,24,25,26,27,24,25,26,27,0,0,
0,0,0,0,0,31,28,29,30,31,28,201,209,210,202,29,30,31,28,29,30,192,219,218,219,218,198,29,30,31,28,29,196,217,216,210,193,197,209,217,216,210,206,29,30,31,28,29,30,31,28,29,30,31,28,29,30,0,0,0,
0,0,0,0,18,19,16,17,18,19,205,209,217,216,210,193,202,19,16,17,201,209,217,216,217,211,203,17,18,19,16,201,209,219,218,219,218,219,218,219,218,219,210,193,197,206,16,17,18,19,16,17,18,19,16,17,0,0,0,0,
0,0,0,0,22,23,20,21,22,23,192,218,219,218,219,218,210,197,197,193,209,218,219,218,211,207,20,21,22,23,20,200,208,217,216,217,216,217,216,217,216,217,216,217,216,210,197,202,22,23,20,21,22,23,20,0,0,0,0,0,
0,0,0,25,26,27,24,25,26,27,196,216,217,216,217,216,217,216,217,216,217,216,217,211,207,27,24,25,26,27,24,25,196,219,218,219,218,219,218,219,218,219,218,211,199,199,208,210,206,27,24,25,26,27,24,0,0,0,0,0,
0,0,0,29,30,31,28,29,30,205,209,218,219,218,219,218,219,218,219,218,219,218,219,194,30,31,28,29,30,31,28,29,192,217,216,217,216,217,216,217,216,211,195,203,30,31,200,208,210,197,202,29,30,31,28,0,0,0,0,0,
0,0,0,17,18,19,16,17,18,200,208,216,217,216,217,216,217,216,217,216,217,216,217,198,18,19,16,17,18,19,16,205,209,219,218,219,218,219,218,219,211,203,55,17,18,19,50,196,216,217,194,17,18,19,16,57,0,0,0,0,
0,0,0,21,22,23,20,21,22,23,192,218,219,218,219,218,219,218,219,218,219,218,211,203,22,23,20,21,205,193,197,209,216,217,216,217,216,217,216,217,194,23,20,50,22,23,20,192,218,219,194,21,22,23,20,21,0,0,0,0,
0,0,24,25,26,27,24,25,26,27,192,216,217,216,217,216,217,216,217,216,217,216,198,25,26,27,24,25,192,219,218,219,218,219,218,219,218,219,218,219,194,27,24,25,26,27,24,196,216,217,194,25,26,27,24,25,0,0,0,0,
0,0,28,29,30,31,28,29,30,31,204,208,219,218,219,218,219,218,219,218,219,218,194,55,30,31,28,29,196,217,216,217,216,217,216,217,216,217,216,217,194,31,50,29,30,31,205,209,218,219,210,206,30,31,28,29,0,0,0,0,
0,0,56,17,18,19,16,17,18,19,16,200,208,216,217,216,217,216,217,216,217,216,198,53,52,19,16,201,209,219,218,219,218,219,218,219,218,219,218,219,198,19,16,17,18,19,192,217,216,217,216,194,18,19,16,17,0,0,0,0,
0,0,0,56,22,23,20,21,22,23,20,21,200,208,219,218,219,218,219,218,219,218,210,206,54,23,20,192,216,217,216,217,216,217,211,195,199,208,216,217,210,206,20,21,22,23,192,219,218,219,211,203,22,23,20,21,0,0,0,0,
0,0,0,25,26,27,24,25,26,27,24,25,26,200,208,216,217,216,217,216,217,216,217,210,197,202,24,192,218,219,218,219,218,211,207,50,26,200,208,211,199,207,24,25,26,27,192,217,216,211,203,25,26,27,24,25,0,0,0,0,
0,0,0,29,30,31,28,29,30,31,28,29,30,31,200,195,195,208,219,211,199,199,199,208,216,210,197,209,216,217,216,217,211,203,50,29,30,31,204,207,54,31,28,29,30,31,196,219,211,207,28,29,30,31,28,29,0,0,0,0,
0,0,0,17,18,19,16,17,18,19,16,17,18,19,16,17,18,204,195,207,18,19,16,200,208,219,218,219,218,219,218,219,194,19,16,17,18,19,16,17,18,19,16,17,18,19,192,217,194,19,16,17,18,19,16,0,0,0,0,0,
0,0,0,56,22,23,20,21,22,23,20,21,22,23,20,21,22,23,20,21,22,23,20,21,200,208,216,217,216,217,216,217,198,23,20,21,22,23,20,21,22,23,20,21,22,201,209,219,198,23,20,21,22,0,0,0,0,0,0,0,
0,0,0,0,56,27,24,25,26,27,24,25,26,27,24,25,26,27,205,197,202,27,24,25,26,192,218,219,218,219,218,219,194,27,24,25,26,27,24,25,26,27,24,25,26,192,216,217,198,27,24,25,26,0,0,0,0,0,0,0,
0,0,0,0,56,31,28,29,30,31,28,29,30,31,28,29,30,31,196,211,203,31,28,29,30,200,208,217,216,217,216,217,194,31,28,29,30,205,193,206,30,31,28,29,30,204,208,219,198,31,28,29,30,57,0,0,0,0,0,0,
0,0,0,0,0,56,16,17,18,19,16,17,18,19,16,17,18,19,204,203,18,19,16,17,18,19,192,219,218,219,218,219,194,52,16,17,18,204,208,194,18,19,16,17,18,19,192,217,194,19,16,17,18,19,0,0,0,0,0,0,
0,0,0,0,0,56,20,21,22,23,20,21,22,23,20,21,22,23,20,21,22,23,20,21,22,23,196,217,216,217,216,211,207,50,20,21,22,23,192,210,206,23,20,21,22,23,192,219,210,202,20,21,22,23,0,0,0,0,0,0,
0,0,0,0,0,0,56,25,26,27,24,25,26,27,24,25,26,27,24,25,26,27,24,25,26,27,204,208,218,219,218,198,26,27,24,25,26,27,192,216,210,202,24,25,26,27,196,217,216,194,24,25,26,27,0,0,0,0,0,0,
0,0,0,0,0,0,0,0,0,0,0,56,30,31,28,29,30,31,28,29,30,31,28,29,30,31,28,200,208,217,216,210,206,31,28,29,30,31,200,208,216,194,53,29,30,31,192,219,211,203,28,29,30,31,0,0,0,0,0,0,
0,0,0,0,0,0,0,0,0,0,0,0,56,19,16,17,18,19,16,17,18,19,0,0,0,56,16,17,192,219,218,219,198,19,16,17,18,19,16,200,208,210,202,17,18,201,209,217,194,19,16,17,18,19,0,0,0,0,0,0,
0,0,0,0,0,0,0,0,0,0,0,0,22,23,20,21,22,23,20,21,22,23,0,0,0,0,0,56,192,217,216,217,211,203,20,21,22,23,20,21,204,208,210,197,193,209,218,219,198,23,20,21,22,23,0,0,0,0,0,0,
0,0,0,0,0,0,0,0,0,0,0,0,26,27,24,25,26,27,24,25,26,27,0,0,0,0,0,16,196,219,218,219,198,0,0,56,26,27,24,25,26,192,216,217,216,217,216,217,198,27,24,25,26,0,0,0,0,0,0,0,
0,0,0,0,0,0,0,0,0,0,0,29,30,31,28,29,30,31,28,29,30,31,0,0,0,0,16,16,192,217,216,217,194,0,0,56,30,31,28,29,30,200,208,219,218,219,218,211,207,31,28,29,30,0,0,0,0,0,0,0,
0,0,0,0,0,0,0,0,0,0,0,17,18,19,16,17,18,19,16,17,18,0,0,0,0,0,16,201,209,219,218,219,194,0,0,0,56,19,16,17,18,49,200,208,216,217,216,194,18,19,16,17,18,0,0,0,0,0,0,0,
0,0,0,0,0,0,0,0,0,0,0,21,22,23,20,21,22,23,20,21,0,0,0,0,0,0,56,204,208,217,216,211,207,0,0,0,0,56,20,21,22,23,50,192,218,219,211,203,22,23,20,21,22,0,0,0,0,0,0,0,
0,0,0,0,0,0,0,0,0,0,0,25,26,27,24,25,26,27,24,25,0,0,0,0,0,0,0,56,192,219,218,194,0,0,0,0,0,56,50,25,26,27,24,204,208,217,194,25,26,27,24,25,0,0,0,0,0,0,0,0,
0,0,0,0,0,0,0,0,0,0,0,29,30,31,28,29,30,31,28,0,0,0,0,0,0,0,0,16,196,217,216,194,0,0,0,0,0,0,56,29,30,31,28,29,196,219,198,29,30,31,28,0,0,0,0,0,0,0,0,0,
0,0,0,0,0,0,0,0,0,0,0,56,18,19,16,17,18,19,16,0,0,0,0,0,0,0,0,16,192,219,218,194,57,0,0,0,0,0,56,54,18,19,16,17,200,208,194,17,18,19,16,0,0,0,0,0,0,0,0,0,
0,0,0,0,0,0,0,0,0,0,0,0,0,56,20,21,22,23,20,0,0,0,0,0,0,0,0,16,192,217,216,210,206,0,0,0,0,0,0,56,22,23,20,21,22,204,203,21,22,23,20,57,0,0,0,0,0,0,0,0,
0,0,0,0,0,0,0,0,0,0,0,0,0,56,24,25,26,27,0,0,0,0,0,0,0,0,0,56,200,208,218,219,198,57,0,0,0,0,0,0,56,27,24,25,55,27,24,25,26,27,24,25,0,0,0,0,0,0,0,0,
0,0,0,0,0,0,0,0,0,0,0,0,0,0,56,29,30,31,0,0,0,0,0,0,0,0,0,0,56,192,216,217,210,202,57,0,0,0,0,0,56,31,28,29,30,31,28,29,30,31,28,29,57,0,0,0,0,0,0,0,
0,0,0,0,0,0,0,0,0,0,0,0,0,0,0,56,18,19,0,0,0,0,0,0,0,0,0,0,16,192,218,219,218,210,202,0,0,0,0,0,0,56,16,17,18,19,16,17,18,19,16,17,18,57,0,0,0,0,0,0,
0,0,0,0,0,0,0,0,0,0,0,0,0,0,0,0,0,0,0,0,0,0,0,0,0,16,16,16,16,192,216,217,216,217,194,0,0,0,0,0,0,0,0,56,22,23,20,21,22,23,20,21,22,23,0,0,0,0,0,0,
0,0,0,0,0,0,0,0,0,0,0,0,0,0,0,0,0,0,0,0,0,0,0,0,16,16,201,193,197,209,218,219,218,219,194,0,0,0,0,0,0,0,0,0,0,56,24,25,26,27,24,25,26,27,57,0,0,0,0,0,
0,0,0,0,0,0,0,0,0,0,0,0,0,0,0,0,0,0,0,0,0,0,0,16,16,201,209,217,216,217,216,217,216,211,207,0,0,0,0,0,0,0,0,0,0,0,0,56,30,31,28,29,30,31,28,0,0,0,0,0,
0,0,0,0,0,0,0,0,0,0,0,0,0,0,0,0,0,0,0,0,0,0,16,16,201,209,218,219,218,219,218,219,211,207,0,0,0,0,0,0,0,0,0,0,0,0,0,0,0,56,16,17,18,19,16,0,0,0,0,0,
0,0,0,0,0,0,0,0,0,0,0,0,0,0,0,0,0,0,0,0,0,16,16,205,209,217,216,217,216,217,216,211,207,0,0,0,0,0,0,0,0,0,0,0,0,0,0,0,0,23,20,21,22,23,20,0,0,0,0,0,
0,0,0,0,0,0,0,0,0,0,0,0,0,0,0,0,0,0,0,0,0,16,205,209,218,219,211,195,195,195,195,203,0,0,0,0,0,0,0,0,0,0,0,0,0,0,0,0,0,27,24,25,26,27,24,0,0,0,0,0,
0,0,0,0,0,0,0,0,0,0,0,0,0,0,0,0,0,0,0,0,16,16,192,217,216,211,207,0,0,0,0,0,0,0,0,0,0,0,0,0,0,0,0,0,0,0,0,0,0,31,28,29,30,31,28,0,0,0,0,0,
0,0,0,0,0,0,0,0,0,0,0,0,0,0,0,0,0,0,0,0,16,201,209,219,218,194,0,0,0,0,0,0,0,0,0,0,0,0,0,0,0,0,0,0,0,0,0,0,18,19,16,17,18,19,16,0,0,0,0,0,
0,0,0,0,0,0,0,0,0,0,0,0,0,0,0,0,0,0,0,0,56,200,208,217,216,198,0,0,0,0,0,0,0,0,0,0,0,0,0,0,0,0,0,0,0,0,0,0,22,23,20,21,22,23,20,0,0,0,0,0,
0,0,0,0,0,0,0,0,0,0,0,0,0,0,0,0,0,0,0,0,0,56,196,219,218,194,57,0,0,0,0,0,0,0,0,0,0,0,0,0,0,0,0,0,0,0,0,0,26,27,24,25,26,27,0,0,0,0,0,0,
0,0,0,0,0,0,0,0,0,0,0,0,0,0,0,0,0,0,0,0,0,16,192,217,216,210,202,0,0,0,0,0,0,0,0,0,0,0,0,0,0,0,0,0,0,0,0,0,30,31,28,29,30,0,0,0,0,0,0,0,
0,0,0,0,0,0,0,0,0,0,0,0,0,0,0,0,0,0,0,0,0,56,200,208,218,219,198,57,0,0,0,0,0,0,0,0,0,0,0,0,0,0,0,0,0,0,0,0,18,19,16,17,18,0,0,0,0,0,0,0,
0,0,0,0,0,0,0,0,0,0,0,0,0,0,0,0,0,0,0,0,0,0,56,200,208,217,210,206,57,0,0,0,0,0,0,0,0,0,0,0,0,0,20,21,22,57,0,0,22,23,20,21,22,0,0,0,0,0,0,0,
0,0,0,0,0,0,0,0,0,0,0,0,0,0,0,0,0,0,0,0,0,0,0,56,196,219,218,210,202,57,0,0,0,0,0,0,0,0,0,0,0,27,24,25,26,27,57,25,26,27,24,25,26,0,0,0,0,0,0,0,
0,0,0,0,0,0,0,0,0,0,0,0,0,0,0,0,0,0,0,0,0,0,0,56,200,208,216,217,210,206,57,0,0,0,0,0,0,0,0,0,0,31,28,29,30,31,28,29,30,31,28,29,0,0,0,0,0,0,0,0,
0,0,0,0,0,0,0,0,0,0,18,19,16,17,57,0,0,0,0,0,0,0,0,0,56,204,208,219,218,210,206,0,0,0,0,0,0,0,0,0,0,19,16,17,18,19,16,50,18,19,16,17,0,0,0,0,0,0,0,0,
0,0,0,0,0,0,22,23,20,21,22,23,20,21,22,57,0,0,0,0,0,0,0,0,0,56,196,217,216,217,198,0,0,0,0,0,0,0,0,0,0,56,20,21,22,23,20,21,22,23,20,21,0,0,0,0,0,0,0,0,
0,0,0,0,0,25,26,27,24,25,26,27,24,25,26,27,0,0,0,0,0,0,0,0,0,16,192,219,218,219,198,57,0,0,0,0,0,0,0,0,0,0,56,54,26,27,24,25,26,27,24,25,57,0,0,0,0,0,0,0,
0,0,0,0,0,29,30,31,28,29,30,31,28,29,30,31,57,0,0,0,0,0,0,0,16,16,192,217,216,217,210,202,0,0,0,0,0,0,0,0,0,0,28,29,30,31,28,49,30,31,28,29,30,57,28,29,30,31,28,29,
0,0,0,0,16,17,18,19,16,17,18,19,16,17,18,19,16,57,0,0,0,0,16,16,16,205,209,219,218,219,218,194,57,0,0,0,0,0,0,0,0,0,16,17,18,19,53,17,18,19,16,17,18,19,16,17,18,19,16,17,
0,0,0,0,20,21,22,23,20,21,22,23,20,21,22,23,20,21,0,0,0,16,16,201,197,209,216,217,216,217,216,210,206,0,0,0,0,0,0,0,0,0,20,50,22,23,20,21,22,23,20,21,22,23,20,21,22,23,20,21,
0,0,0,0,24,25,26,27,24,25,26,27,24,25,26,27,24,25,0,16,16,16,205,209,218,219,218,219,218,219,218,219,194,0,0,0,0,0,0,0,0,0,56,25,26,27,24,25,26,27,24,25,26,27,24,25,26,27,24,25,
0,0,0,0,28,29,30,31,28,29,30,31,28,29,30,31,28,29,57,16,205,193,209,217,216,217,216,217,216,217,216,211,203,0,0,0,0,0,0,0,0,0,0,56,30,31,28,29,30,31,28,29,30,31,28,29,30,31,28,29,
0,0,0,0,56,17,18,19,16,17,18,19,16,17,18,19,16,17,18,205,209,219,218,219,211,195,195,195,199,195,195,207,0,0,0,0,0,0,0,0,0,0,0,0,0,56,16,17,18,19,16,17,18,19,16,17,18,19,0,0,
0,0,0,0,0,56,22,23,20,21,22,23,20,21,22,23,20,21,22,192,216,217,216,217,194,0,0,0,0,0,0,0,0,0,0,0,0,0,0,0,0,0,0,0,0,0,0,0,0,0,0,0,0,0,0,0,0,0,0,0,
0,0,0,0,0,25,26,27,24,25,26,27,24,25,26,27,24,25,26,196,218,219,218,219,194,0,0,0,0,0,0,0,0,0,0,0,0,0,0,0,0,0,0,0,0,0,0,0,0,0,0,0,0,0,0,0,0,0,0,0,
0,0,0,0,0,56,30,31,28,29,30,31,28,29,30,31,28,29,30,192,216,217,216,211,203,0,0,0,0,0,0,0,0,0,0,0,0,0,0,0,0,0,0,0,0,0,0,0,0,0,0,0,0,0,0,0,0,0,0,0,
0,0,0,0,0,0,56,19,16,17,18,19,16,17,18,19,16,17,18,196,218,219,218,198,0,0,0,0,0,0,0,0,0,0,0,0,0,0,0,0,0,0,0,0,0,0,0,0,0,0,0,0,0,0,0,0,0,0,0,0,
0,0,0,0,0,0,0,56,20,21,22,23,0,0,56,23,20,21,22,192,216,217,216,198,0,0,0,0,0,0,0,0,0,0,0,0,0,0,0,0,0,0,0,0,0,0,0,0,0,0,0,0,0,0,0,0,0,0,0,0,
0,0,0,0,0,0,0,0,0,0,0,0,0,0,0,56,24,25,26,192,218,219,211,207,0,0,0,0,0,0,0,0,0,0,0,0,0,0,0,0,0,0,0,0,0,0,0,0,0,0,0,0,0,0,0,0,0,0,0,0,
0,0,0,0,0,0,0,0,0,0,0,0,0,0,0,0,0,0,56,196,216,217,198,57,0,0,0,0,0,0,0,0,0,0,0,0,0,0,0,0,0,0,0,0,0,0,0,0,0,0,0,0,0,0,0,0,0,0,0,0,
0,0,0,0,0,0,0,0,0,0,0,0,0,0,0,0,0,0,16,196,218,219,194,16,0,0,0,0,0,0,0,0,0,0,0,0,0,0,0,0,0,0,0,0,0,0,0,0,0,0,0,0,0,0,0,0,0,0,0,0,
0,0,0,0,0,0,0,0,0,0,0,0,0,0,0,0,0,0,56,204,208,217,198,0,0,0,0,0,0,0,0,0,0,0,0,0,0,0,0,0,0,0,0,0,0,0,0,0,0,0,0,0,0,0,0,0,0,0,0,0,
0,0,0,0,0,0,0,0,0,0,0,0,0,0,0,0,0,0,0,56,192,219,194,0,0,0,0,0,0,0,0,0,0,0,0,0,0,0,0,0,0,0,0,0,0,0,0,0,0,0,0,0,0,0,0,0,0,0,0,0,
0,0,0,0,0,0,0,0,0,0,0,0,0,0,0,0,0,0,0,16,196,217,198,0,0,0,0,0,0,0,0,0,0,0,0,0,0,0,0,0,0,0,0,0,0,0,0,0,0,0,0,0,0,0,0,0,0,0,0,0

[layer]
type=object
data=
0,0,0,0,0,0,0,0,0,0,0,0,0,0,0,0,0,0,0,0,0,0,0,0,0,0,0,0,0,0,0,0,0,0,0,0,0,0,0,0,0,0,0,0,0,0,0,72,97,109,113,97,69,73,0,0,0,0,0,0,
0,0,0,0,0,0,0,0,0,0,0,0,0,0,0,0,0,0,0,0,0,0,0,0,0,0,0,0,0,0,0,0,0,0,0,0,98,69,113,101,113,73,0,0,114,65,65,84,0,130,0,0,0,81,77,0,0,0,0,0,
0,0,0,0,0,0,0,0,114,97,105,109,101,73,0,0,0,0,0,0,0,0,0,0,0,0,0,0,0,0,0,0,0,0,0,102,84,0,0,0,0,81,65,113,84,0,0,0,0,151,0,0,0,0,85,73,0,0,0,0,
0,0,0,0,0,0,0,98,103,135,150,0,135,119,73,0,0,0,0,0,0,0,0,0,0,0,0,0,0,0,0,72,109,101,113,80,0,0,0,0,0,0,0,0,0,0,0,0,0,0,0,0,0,0,0,119,73,0,0,0,
0,0,0,0,0,0,0,64,132,0,0,0,0,134,117,73,0,0,0,76,113,113,97,105,65,101,109,109,69,105,65,80,0,0,0,0,131,0,129,131,0,0,0,0,0,0,0,0,131,0,0,0,0,0,0,131,85,77,0,0,
0,0,0,0,0,0,0,104,0,0,111,162,0,0,0,121,73,0,114,80,0,0,0,0,0,0,0,0,0,0,0,0,0,0,0,0,0,0,0,0,0,0,0,0,0,0,130,110,0,0,0,0,111,0,0,0,0,121,73,0,
0,0,0,0,0,0,0,64,0,0,0,0,0,0,0,0,121,97,84,0,0,0,0,0,0,0,0,0,0,0,0,0,0,0,0,0,0,0,0,0,0,0,0,82,107,83,0,0,0,0,0,129,0,0,0,0,0,0,66,0,
0,0,0,0,0,0,0,68,152,0,0,0,0,0,0,0,0,0,0,0,0,0,0,0,0,0,0,0,0,0,0,0,0,0,0,0,0,0,0,0,0,0,0,106,0,104,0,0,0,128,0,0,0,0,0,0,0,0,70,0,
0,0,0,0,0,0,98,80,0,0,0,0,0,0,0,0,0,0,0,0,0,0,0,111,0,0,0,0,0,111,0,0,0,0,0,0,0,0,0,0,0,0,0,81,105,80,0,0,0,0,0,0,0,0,0,0,0,0,70,0,
0,0,0,0,0,72,80,135,0,0,0,0,0,0,0,0,0,0,0,0,0,0,0,0,0,0,0,0,0,0,0,0,0,0,0,134,82,116,0,0,0,0,129,0,0,0,0,0,0,0,0,0,0,129,129,0,0,0,70,0,
0,0,0,0,0,64,132,0,0,0,0,0,0,0,0,0,0,0,0,0,0,0,0,0,0,0,144,0,0,0,0,0,0,0,0,151,119,115,0,0,0,0,0,0,0,0,0,0,0,0,0,0,0,0,0,0,0,0,70,0,
0,0,0,0,0,96,0,0,0,0,0,0,0,146,149,0,0,0,0,0,0,0,0,0,0,0,152,0,0,0,0,0,0,0,0,0,0,134,0,0,0,0,0,0,0,0,0,0,0,0,0,0,0,0,0,0,0,82,78,0,
0,0,0,0,76,99,0,0,0,0,132,0,0,0,0,152,0,0,0,0,0,0,0,0,0,0,0,0,0,0,0,0,0,0,0,0,0,0,0,0,0,0,0,0,224,0,0,0,0,0,0,0,0,0,0,0,82,74,0,0,
0,0,0,0,104,0,0,0,110,0,0,0,0,0,0,0,0,0,0,0,0,0,0,0,0,133,0,0,0,0,0,0,0,0,0,0,0,0,0,0,0,0,0,0,232,0,0,0,0,0,0,0,0,0,0,82,78,0,0,0,
0,0,0,114,99,0,0,0,0,0,0,0,0,82,67,120,0,0,0,0,0,0,0,0,148,0,0,0,0,0,0,0,0,0,0,0,0,0,0,0,0,0,0,0,225,0,0,0,0,0,0,0,0,0,0,66,0,0,0,0,
0,0,0,64,0,0,0,0,0,0,134,0,0,66,0,64,0,0,82,67,83,0,0,132,134,0,0,0,0,0,0,0,0,0,0,0,0,0,0,0,0,0,0,0,132,133,133,135,0,0,152,0,0,0,0,70,0,0,0,0,
0,0,0,100,0,0,0,0,0,133,0,0,0,81,97,99,0,0,66,0,96,0,0,0,0,0,0,0,0,0,0,0,0,0,0,0,0,0,0,0,0,0,0,135,150,0,0,135,134,0,151,0,0,0,0,85,73,0,0,0,
0,0,0,64,151,0,0,0,0,0,0,0,0,0,0,0,0,0,121,101,80,0,0,133,0,0,0,0,0,0,0,0,0,0,0,0,0,0,0,0,0,134,133,0,0,0,135,0,134,0,0,0,0,0,0,0,70,0,0,0,
0,0,98,84,135,0,0,0,0,0,0,0,0,0,0,0,0,0,0,0,0,0,0,152,0,0,0,0,0,0,0,0,0,0,0,0,0,0,0,0,0,134,134,0,132,134,134,133,135,0,0,0,0,0,0,0,66,0,0,0,
0,0,68,150,0,0,0,0,0,0,0,0,0,0,82,67,83,0,0,0,0,0,0,0,135,0,0,0,135,0,0,0,0,0,0,0,0,0,0,0,0,134,0,0,134,0,0,0,0,0,0,135,0,0,0,0,66,0,0,0,
0,0,96,132,0,0,0,0,0,0,0,132,0,0,66,0,112,0,0,0,0,0,0,0,0,0,0,0,134,0,0,0,0,0,0,0,0,0,144,0,0,133,82,120,0,134,135,144,0,0,0,0,0,0,0,0,66,0,0,0,
0,0,79,120,147,146,148,0,0,0,0,0,133,0,117,65,80,0,0,0,0,0,0,151,0,0,0,146,149,0,0,0,0,0,134,0,0,135,146,0,0,0,121,99,0,132,0,0,0,0,0,0,0,0,0,0,66,0,0,0,
0,0,0,68,151,0,132,0,0,0,0,0,145,0,0,0,0,0,0,0,0,0,0,0,0,144,132,150,0,0,0,0,0,0,0,0,0,132,135,134,132,134,0,0,0,132,132,0,0,0,149,0,0,0,0,0,70,0,0,0,
0,0,0,64,134,0,0,0,0,0,0,149,147,150,134,0,0,0,0,0,0,0,0,0,0,0,0,0,0,0,0,0,0,135,0,0,0,0,0,0,0,133,0,0,0,132,151,0,0,151,0,0,0,0,0,0,66,0,0,0,
0,0,0,96,0,0,0,0,0,0,0,0,0,146,0,0,0,0,0,0,0,145,148,144,0,0,0,0,0,0,0,0,147,0,0,0,0,0,0,0,0,0,0,0,0,135,133,0,152,144,0,0,0,0,0,82,78,0,0,0,
0,0,0,100,133,132,0,0,0,0,0,0,0,0,0,0,0,0,0,0,0,163,0,147,151,0,0,0,0,0,0,0,146,0,0,0,0,0,0,0,0,0,0,0,0,148,0,0,0,0,0,0,0,82,67,74,0,0,0,0,
0,0,0,75,118,0,0,82,116,0,0,0,0,0,0,0,0,0,0,0,0,0,0,0,152,132,0,0,0,0,0,0,133,0,0,0,0,0,0,0,0,0,0,0,0,0,0,0,133,0,0,0,0,66,0,0,0,0,0,0,
0,0,0,0,112,134,0,117,99,0,0,0,0,0,110,0,0,0,134,111,0,0,0,0,0,0,0,0,0,0,0,0,132,0,133,111,0,133,0,0,0,0,0,0,0,134,135,0,0,134,0,0,0,117,73,0,0,0,0,0,
0,0,0,0,75,118,0,146,144,0,0,0,0,0,0,0,0,0,0,0,0,0,0,0,135,0,134,0,0,0,0,0,0,0,0,151,0,0,132,0,0,0,0,0,0,134,0,0,0,111,0,0,0,0,106,0,0,0,0,0,
0,0,0,0,0,112,0,0,153,0,0,0,0,0,0,0,0,0,0,0,0,0,0,0,0,0,0,0,0,0,0,134,132,0,0,0,0,0,0,0,135,0,0,0,163,135,135,146,0,0,0,0,0,0,70,0,0,0,0,0,
0,0,0,0,0,79,120,0,147,0,0,0,0,0,0,0,0,0,0,0,0,0,0,0,0,0,227,234,235,230,238,226,153,0,0,0,0,0,134,0,0,151,0,82,116,0,152,0,0,0,0,0,0,0,70,0,0,0,0,0,
0,0,0,0,0,0,75,67,67,71,67,87,144,0,0,0,0,0,0,0,0,0,0,0,0,132,0,0,0,0,0,135,0,152,0,0,0,0,0,0,0,0,0,121,115,0,135,0,0,0,0,0,0,0,70,0,0,0,0,0,
0,0,0,0,0,0,0,0,0,0,0,79,116,146,111,132,0,0,0,110,133,0,86,67,67,120,0,134,0,0,0,0,0,149,0,0,0,0,0,135,0,0,146,144,0,133,135,0,0,0,0,0,0,0,66,0,0,0,0,0,
0,0,0,0,0,0,0,0,0,0,0,0,112,144,135,0,0,0,0,150,0,0,66,0,0,75,67,120,0,0,0,0,0,0,0,0,0,0,0,0,0,0,0,0,0,0,0,0,0,0,0,0,0,0,66,0,0,0,0,0,
0,0,0,0,0,0,0,0,0,0,0,0,68,0,0,0,0,0,0,0,0,0,70,0,0,0,0,112,0,0,0,0,0,86,71,120,0,0,0,0,153,152,0,0,0,0,0,0,0,0,0,0,0,86,78,0,0,0,0,0,
0,0,0,0,0,0,0,0,0,0,0,102,84,0,0,0,0,0,0,0,0,0,66,0,0,0,72,80,132,0,0,0,0,66,0,112,0,0,0,0,150,0,0,0,0,0,0,0,132,0,0,0,0,70,0,0,0,0,0,0,
0,0,0,0,0,0,0,0,0,0,0,96,0,0,153,0,0,0,0,0,0,86,74,0,0,0,100,0,0,0,0,0,0,66,0,75,83,0,0,0,0,0,132,0,0,0,0,0,0,0,0,0,0,66,0,0,0,0,0,0,
0,0,0,0,0,0,0,0,0,0,0,108,0,0,0,0,0,0,0,0,82,78,0,0,0,0,68,0,0,133,0,0,0,66,0,0,75,116,0,0,0,0,0,0,0,0,0,0,0,0,0,0,0,66,0,0,0,0,0,0,
0,0,0,0,0,0,0,0,0,0,0,96,0,0,153,0,0,0,0,0,66,0,0,0,0,0,75,116,133,0,0,0,86,74,0,0,0,64,134,0,0,0,0,0,135,0,0,149,0,0,0,0,82,78,0,0,0,0,0,0,
0,0,0,0,0,0,0,0,0,0,0,100,0,0,0,0,0,0,0,82,78,0,0,0,0,0,0,112,0,0,132,0,66,0,0,0,0,75,116,0,0,0,0,0,0,0,0,0,0,0,0,86,74,0,0,0,0,0,0,0,
0,0,0,0,0,0,0,0,0,0,0,64,0,0,153,0,0,0,0,70,0,0,0,0,0,0,0,100,134,144,0,0,81,73,0,0,0,0,68,0,0,0,0,0,133,0,0,0,0,0,0,66,0,0,0,0,0,0,0,0,
0,0,0,0,0,0,0,0,0,0,0,79,71,118,0,0,0,0,0,70,0,0,0,0,0,0,0,96,0,0,0,0,0,66,0,0,0,0,75,87,0,0,0,0,110,144,0,0,0,0,0,121,73,0,0,0,0,0,0,0,
0,0,0,0,0,0,0,0,0,0,0,0,0,100,0,0,0,0,86,74,0,0,0,0,0,0,0,112,132,0,0,0,135,121,73,0,0,0,0,79,87,0,0,0,0,134,0,0,0,0,0,0,70,0,0,0,0,0,0,0,
0,0,0,0,0,0,0,0,0,0,0,0,0,75,83,0,0,0,66,0,0,0,0,0,0,0,0,79,118,0,0,0,0,0,85,73,0,0,0,0,112,0,0,0,0,0,0,0,0,0,0,0,85,77,0,0,0,0,0,0,
0,0,0,0,0,0,0,0,0,0,0,0,0,0,75,83,0,0,70,0,0,0,0,0,0,0,0,0,112,0,0,0,0,0,0,70,0,0,0,0,79,116,0,0,0,0,0,0,0,0,0,0,0,85,73,0,0,0,0,0,
0,0,0,0,0,0,0,0,0,0,0,0,0,0,0,75,67,67,74,0,0,0,0,0,0,98,113,113,80,0,0,0,0,0,0,66,0,0,0,0,0,79,71,83,0,0,0,0,0,0,0,0,0,0,66,0,0,0,0,0,
0,0,0,0,0,0,0,0,0,0,0,0,0,0,0,0,0,0,0,0,0,0,0,0,98,103,0,0,0,0,0,0,0,0,0,66,0,0,0,0,0,0,0,75,107,120,0,0,0,0,0,0,0,0,119,77,0,0,0,0,
0,0,0,0,0,0,0,0,0,0,0,0,0,0,0,0,0,0,0,0,0,0,0,72,99,0,0,0,0,0,0,0,0,0,0,66,0,0,0,0,0,0,0,0,0,75,67,116,0,0,0,0,0,0,0,70,0,0,0,0,
0,0,0,0,0,0,0,0,0,0,0,0,0,0,0,0,0,0,0,0,0,0,114,80,0,0,0,0,0,0,0,0,0,0,86,78,0,0,0,0,0,0,0,0,0,0,0,79,67,120,0,0,0,0,0,66,0,0,0,0,
0,0,0,0,0,0,0,0,0,0,0,0,0,0,0,0,0,0,0,0,0,98,115,0,0,0,0,0,0,0,0,0,0,82,78,0,0,0,0,0,0,0,0,0,0,0,0,0,0,112,0,0,0,0,0,66,0,0,0,0,
0,0,0,0,0,0,0,0,0,0,0,0,0,0,0,0,0,0,0,0,0,96,0,0,0,0,0,0,0,0,0,0,82,78,0,0,0,0,0,0,0,0,0,0,0,0,0,0,0,96,0,0,0,0,0,66,0,0,0,0,
0,0,0,0,0,0,0,0,0,0,0,0,0,0,0,0,0,0,0,0,76,80,0,0,0,0,0,82,67,67,71,67,78,0,0,0,0,0,0,0,0,0,0,0,0,0,0,0,0,112,0,0,0,0,0,66,0,0,0,0,
0,0,0,0,0,0,0,0,0,0,0,0,0,0,0,0,0,0,0,0,112,0,0,0,0,0,86,74,0,0,0,0,0,0,0,0,0,0,0,0,0,0,0,0,0,0,0,0,72,103,0,0,0,0,0,66,0,0,0,0,
0,0,0,0,0,0,0,0,0,0,0,0,0,0,0,0,0,0,0,0,112,0,0,0,0,0,66,0,0,0,0,0,0,0,0,0,0,0,0,0,0,0,0,0,0,0,0,0,108,0,0,0,0,0,0,70,0,0,0,0,
0,0,0,0,0,0,0,0,0,0,0,0,0,0,0,0,0,0,0,0,75,87,0,0,0,0,117,77,0,0,0,0,0,0,0,0,0,0,0,0,0,0,0,0,0,0,0,0,100,0,0,0,0,0,86,74,0,0,0,0,
0,0,0,0,0,0,0,0,0,0,0,0,0,0,0,0,0,0,0,0,0,68,0,0,0,0,0,66,0,0,0,0,0,0,0,0,0,0,0,0,0,0,0,0,0,0,0,0,64,0,0,0,0,86,78,0,0,0,0,0,
0,0,0,0,0,0,0,0,0,0,0,0,0,0,0,0,0,0,0,0,0,64,0,0,0,0,0,119,77,0,0,0,0,0,0,0,0,0,0,0,0,0,0,0,0,0,0,0,104,0,0,0,0,106,0,0,0,0,0,0,
0,0,0,0,0,0,0,0,0,0,0,0,0,0,0,0,0,0,0,0,0,75,116,0,0,0,0,0,119,77,0,0,0,0,0,0,0,0,0,0,0,0,98,97,69,69,73,0,96,0,0,0,0,70,0,0,0,0,0,0,
0,0,0,0,0,0,0,0,0,0,0,0,0,0,0,0,0,0,0,0,0,0,75,87,0,0,0,0,0,85,73,0,0,0,0,0,0,0,0,0,0,76,103,0,0,146,121,105,99,0,0,0,0,70,0,0,0,0,0,0,
0,0,0,0,0,0,0,0,0,0,0,0,0,0,0,0,0,0,0,0,0,0,0,100,0,0,0,0,0,0,85,73,0,0,0,0,0,0,0,0,0,96,0,145,0,148,135,151,0,0,0,0,82,78,0,0,0,0,0,0,
0,0,0,0,0,0,0,0,0,0,64,0,81,113,97,77,0,0,0,0,0,0,0,75,116,0,0,0,0,0,0,66,0,0,0,0,0,0,0,0,0,112,0,0,0,0,0,0,0,0,0,0,70,0,0,0,0,0,0,0,
0,0,0,0,0,0,102,97,113,105,99,0,0,0,149,119,73,0,0,0,0,0,0,0,79,116,0,0,0,0,0,66,0,0,0,0,0,0,0,0,0,64,152,135,110,0,0,111,0,0,0,0,66,0,0,0,0,0,0,0,
0,0,0,0,0,76,84,163,161,152,0,0,0,0,146,0,70,0,0,0,0,0,0,0,0,100,0,0,0,0,0,121,73,0,0,0,0,0,0,0,0,79,118,0,152,0,0,0,0,0,0,0,121,77,0,0,0,0,0,0,
0,0,0,0,0,112,161,162,146,144,0,0,0,0,133,152,121,73,0,0,0,0,0,0,98,103,0,0,0,0,0,0,66,0,0,0,0,0,0,0,0,0,68,0,0,0,160,0,0,0,0,0,0,121,97,105,101,109,69,97,
0,0,0,0,72,115,146,151,144,0,135,0,0,0,0,134,0,81,77,0,0,0,76,97,115,0,0,0,0,0,0,0,119,73,0,0,0,0,0,0,0,0,100,132,111,0,0,0,0,0,0,0,0,0,0,0,0,0,0,240,
0,0,0,0,104,151,153,0,134,110,0,0,0,0,0,0,0,0,70,0,0,98,115,0,0,0,0,0,0,0,0,0,0,70,0,0,0,0,0,0,0,0,108,0,0,0,0,0,0,0,0,0,0,0,0,0,0,0,0,240,
0,0,0,0,68,144,152,144,0,0,0,0,0,0,0,0,148,0,66,114,113,103,0,0,0,0,0,0,0,0,0,0,0,66,0,0,0,0,0,0,0,0,64,132,134,0,132,134,0,0,151,150,0,0,0,0,0,0,0,240,
0,0,0,0,64,161,163,147,0,0,0,0,0,0,0,0,0,147,117,115,0,0,0,0,0,0,0,0,0,0,0,0,0,70,0,0,0,0,0,0,0,0,75,116,135,132,0,0,0,147,149,153,146,0,0,0,0,0,0,240,
0,0,0,0,104,160,162,144,151,111,132,0,0,0,0,0,0,151,151,0,0,0,0,0,0,0,0,0,0,0,0,0,82,78,0,0,0,0,0,0,0,0,0,79,71,116,0,0,0,144,0,0,147,0,0,0,0,0,86,67,
0,0,0,0,75,87,163,162,146,134,0,0,0,0,0,0,0,0,149,0,0,0,0,0,0,86,67,67,71,71,67,71,74,0,0,0,0,0,0,0,0,0,0,0,0,75,67,67,67,71,71,71,67,67,67,107,67,67,78,0,
0,0,0,0,0,112,160,161,146,152,0,0,0,0,0,0,0,0,152,0,0,0,0,0,0,66,0,0,0,0,0,0,0,0,0,0,0,0,0,0,0,0,0,0,0,0,0,0,0,0,0,0,0,0,0,0,0,0,0,0,
0,0,0,0,0,64,163,160,163,150,144,0,0,0,0,0,0,0,153,0,0,0,0,0,0,66,0,0,0,0,0,0,0,0,0,0,0,0,0,0,0,0,0,0,0,0,0,0,0,0,0,0,0,0,0,0,0,0,0,0,
0,0,0,0,0,79,87,160,161,0,147,0,0,0,0,0,0,0,0,0,0,134,0,0,82,74,0,0,0,0,0,0,0,0,0,0,0,0,0,0,0,0,0,0,0,0,0,0,0,0,0,0,0,0,0,0,0,0,0,0,
0,0,0,0,0,0,75,87,0,0,146,0,86,67,83,133,0,0,0,227,234,230,0,0,66,0,0,0,0,0,0,0,0,0,0,0,0,0,0,0,0,0,0,0,0,0,0,0,0,0,0,0,0,0,0,0,0,0,0,0,
0,0,0,0,0,0,0,79,71,107,71,71,74,0,75,120,0,0,153,0,132,233,0,0,66,0,0,0,0,0,0,0,0,0,0,0,0,0,0,0,0,0,0,0,0,0,0,0,0,0,0,0,0,0,0,0,0,0,0,0,
0,0,0,0,0,0,0,0,0,0,0,0,0,0,0,79,71,67,120,0,0,233,0,86,74,0,0,0,0,0,0,0,0,0,0,0,0,0,0,0,0,0,0,0,0,0,0,0,0,0,0,0,0,0,0,0,0,0,0,0,
0,0,0,0,0,0,0,0,0,0,0,0,0,0,0,0,0,0,68,0,133,230,226,0,0,0,0,0,0,0,0,0,0,0,0,0,0,0,0,0,0,0,0,0,0,0,0,0,0,0,0,0,0,0,0,0,0,0,0,0,
0,0,0,0,0,0,0,0,0,0,0,0,0,0,0,0,0,0,64,0,0,0,0,82,0,0,0,0,0,0,0,0,0,0,0,0,0,0,0,0,0,0,0,0,0,0,0,0,0,0,0,0,0,0,0,0,0,0,0,0,
0,0,0,0,0,0,0,0,0,0,0,0,0,0,0,0,0,0,75,116,0,0,0,66,0,0,0,0,0,0,0,0,0,0,0,0,0,0,0,0,0,0,0,0,0,0,0,0,0,0,0,0,0,0,0,0,0,0,0,0,
0,0,0,0,0,0,0,0,0,0,0,0,0,0,0,0,0,0,0,100,0,0,0,66,0,0,0,0,0,0,0,0,0,0,0,0,0,0,0,0,0,0,0,0,0,0,0,0,0,0,0,0,0,0,0,0,0,0,0,0

[layer]
type=collision
data=
3,3,3,3,3,3,3,3,3,3,3,3,3,3,3,3,3,3,3,3,3,3,3,3,3,3,3,3,3,3,3,3,3,3,3,3,3,3,3,3,3,3,3,3,3,3,3,1,1,1,1,1,1,1,3,3,3,3,3,3,
3,3,3,3,3,3,3,3,3,3,3,3,3,3,3,3,3,3,3,3,3,3,3,3,3,3,3,3,3,3,3,3,3,3,3,3,1,1,1,1,1,1,3,3,1,1,1,1,0,4,0,0,0,1,1,3,3,3,3,3,
3,3,3,3,3,3,3,3,1,1,1,1,1,1,3,3,3,3,3,3,3,3,3,3,3,3,3,3,3,3,3,3,3,3,3,1,1,0,0,0,0,1,1,1,1,0,0,0,0,4,0,0,0,0,1,1,3,3,3,3,
3,3,3,3,3,3,3,1,1,0,4,0,0,1,1,3,3,3,3,3,3,3,3,3,3,3,3,3,3,3,3,1,1,1,1,1,0,0,0,0,0,0,0,0,0,0,0,0,0,0,0,0,0,0,0,1,1,3,3,3,
3,3,3,3,3,3,3,1,0,0,0,0,0,0,1,1,3,3,3,1,1,1,1,1,1,1,1,1,1,1,1,1,0,0,0,0,4,0,4,4,0,0,0,0,0,0,0,0,4,0,0,0,0,0,0,4,1,1,3,3,
3,3,3,3,3,3,3,1,0,0,1,4,0,0,0,1,1,3,1,1,0,0,0,0,0,0,0,0,0,0,0,0,0,0,0,0,0,0,0,0,0,0,0,0,0,0,4,1,0,0,0,0,1,0,0,0,0,1,1,3,
3,3,3,3,3,3,3,1,0,0,0,0,0,0,0,0,1,1,1,0,0,0,0,0,0,0,0,0,0,0,0,0,0,0,0,0,0,0,0,0,0,0,0,1,1,1,0,0,0,0,0,4,0,0,0,0,0,0,1,3,
3,3,3,3,3,3,3,1,4,0,0,0,0,0,0,0,0,0,0,0,0,0,0,0,0,0,0,0,0,0,0,0,0,0,0,0,0,0,0,0,0,0,0,1,3,1,0,0,0,4,0,0,0,0,0,0,0,0,1,3,
3,3,3,3,3,3,1,1,0,0,0,0,0,0,0,0,0,0,0,0,0,0,0,1,0,0,0,0,0,1,0,0,0,0,0,0,0,0,0,0,0,0,0,1,1,1,0,0,0,0,0,0,0,0,0,0,0,0,1,3,
3,3,3,3,3,1,1,0,0,0,0,0,0,0,0,0,0,0,0,0,0,0,2,2,2,2,0,0,0,0,0,0,0,2,2,0,1,1,0,2,2,0,4,0,0,0,0,0,0,0,0,0,0,4,4,0,0,0,1,3,
3,3,3,3,3,1,0,0,0,0,0,0,2,2,0,0,0,0,0,0,0,2,2,4,4,2,4,0,0,0,0,0,2,2,2,4,1,1,2,2,2,2,0,0,0,0,0,0,0,0,0,0,0,0,0,0,0,0,1,3,
3,3,3,3,3,1,0,0,0,0,0,2,2,4,1,0,0,0,0,0,0,2,4,4,4,4,4,0,0,0,0,0,2,4,4,2,2,2,2,4,4,2,2,0,0,0,0,0,0,0,0,0,0,0,0,0,0,1,1,3,
3,3,3,3,1,1,0,0,0,0,2,2,4,4,2,4,2,0,0,0,2,2,4,4,4,2,2,0,0,0,0,2,2,4,4,4,4,4,4,4,4,4,2,2,0,2,0,0,0,0,0,0,0,0,0,0,1,1,3,3,
3,3,3,3,1,0,0,0,1,0,2,4,4,4,4,4,2,2,2,2,2,4,4,4,2,2,0,0,0,0,0,2,2,4,4,4,4,4,4,4,4,4,4,2,0,2,2,2,0,0,0,0,0,0,0,1,1,3,3,3,
3,3,3,1,1,0,0,0,0,0,2,4,4,1,1,1,4,4,4,4,4,4,4,2,1,0,0,0,0,0,0,0,2,4,4,4,4,4,4,4,4,4,4,2,0,2,2,2,2,0,0,0,0,0,0,1,3,3,3,3,
3,3,3,1,0,0,0,0,0,2,2,4,4,1,3,1,4,4,1,1,1,4,4,2,0,0,0,0,0,0,0,0,2,4,4,4,4,4,4,4,4,2,2,2,0,0,2,2,2,2,4,0,0,0,0,1,3,3,3,3,
3,3,3,1,0,0,0,0,0,2,2,4,4,1,1,1,4,4,1,3,1,4,4,2,0,0,0,0,0,0,0,2,2,4,4,4,4,4,4,4,2,2,0,0,4,0,0,2,4,4,4,0,0,0,0,1,1,3,3,3,
3,3,3,1,4,0,0,0,0,0,2,4,4,4,4,4,4,4,1,1,1,4,2,2,0,0,0,0,2,2,2,2,4,4,4,4,4,4,4,4,2,0,0,0,0,0,0,2,4,4,2,0,0,0,0,0,1,3,3,3,
3,3,1,1,0,0,0,0,0,0,2,4,4,4,4,4,4,4,4,4,4,4,2,4,0,0,0,0,2,4,4,4,4,4,4,4,4,4,4,4,2,0,0,0,0,0,0,2,4,4,2,0,0,0,0,0,1,3,3,3,
3,3,1,4,0,0,0,0,0,0,2,2,4,4,1,1,1,4,4,4,4,4,2,0,0,0,0,0,2,4,4,4,4,4,4,4,4,4,4,4,2,0,0,0,0,0,2,2,4,4,2,2,0,0,0,0,1,3,3,3,
3,3,1,0,0,0,0,0,0,0,0,2,2,4,1,3,1,4,4,4,4,4,2,0,0,0,0,2,2,4,4,4,4,4,4,4,4,4,4,4,2,0,1,1,0,0,2,4,4,4,4,2,0,0,0,0,1,3,3,3,
3,3,1,1,4,4,1,0,0,0,0,0,2,2,1,1,1,4,4,4,4,4,2,4,0,0,0,4,1,4,4,4,4,4,2,2,2,2,4,4,2,2,1,1,0,0,2,4,4,4,2,2,0,0,0,0,1,3,3,3,
3,3,3,1,4,0,0,0,0,0,0,0,4,2,2,4,4,4,4,4,4,4,4,2,2,4,0,4,4,4,4,4,4,2,2,0,0,2,2,2,2,2,0,0,0,0,2,4,4,2,1,0,0,0,0,0,1,3,3,3,
3,3,3,1,0,0,0,0,0,0,0,1,4,4,2,2,2,2,4,2,2,2,2,2,4,2,2,2,4,4,4,4,2,2,0,0,0,0,2,2,0,0,0,0,0,0,4,4,2,4,0,0,0,0,0,0,1,3,3,3,
3,3,3,1,0,0,0,0,0,0,0,0,0,4,0,0,0,2,2,2,0,4,1,4,2,4,4,4,4,4,4,4,4,0,0,0,0,0,0,0,0,0,0,0,0,0,2,4,4,4,0,0,0,0,0,1,1,3,3,3,
3,3,3,1,0,0,0,0,0,0,0,0,0,0,0,0,0,0,0,0,0,4,0,4,4,2,4,4,4,4,4,4,4,0,0,0,0,0,0,0,0,0,0,0,0,1,2,4,2,0,0,0,0,1,1,1,3,3,3,3,
3,3,3,1,1,0,0,1,1,0,0,0,0,0,0,0,0,0,2,2,2,0,0,0,4,2,4,4,4,4,4,4,2,0,0,0,0,0,0,0,0,0,0,0,0,2,4,4,2,0,0,0,0,1,3,3,3,3,3,3,
3,3,3,3,1,0,0,1,1,0,0,0,0,0,1,0,0,0,2,1,2,0,0,0,0,2,2,4,4,4,4,4,2,0,0,1,0,2,2,2,0,0,0,0,0,2,2,4,2,0,0,0,0,1,1,3,3,3,3,3,
3,3,3,3,1,1,0,4,4,0,0,0,0,0,0,0,0,0,2,2,0,0,0,0,0,0,2,4,4,4,4,4,2,0,0,4,0,2,2,2,0,0,0,0,0,0,2,4,2,1,0,0,0,0,1,3,3,3,3,3,
3,3,3,3,3,1,0,0,1,0,0,0,0,0,0,0,0,0,0,0,0,0,0,0,0,0,2,2,2,2,2,2,2,0,0,0,0,0,2,2,2,0,0,0,4,0,2,4,2,2,0,0,0,0,1,3,3,3,3,3,
3,3,3,3,3,1,1,0,4,0,0,0,0,0,0,0,0,0,0,0,0,0,0,0,0,0,0,0,0,0,0,0,1,0,0,0,0,0,2,4,2,4,0,1,1,0,4,4,4,2,0,0,0,0,1,3,3,3,3,3,
3,3,3,3,3,3,1,1,1,1,1,1,4,0,0,0,0,0,0,0,0,0,0,0,0,0,0,2,2,2,2,2,2,4,0,0,0,0,2,2,4,2,0,1,1,0,2,4,2,2,0,0,0,0,1,3,3,3,3,3,
3,3,3,3,3,3,3,3,3,3,3,1,1,4,1,0,0,0,0,1,0,0,1,1,1,1,0,0,2,4,4,4,2,1,0,0,0,0,0,2,2,2,4,4,0,2,2,4,2,0,0,0,0,0,1,3,3,3,3,3,
3,3,3,3,3,3,3,3,3,3,3,3,1,4,0,0,0,0,0,4,0,0,1,3,3,1,1,1,2,4,4,4,2,2,0,0,0,0,0,0,2,2,2,2,2,2,4,4,2,0,0,0,0,0,1,3,3,3,3,3,
3,3,3,3,3,3,3,3,3,3,3,3,1,0,0,0,0,0,0,0,0,0,1,3,3,3,3,1,2,4,4,4,2,1,1,1,0,0,0,0,1,4,4,4,4,4,4,4,2,0,0,0,0,1,1,3,3,3,3,3,
3,3,3,3,3,3,3,3,3,3,3,1,1,0,0,0,0,0,0,0,0,0,1,3,3,3,1,1,2,4,4,4,2,1,3,1,0,0,0,0,4,2,2,4,4,4,4,2,2,0,0,0,0,1,3,3,3,3,3,3,
3,3,3,3,3,3,3,3,3,3,3,1,0,0,1,0,0,0,0,0,0,1,1,3,3,3,1,2,2,4,4,4,2,1,3,1,1,0,0,0,0,0,2,2,4,4,4,2,0,0,0,0,0,1,3,3,3,3,3,3,
3,3,3,3,0,0,0,0,0,0,0,1,0,0,0,0,0,0,0,0,1,1,3,3,3,3,1,2,2,4,4,2,2,1,3,3,1,1,0,0,0,0,0,2,4,4,2,2,0,0,0,0,0,1,3,3,3,3,3,3,
3,3,3,3,0,3,3,3,3,3,3,1,0,0,1,0,0,0,0,0,1,3,3,3,3,3,1,1,2,4,4,2,1,1,3,3,3,1,0,0,0,0,0,2,2,4,2,1,0,0,0,0,1,1,3,3,3,3,3,3,
3,3,3,3,0,3,3,3,3,3,3,1,0,0,0,0,0,0,0,1,1,3,3,3,3,3,3,1,2,4,4,2,1,3,3,3,3,1,1,0,0,0,0,0,2,4,2,0,0,0,0,1,1,3,3,3,3,3,3,3,
3,3,3,3,0,3,3,3,3,3,3,1,0,0,1,0,0,0,0,1,3,3,3,3,3,3,3,1,2,4,4,2,1,1,3,3,3,3,1,0,0,0,0,0,2,2,2,0,0,0,0,1,3,3,3,3,3,3,3,3,
3,3,3,3,0,3,3,3,3,3,3,1,1,1,0,0,0,0,0,1,3,3,3,3,3,3,3,1,2,4,4,2,2,1,3,3,3,3,1,1,0,0,0,0,1,4,2,0,0,0,0,1,1,3,3,3,3,3,3,3,
3,3,3,3,0,3,3,3,3,3,3,3,3,1,0,0,0,0,1,1,3,3,3,3,3,3,3,1,2,2,4,4,2,1,1,3,3,3,3,1,1,0,0,0,0,0,0,0,0,0,0,0,1,3,3,3,3,3,3,3,
3,3,3,3,0,3,3,3,3,3,3,3,3,1,1,0,0,0,1,3,3,3,3,3,3,3,3,1,1,2,4,4,2,2,1,1,3,3,3,3,1,0,0,0,0,0,0,0,0,0,0,0,1,1,3,3,3,3,3,3,
3,3,3,3,0,3,3,3,3,3,3,3,3,3,1,1,0,0,1,3,3,3,3,3,3,3,3,3,1,2,4,4,4,2,2,1,3,3,3,3,1,1,0,0,0,0,0,0,0,0,0,0,0,1,1,3,3,3,3,3,
3,3,3,3,0,3,3,3,3,3,3,3,3,3,3,1,1,1,1,3,3,3,3,3,3,1,1,1,1,2,4,4,4,4,2,1,3,3,3,3,3,1,1,1,0,0,0,0,0,0,0,0,0,0,1,3,3,3,3,3,
3,3,3,3,0,3,3,3,3,3,3,3,3,3,3,3,3,3,3,3,3,3,3,3,1,1,2,2,2,2,4,4,4,4,2,1,3,3,3,3,3,3,3,1,1,1,0,0,0,0,0,0,0,0,1,1,3,3,3,3,
3,3,3,3,0,0,0,0,0,0,0,0,0,0,0,0,0,3,3,3,3,3,3,1,1,2,2,4,4,4,4,4,4,2,2,1,3,3,3,3,3,3,3,3,3,1,1,1,0,0,0,0,0,0,0,1,3,3,3,3,
3,3,3,3,3,3,3,3,3,3,3,3,3,3,3,3,0,3,3,3,3,3,1,1,2,2,4,4,4,4,4,4,2,2,1,1,3,3,3,3,3,3,3,3,3,3,3,1,1,1,0,0,0,0,0,1,3,3,3,3,
3,3,3,3,3,3,3,3,3,3,3,3,3,3,3,3,0,3,3,3,3,1,1,2,2,4,4,4,4,4,4,2,2,1,1,3,3,3,3,3,3,3,3,3,3,3,3,3,3,1,0,0,0,0,0,1,3,3,3,3,
3,3,3,3,3,3,3,3,3,3,3,3,3,3,3,3,0,3,3,3,3,1,2,2,4,4,2,2,2,2,2,2,1,1,3,3,3,3,3,3,3,3,3,3,3,3,3,3,3,1,0,0,0,0,0,1,3,3,3,3,
3,3,3,3,3,3,3,3,3,3,3,3,3,3,3,3,0,3,3,3,1,1,2,4,4,2,2,1,1,1,1,1,1,3,3,3,3,3,3,3,3,3,3,3,3,3,3,3,3,1,0,0,0,0,0,1,3,3,3,3,
3,3,3,3,3,3,3,3,3,3,3,3,3,3,3,3,0,3,3,3,1,2,2,4,4,2,1,1,3,3,3,3,3,3,3,3,3,3,3,3,3,3,3,3,3,3,3,3,1,1,0,0,0,0,0,1,3,3,3,3,
3,3,3,3,3,3,3,3,3,3,3,3,3,3,3,3,0,3,3,3,1,2,2,4,4,2,1,3,3,3,3,3,3,3,3,3,3,3,3,3,3,3,3,3,3,3,3,3,1,0,0,0,0,0,0,1,3,3,3,3,
3,3,3,3,3,3,3,3,3,3,3,0,0,0,0,0,0,3,3,3,1,1,2,4,4,2,1,1,3,3,3,3,3,3,3,3,3,3,3,3,3,3,3,3,3,3,3,3,1,0,0,0,0,0,1,1,3,3,3,3,
3,3,3,3,3,3,3,3,3,3,3,0,3,3,3,3,3,3,3,3,3,1,2,4,4,2,2,1,3,3,3,3,3,3,3,3,3,3,3,3,3,3,3,3,3,3,3,3,1,0,0,0,0,1,1,3,3,3,3,3,
3,3,3,3,3,3,3,3,3,3,3,0,3,3,3,3,3,3,3,3,3,1,2,2,4,4,2,1,1,3,3,3,3,3,3,3,3,3,3,3,3,3,3,3,3,3,3,3,1,0,0,0,0,1,3,3,3,3,3,3,
3,3,3,3,3,3,3,3,3,3,3,0,3,3,3,3,3,3,3,3,3,1,1,2,2,4,2,2,1,1,3,3,3,3,3,3,3,3,3,3,3,3,1,1,1,1,1,3,1,0,0,0,0,1,3,3,3,3,3,3,
3,3,3,3,3,3,3,3,3,3,3,0,3,3,3,3,3,3,3,3,3,3,1,1,2,4,4,2,2,1,1,3,3,3,3,3,3,3,3,3,3,1,1,0,0,4,1,1,1,0,0,0,0,1,3,3,3,3,3,3,
3,3,3,3,3,3,3,3,3,3,3,0,3,3,3,3,3,3,3,3,3,3,3,1,2,2,4,4,2,2,1,1,3,3,3,3,3,3,3,3,3,1,0,4,0,1,0,4,0,0,0,0,1,1,3,3,3,3,3,3,
3,3,3,3,3,3,3,3,3,3,1,0,1,1,1,1,3,3,3,3,3,3,3,1,1,2,2,4,4,2,2,1,3,3,3,3,3,3,3,3,3,1,0,0,0,0,0,0,0,0,0,0,1,3,3,3,3,3,3,3,
3,3,3,3,3,3,1,1,1,1,1,0,0,0,1,1,1,3,3,3,3,3,3,3,1,1,2,4,4,4,2,1,3,3,3,3,3,3,3,3,3,1,4,0,1,0,0,1,0,0,0,0,1,3,3,3,3,3,3,3,
3,3,3,3,3,1,1,4,4,4,0,0,0,0,4,0,1,3,3,3,3,3,3,3,3,1,2,4,4,4,2,1,1,3,3,3,3,3,3,3,3,1,1,0,4,0,0,0,0,0,0,0,1,1,3,3,3,3,3,3,
3,3,3,3,3,1,4,4,4,4,0,0,0,0,0,4,1,1,3,3,3,3,3,3,1,1,2,4,4,4,2,2,1,3,3,3,3,3,3,3,3,3,1,0,0,0,4,0,0,0,0,0,0,1,1,1,1,1,1,1,
3,3,3,3,1,1,4,4,4,0,0,0,0,0,0,0,0,1,1,3,3,3,1,1,1,2,2,4,4,4,4,2,1,1,3,3,3,3,3,3,3,3,1,0,1,0,0,0,0,0,0,0,0,0,0,0,0,0,0,0,
3,3,3,3,1,4,1,0,0,1,0,0,0,0,0,0,0,0,1,3,3,1,1,2,2,2,4,4,4,4,4,2,2,1,3,3,3,0,0,0,0,0,1,0,0,0,0,0,0,0,0,0,0,0,0,0,0,0,0,0,
3,3,3,3,1,4,4,4,0,0,0,0,0,0,0,0,1,0,1,1,1,1,2,2,4,4,4,4,4,4,4,4,2,1,3,3,3,0,3,3,3,3,1,0,0,0,0,0,0,0,4,4,0,0,0,0,0,0,0,0,
3,3,3,3,1,4,4,4,0,0,0,0,0,0,0,0,0,4,1,1,2,2,2,4,4,4,4,4,4,4,4,2,2,1,3,3,3,0,3,3,3,3,1,1,0,0,0,0,0,4,1,1,4,0,0,0,0,0,0,0,
3,3,3,3,1,4,4,4,4,1,0,0,0,0,0,0,0,4,4,2,2,4,4,4,2,2,2,2,2,2,2,2,1,1,3,3,3,0,3,3,3,3,3,1,1,1,0,0,0,4,1,1,4,0,0,0,0,0,1,1,
3,3,3,3,1,1,4,4,4,0,0,0,0,0,0,0,0,0,1,2,4,4,4,4,2,1,1,1,1,1,1,1,1,3,3,3,3,0,3,3,3,3,3,3,3,1,1,1,1,1,1,1,1,1,1,1,1,1,1,3,
3,3,3,3,3,1,4,4,4,4,0,0,0,0,0,0,0,0,4,2,4,4,4,4,2,1,3,3,3,3,3,3,3,3,3,3,3,0,3,3,3,3,3,3,3,3,3,3,3,3,3,3,3,3,3,3,3,3,3,3,
3,3,3,3,3,1,4,4,4,4,4,0,0,0,0,0,0,0,1,2,4,4,4,2,2,1,3,3,3,3,3,3,3,3,3,3,3,0,3,3,3,3,3,3,3,3,3,3,3,3,3,3,3,3,3,3,3,3,3,3,
3,3,3,3,3,1,1,4,4,0,4,0,0,0,0,0,0,0,0,2,4,4,4,2,1,1,3,0,0,0,0,0,0,0,3,3,3,0,3,3,3,3,3,3,3,3,3,3,3,3,3,3,3,3,3,3,3,3,3,3,
3,3,3,3,3,3,1,1,0,0,4,0,1,1,1,0,0,0,0,0,0,0,4,2,1,3,3,0,3,3,3,3,3,0,3,3,3,0,3,3,3,3,3,3,3,3,3,3,3,3,3,3,3,3,3,3,3,3,3,3,
3,3,3,3,3,3,3,1,1,1,1,1,1,3,1,1,0,0,1,2,4,0,2,2,1,3,3,0,3,3,3,3,3,0,3,3,3,0,3,3,3,3,3,3,3,3,3,3,3,3,3,3,3,3,3,3,3,3,3,3,
3,3,3,3,3,3,3,3,3,3,3,3,3,3,3,1,1,1,1,2,4,0,2,1,1,3,3,0,3,3,3,3,3,0,3,3,3,0,3,3,3,3,3,3,3,3,3,3,3,3,3,3,3,3,3,3,3,3,3,3,
3,3,3,3,3,3,3,3,3,3,3,3,3,3,3,3,3,3,1,2,4,0,0,0,0,0,0,0,3,3,3,3,3,0,0,0,0,0,3,3,3,3,3,3,3,3,3,3,3,3,3,3,3,3,3,3,3,3,3,3,
3,3,3,3,3,3,3,3,3,3,3,3,3,3,3,3,3,3,1,2,2,4,2,1,3,3,3,3,3,3,3,3,3,3,3,3,3,3,3,3,3,3,3,3,3,3,3,3,3,3,3,3,3,3,3,3,3,3,3,3,
3,3,3,3,3,3,3,3,3,3,3,3,3,3,3,3,3,3,1,1,2,4,2,1,3,3,3,3,3,3,3,3,3,3,3,3,3,3,3,3,3,3,3,3,3,3,3,3,3,3,3,3,3,3,3,3,3,3,3,3,
3,3,3,3,3,3,3,3,3,3,3,3,3,3,3,3,3,3,3,1,2,4,2,1,3,3,3,3,3,3,3,3,3,3,3,3,3,3,3,3,3,3,3,3,3,3,3,3,3,3,3,3,3,3,3,3,3,3,3,3

[event]
# First note chest (Note 1)
type=event
location=46,63,1,1
activate=on_trigger
hotspot=location
loot=1017,fixed,1
mapmod=object,46,63,176
repeat=false
requires_not_status=emp_mog_init,emp_mog_finish
soundfx=soundfx/wood_open.ogg
tooltip=Treasure Chest

[event]
# Note 2
type=event
location=19,27,1,1
activate=on_trigger
hotspot=location
loot=8,fixed,1,1
mapmod=object,32,30,0;collision,32,30,0
msg=You found another note. Keep following the trail.
remove_item=1017:1
repeat=false
requires_item=1017:1
requires_not_status=emp_mog_note2,emp_mog_finish
requires_status=emp_mog_init
reward_item=1018:1
set_status=emp_mog_note2
shakycam=2s
soundfx=soundfx/environment/falling_rocks.ogg
tooltip=Waterlogged Support Beam

[event]
# Note 3
type=event
location=44,16,1,1
activate=on_trigger
hotspot=location
loot=754,fixed,1,2
msg=You found another note. Keep following the trail.
remove_item=1018:1
repeat=false
requires_item=1018:1
requires_not_status=emp_mog_note3,emp_mog_finish
requires_status=emp_mog_init,emp_mog_note2
reward_item=1019:1
set_status=emp_mog_note3
tooltip=Moldy Rock

[event]
# Note 4
type=event
location=23,19,2,3
activate=on_trigger
hotspot=location
loot=203,fixed,1,1
msg=You found another note. Keep following the trail.
remove_item=1019:1
repeat=false
requires_item=1019:1
requires_not_status=emp_mog_note4,emp_mog_finish
requires_status=emp_mog_init,emp_mog_note3
reward_item=1020:1
set_status=emp_mog_note4
tooltip=Pile of Bones

[event]
# Note 5
type=event
location=49,1,1,1
activate=on_trigger
hotspot=location
loot=currency,fixed,50,100
msg=You found another note. Keep following the trail.
remove_item=1020:1
repeat=false
requires_item=1020:1
requires_not_status=emp_mog_note5,emp_mog_finish
requires_status=emp_mog_init,emp_mog_note4
reward_item=1021:1
set_status=emp_mog_note5
tooltip=Blocked Mine Cart

[event]
# Open secret door
type=event
location=14,38,1,1
activate=on_trigger
hotspot=location
mapmod=object,11,37,0;collision,11,37,0
remove_item=1021:1
repeat=false
requires_item=1021:1
requires_not_status=emp_mog_door1
requires_status=emp_mog_init,emp_mog_note5
set_status=emp_mog_door1
soundfx=soundfx/door_open.ogg
spawn=mog,10,37
tooltip=Boulder

[event]
# to Southern Ridge
type=event
location=59,64,1,4
activate=on_trigger
hotspot=location
intermap=maps/southern_ridge.txt,25,49
tooltip=Southern Ridge

[event]
# Crate
type=event
location=44,29,1,1
activate=on_trigger
hotspot=location
loot=loot/level_9.txt
loot_count=1,2
mapmod=object,44,29,179
repeat=false
soundfx=soundfx/wood_open.ogg
tooltip=Crate

[event]
# Crate
type=event
location=21,25,1,1
activate=on_trigger
hotspot=location
loot=loot/level_9.txt
loot_count=2,3
mapmod=object,21,25,179
repeat=false
soundfx=soundfx/wood_open.ogg
tooltip=Crate

[event]
# Barrel
type=event
location=11,5,1,1
activate=on_trigger
hotspot=location
loot=loot/level_9.txt
loot_count=1,2
mapmod=object,11,5,178
repeat=false
soundfx=soundfx/wood_open.ogg
tooltip=Barrel

[event]
# Open secret door (on_load)
type=event
location=7,34,1,1
activate=on_load
mapmod=object,11,37,0;collision,11,37,0
requires_status=emp_mog_door1

[event]
# Open shortcut door
type=event
location=37,65,1,1
mapmod=object,42,65,0;collision,42,65,0
repeat=false
requires_not_status=emp_mog_door2
set_status=emp_mog_door2
soundfx=soundfx/door_open.ogg

[event]
# Open shortcut door (on_load)
type=event
location=36,62,1,1
activate=on_load
mapmod=object,42,65,0;collision,42,65,0
requires_status=emp_mog_door2

[event]
# First note chest (on_load, init)
type=event
location=39,58,1,1
activate=on_load
mapmod=object,46,63,176
requires_status=emp_mog_init

[event]
# First note chest (on_load, finish)
type=event
location=39,56,1,1
activate=on_load
mapmod=object,46,63,176
requires_status=emp_mog_finish

[event]
# Cave wind sound effect
type=event
location=0,0,1,1
activate=on_load
soundfx=soundfx/environment/cave_wind_loop.ogg

[event]
# River sound
type=event
location=21,73,1,1
activate=on_load
soundfx=soundfx/environment/river_loop.ogg

[event]
# River sound
type=event
location=28,66,1,1
activate=on_load
soundfx=soundfx/environment/river_loop.ogg

[event]
# River sound
type=event
location=24,54,1,1
activate=on_load
soundfx=soundfx/environment/river_loop.ogg

[event]
# River sound
type=event
location=31,46,1,1
activate=on_load
soundfx=soundfx/environment/river_loop.ogg

[event]
# River sound
type=event
location=30,34,1,1
activate=on_load
soundfx=soundfx/environment/river_loop.ogg

[event]
# River sound
type=event
location=31,21,1,1
activate=on_load
soundfx=soundfx/environment/river_loop.ogg

[event]
# River sound
type=event
location=37,13,1,1
activate=on_load
soundfx=soundfx/environment/river_loop.ogg

[event]
# River sound
type=event
location=48,19,1,1
activate=on_load
soundfx=soundfx/environment/river_loop.ogg

[event]
# River sound
type=event
location=47,34,1,1
activate=on_load
soundfx=soundfx/environment/river_loop.ogg

[event]
# River sound
type=event
location=16,17,1,1
activate=on_load
soundfx=soundfx/environment/river_loop.ogg

[event]
# Water dripping
type=event
location=20,28,1,1
activate=on_load
soundfx=soundfx/environment/cave_droplets_loop.ogg

[event]
# Water dripping
type=event
location=44,63,1,1
activate=on_load
soundfx=soundfx/environment/cave_droplets_loop.ogg

[event]
# Water dripping
type=event
location=43,19,1,1
activate=on_load
soundfx=soundfx/environment/cave_droplets_loop.ogg

[event]
# Water dripping
type=event
location=48,5,1,1
activate=on_load
soundfx=soundfx/environment/cave_droplets_loop.ogg

[event]
# Water dripping
type=event
location=15,11,1,1
activate=on_load
soundfx=soundfx/environment/cave_droplets_loop.ogg

[event]
# Water dripping
type=event
location=5,22,1,1
activate=on_load
soundfx=soundfx/environment/cave_droplets_loop.ogg

[event]
# Water dripping
type=event
location=4,47,1,1
activate=on_load
soundfx=soundfx/environment/cave_droplets_loop.ogg

[event]
# Water dripping
type=event
location=16,54,1,1
activate=on_load
soundfx=soundfx/environment/cave_droplets_loop.ogg

[event]
# Water dripping
type=event
location=33,76,1,1
activate=on_load
soundfx=soundfx/environment/cave_droplets_loop.ogg

[event]
# Water dripping
type=event
location=7,65,1,1
activate=on_load
soundfx=soundfx/environment/cave_droplets_loop.ogg

[enemy]
type=enemy
location=16,29,1,1
category=mog
number=1
requires_status=emp_mog_door1

[enemy]
type=enemy
location=43,60,4,4
category=dungeon
level=9
number=1
wander_radius=1

[enemy]
type=enemy
location=46,39,7,8
category=dungeon
level=9
number=2

[enemy]
type=enemy
location=41,15,6,8
category=dungeon
level=9
number=3

[enemy]
type=enemy
location=34,33,9,9
category=dungeon
level=9
number=2,3

[enemy]
type=enemy
location=33,23,9,9
category=dungeon
level=9
number=2,3

[enemy]
type=enemy
location=49,24,4,8
category=dungeon
level=9
number=1,2

[enemy]
type=enemy
location=41,2,15,11
category=dungeon
level=9
number=4,5

[enemy]
type=enemy
location=23,2,15,7
category=dungeon
level=9
number=3

[enemy]
type=enemy
location=23,15,5,8
category=dungeon
level=9
number=3

[enemy]
type=enemy
location=7,3,10,9
category=dungeon
level=9
number=3

[enemy]
type=enemy
location=4,15,6,14
category=dungeon
level=9
number=3

[enemy]
type=enemy
location=12,24,14,9
category=dungeon
level=9
number=3,4

[npc]
type=npc
location=10,66,1,1
filename=npcs/loren.txt

