[header]
width=40
height=60
tilewidth=64
tileheight=32
orientation=isometric
hero_pos=33,57
music=music/cave_theme.ogg
tileset=tilesetdefs/tileset_cave.txt
title=Nazia Mines

[tilesets]
tileset=../../../tiled/cave/tiled_collision.png,64,32,0,0
tileset=../../../tiled/cave/tiled_cave.png,64,128,0,0
tileset=../../../tiled/cave/set_rules.png,64,32,0,0
tileset=../../../tiled/cave/tiled_cave_2x2.png,128,64,0,16

[layer]
type=background
data=
0,0,0,0,0,0,0,0,0,0,0,0,0,0,0,0,0,0,0,0,0,0,17,18,19,57,0,0,0,0,0,0,0,0,0,0,0,0,0,0,
0,0,0,0,0,0,0,0,0,0,0,0,0,0,0,0,0,0,0,0,0,20,21,22,50,51,57,22,57,0,0,0,0,0,0,0,0,0,0,0,
0,0,0,0,0,0,0,0,0,0,0,0,0,0,0,0,0,0,0,0,0,24,25,26,27,24,25,26,27,57,25,26,57,0,0,0,0,0,0,0,
0,0,0,0,0,0,0,0,0,0,0,0,0,0,0,0,0,0,0,0,0,28,29,53,31,28,29,30,31,28,29,30,31,57,57,0,0,0,0,0,
0,0,0,0,0,0,0,0,0,0,0,0,0,0,0,0,0,0,0,0,19,16,17,18,19,16,17,18,19,16,17,18,55,16,17,57,0,0,0,0,
0,0,0,0,0,0,0,0,0,0,0,0,0,0,0,0,0,0,0,0,23,20,21,22,23,20,21,22,23,20,21,22,23,20,21,22,0,0,0,0,
0,0,0,0,0,0,0,0,0,0,0,26,27,24,25,57,0,0,0,26,27,24,25,26,27,24,0,0,0,0,56,26,27,24,51,26,57,0,0,0,
0,0,0,0,0,0,0,0,0,0,29,30,31,28,29,52,57,28,29,30,31,28,29,50,31,28,0,0,0,0,0,56,31,28,29,30,31,0,0,0,
0,0,0,0,0,0,0,0,0,16,17,18,19,16,17,18,19,16,17,18,19,16,17,18,49,48,57,0,0,0,0,56,19,16,17,18,19,0,0,0,
0,0,0,0,0,0,0,0,0,20,21,22,23,20,21,22,23,20,21,22,23,20,21,22,23,20,21,57,0,0,0,0,56,20,21,22,23,0,0,0,
0,0,0,0,0,0,0,0,27,24,36,32,32,32,34,32,34,32,32,32,34,34,34,32,32,34,37,26,0,0,0,0,27,24,25,26,27,0,0,0,
0,0,0,0,0,0,0,30,31,28,33,30,31,28,29,30,31,28,29,30,31,28,29,30,31,28,33,30,57,0,0,0,31,28,29,30,31,0,0,0,
0,0,0,0,0,0,0,18,19,16,33,18,19,16,0,0,56,16,17,18,19,16,17,18,49,16,35,18,19,57,17,18,19,16,17,18,19,0,0,0,
0,0,0,0,0,0,21,22,23,20,35,22,23,0,0,0,0,56,21,22,23,20,21,22,23,20,39,32,32,37,21,22,23,20,21,22,23,0,0,0,
0,0,0,0,0,0,25,26,27,24,33,26,0,0,0,0,0,0,0,0,0,0,0,56,27,24,25,26,27,35,25,26,27,24,25,26,27,0,0,0,
0,0,0,0,0,0,29,30,31,28,35,30,0,0,0,0,0,0,0,0,0,0,0,0,0,0,56,30,31,33,29,30,31,28,29,30,31,0,0,0,
0,0,0,0,0,0,17,18,19,16,33,0,0,0,0,0,0,0,0,0,0,0,0,0,0,0,0,56,19,33,17,18,19,16,17,18,19,0,0,0,
0,0,0,0,23,20,21,22,23,20,35,0,0,0,0,0,0,0,0,0,0,0,0,0,0,0,0,0,56,35,21,22,23,20,21,22,0,0,0,0,
0,0,0,26,27,24,25,26,27,24,33,57,27,24,25,26,27,24,25,57,0,0,0,0,0,0,0,0,27,35,25,26,27,24,25,0,0,0,0,0,
0,0,0,30,31,51,29,30,36,34,43,30,31,28,29,30,53,28,29,30,57,0,0,0,0,0,0,30,31,33,29,30,31,28,0,0,0,0,0,0,
0,0,17,18,54,16,17,18,35,16,35,18,19,16,17,18,19,51,17,18,19,57,0,0,0,0,0,18,19,33,17,18,19,0,0,0,0,0,0,0,
0,0,21,22,23,20,21,22,35,20,39,34,34,34,34,34,34,32,21,22,23,20,0,0,0,0,0,22,23,35,21,22,23,0,0,0,0,0,0,0,
0,0,56,26,27,24,25,26,35,24,25,26,27,24,25,26,27,24,25,26,27,24,0,0,0,0,25,26,27,33,25,26,27,0,0,0,0,0,0,0,
0,0,0,0,0,0,0,56,35,28,29,30,31,28,29,30,31,28,29,30,31,0,0,0,0,0,29,30,31,33,29,30,0,0,0,0,0,0,0,0,
0,0,0,0,0,0,0,18,35,16,17,18,19,16,17,18,19,16,0,0,0,0,0,0,0,0,17,18,19,35,17,18,0,0,0,0,0,0,0,0,
0,0,0,0,0,0,0,22,35,20,21,22,23,0,0,0,0,0,0,0,0,0,0,0,0,0,21,22,23,33,21,0,0,0,0,0,0,0,0,0,
0,0,0,0,0,0,25,26,33,24,25,26,27,0,0,0,0,0,0,0,0,0,0,0,0,0,25,26,27,33,25,0,0,0,0,0,0,0,0,0,
0,0,0,0,0,28,29,30,33,28,29,30,0,0,0,0,0,0,0,0,0,0,0,0,0,0,56,30,31,33,29,57,0,0,0,0,0,0,0,0,
0,0,0,0,0,16,17,18,33,16,17,0,0,0,0,0,0,0,0,0,0,0,0,0,0,0,0,56,19,47,37,18,0,0,0,0,0,0,0,0,
0,0,0,0,0,20,21,22,35,20,21,0,0,0,0,0,0,0,0,0,0,0,0,0,0,0,0,22,23,35,35,22,57,0,0,0,0,0,0,0,
0,0,0,0,27,24,25,26,33,24,25,0,0,0,0,0,0,0,0,0,0,0,0,0,0,0,0,56,27,33,35,26,27,0,0,0,0,0,0,0,
0,0,0,30,31,28,29,30,33,28,29,57,31,28,29,57,0,0,0,0,0,0,0,0,0,0,0,0,56,35,35,30,31,57,0,0,0,0,0,0,
0,0,0,18,19,16,17,18,33,16,17,18,19,16,17,18,57,57,0,0,0,0,0,0,0,0,0,0,19,35,35,18,19,16,0,0,0,0,0,0,
0,0,0,56,23,20,21,22,35,20,21,22,23,20,21,22,23,20,57,22,23,57,0,0,0,0,0,0,23,35,33,22,23,20,0,0,0,0,0,0,
0,0,0,0,56,24,25,26,47,32,32,32,34,34,32,34,34,24,25,52,27,24,57,0,0,0,0,0,27,33,25,26,27,24,0,0,0,0,0,0,
0,0,0,0,56,28,29,30,33,28,29,30,31,28,29,30,31,28,29,30,31,50,29,57,0,0,0,0,31,33,29,30,31,28,0,0,0,0,0,0,
0,0,0,0,0,56,17,18,33,16,17,18,19,16,17,18,19,16,17,18,19,16,17,18,0,0,0,18,19,35,17,18,19,16,0,0,0,0,0,0,
0,0,0,0,0,56,21,22,35,20,21,22,23,20,21,22,23,20,21,22,23,20,21,22,0,0,0,22,23,33,21,22,23,0,0,0,0,0,0,0,
0,0,0,0,0,0,0,56,47,37,25,26,0,0,0,56,27,24,25,26,27,24,25,0,0,0,0,26,27,35,25,26,0,0,0,0,0,0,0,0,
0,0,0,0,0,0,0,30,35,33,29,30,0,0,0,0,0,56,29,30,31,28,0,0,0,0,0,30,31,35,29,30,0,0,0,0,0,0,0,0,
0,0,0,0,0,0,0,18,35,33,17,18,0,0,0,0,0,0,0,0,0,0,0,0,0,0,0,18,19,16,17,18,0,0,0,0,0,0,0,0,
0,0,0,0,0,0,21,22,33,33,21,22,57,20,21,22,57,0,0,0,0,0,0,0,0,0,0,56,23,20,21,22,57,57,0,0,0,0,0,0,
0,0,0,0,27,24,25,26,35,24,25,26,27,24,25,26,27,57,57,0,0,0,0,0,0,0,0,0,56,24,25,50,27,24,0,0,0,0,0,0,
0,0,0,30,31,28,29,30,31,28,29,30,31,28,29,30,31,28,29,57,0,0,0,0,0,0,0,0,56,28,29,30,31,28,57,0,0,0,0,0,
0,0,17,18,19,16,17,18,19,16,17,18,19,16,17,18,51,16,17,18,57,0,0,0,0,0,0,0,0,56,17,18,19,16,17,0,0,0,0,0,
0,0,21,22,23,20,21,22,23,20,21,22,23,20,21,22,23,20,48,22,23,0,0,0,0,0,0,0,0,20,21,22,51,20,21,57,0,0,0,0,
0,0,25,26,27,24,25,26,27,0,0,0,56,24,25,26,27,24,25,26,27,57,0,0,0,0,0,0,0,56,53,26,27,24,25,26,0,0,0,0,
0,28,29,30,31,28,29,0,0,0,0,0,0,0,0,0,56,28,29,30,31,28,0,0,0,0,0,0,0,0,56,30,31,28,29,30,0,0,0,0,
0,16,17,48,19,16,17,0,0,0,0,0,0,0,0,0,56,16,17,51,19,16,57,0,0,0,0,0,0,0,17,18,19,16,17,18,0,0,0,0,
0,20,21,49,23,20,21,0,0,0,0,0,0,0,0,0,0,56,21,22,23,20,21,0,0,0,0,0,0,0,21,22,23,20,21,22,0,0,0,0,
0,24,25,26,27,24,25,0,0,0,0,0,0,0,0,0,0,0,56,26,27,24,25,57,0,0,0,0,0,24,25,26,27,24,25,26,0,0,0,0,
0,56,29,30,31,28,29,57,57,0,0,0,0,0,0,0,0,0,29,30,31,28,29,30,0,0,0,0,0,28,29,30,31,28,29,0,0,0,0,0,
0,0,56,18,19,50,17,18,19,0,0,18,19,57,0,0,0,16,17,18,19,16,17,18,0,0,0,0,0,16,17,18,51,16,17,0,0,0,0,0,
0,0,0,56,23,52,48,22,23,57,21,22,23,55,57,22,23,20,21,22,23,20,21,0,0,0,0,0,0,20,21,22,23,20,21,0,0,0,0,0,
0,0,0,56,27,24,25,26,27,24,25,53,27,24,25,49,27,24,25,26,27,24,25,0,0,0,0,0,0,56,51,26,27,24,25,57,0,0,0,0,
0,0,0,0,56,28,48,30,31,28,29,30,31,28,29,30,31,28,29,30,31,28,0,0,0,0,0,0,0,0,56,30,31,28,29,30,0,0,0,0,
0,0,0,0,0,0,56,18,19,16,17,18,19,16,17,18,19,16,17,18,19,0,0,0,0,0,0,0,0,0,0,56,19,16,17,18,0,0,0,0,
0,0,0,0,0,0,0,0,56,20,21,22,23,20,21,22,23,20,21,22,0,0,0,0,0,0,0,0,0,0,0,22,23,20,21,22,0,0,0,0,
0,0,0,0,0,0,0,0,0,0,0,56,27,24,25,26,27,0,0,0,0,0,0,0,0,0,0,0,0,0,0,26,27,24,25,26,0,0,0,0,
0,0,0,0,0,0,0,0,0,0,0,0,0,0,0,0,0,0,0,0,0,0,0,0,0,0,0,0,0,0,0,30,31,28,29,30,0,0,0,0

[layer]
type=object
data=
0,0,0,0,0,0,0,0,0,0,0,0,0,0,0,0,0,0,0,0,0,0,114,113,109,97,73,0,0,0,0,0,0,0,0,0,0,0,0,0,
0,0,0,0,0,0,0,0,0,0,0,0,0,0,0,0,0,0,0,0,0,114,115,0,0,0,119,105,101,73,0,0,0,0,0,0,0,0,0,0,
0,0,0,0,0,0,0,0,0,0,0,0,0,0,0,0,0,0,0,0,0,112,0,0,0,0,0,0,144,121,65,109,69,77,0,0,0,0,0,0,
0,0,0,0,0,0,0,0,0,0,0,0,0,0,0,0,0,0,0,0,0,112,0,0,0,0,0,0,0,0,0,0,162,119,65,73,0,0,0,0,
0,0,0,0,0,0,0,0,0,0,0,0,0,0,0,0,0,0,0,0,72,80,144,0,0,0,0,0,0,0,0,0,0,152,146,85,77,0,0,0,
0,0,0,0,0,0,0,0,0,0,0,0,0,0,0,0,0,0,0,0,68,148,0,0,0,0,0,0,0,0,0,0,0,0,0,0,66,0,0,0,
0,0,0,0,0,0,0,0,0,0,0,102,113,101,109,69,77,0,0,76,84,0,0,0,0,0,82,107,71,71,83,0,0,0,0,0,85,73,0,0,
0,0,0,0,0,0,0,0,0,0,98,115,135,152,150,0,119,69,109,115,0,0,0,0,0,0,66,0,0,0,75,120,0,0,0,0,0,66,0,0,
0,0,0,0,0,0,0,0,0,76,115,0,0,0,0,0,0,0,0,0,0,0,0,0,0,0,81,73,0,0,0,96,0,0,0,0,0,66,0,0,
0,0,0,0,0,0,0,0,0,64,0,0,0,0,0,0,0,0,0,0,0,0,0,0,0,0,0,85,73,0,0,79,83,0,0,0,0,70,0,0,
0,0,0,0,0,0,0,0,102,99,0,0,0,0,0,0,129,0,0,129,131,0,0,0,0,0,0,0,70,0,0,0,104,0,0,0,0,106,0,0,
0,0,0,0,0,0,0,72,115,0,0,0,0,0,0,0,0,0,0,0,0,0,0,0,132,151,0,0,85,73,0,0,96,0,0,0,0,70,0,0,
0,0,0,0,0,0,0,68,0,0,0,0,0,0,82,67,116,0,0,0,0,0,0,0,153,152,0,0,0,117,101,105,103,0,0,0,0,66,0,0,
0,0,0,0,0,0,72,84,0,0,0,0,0,82,78,0,75,118,0,0,0,0,0,0,0,135,0,0,0,0,0,0,0,0,0,0,0,66,0,0,
0,0,0,0,0,0,96,133,0,0,0,0,86,74,0,0,0,75,67,71,67,67,71,83,0,0,0,150,134,0,0,0,0,0,0,0,0,70,0,0,
0,0,0,0,0,0,112,0,0,0,0,0,66,0,0,0,0,0,0,0,0,0,0,75,67,67,118,0,0,0,0,110,0,0,0,0,0,66,0,0,
0,0,0,0,0,0,68,0,0,0,0,82,78,0,0,0,0,0,0,0,0,0,0,0,0,0,75,83,0,0,0,0,0,0,0,0,0,70,0,0,
0,0,0,0,72,105,84,0,0,0,0,66,0,0,0,0,0,0,0,0,0,0,0,0,0,0,0,75,116,0,0,0,0,0,0,0,82,78,0,0,
0,0,0,98,103,0,0,0,0,0,0,117,97,69,113,69,65,109,65,113,73,0,0,0,0,0,0,0,96,0,0,0,0,0,0,86,74,0,0,0,
0,0,0,96,0,0,0,0,0,0,0,0,0,0,0,0,0,135,152,150,81,77,0,0,0,0,0,114,115,0,0,0,0,0,86,74,0,0,0,0,
0,0,76,103,0,111,0,0,0,0,130,0,0,0,0,0,0,0,163,134,0,121,73,0,0,0,0,100,0,0,0,0,0,82,74,0,0,0,0,0,
0,0,100,0,0,0,0,0,0,0,0,0,0,0,129,0,0,0,0,0,135,0,66,0,0,0,0,112,0,0,0,0,0,66,0,0,0,0,0,0,
0,0,68,0,0,0,0,0,0,0,0,0,0,0,0,0,0,0,147,0,0,0,66,0,0,0,72,80,0,0,0,0,0,66,0,0,0,0,0,0,
0,0,75,67,71,67,67,118,0,0,0,0,0,0,0,0,0,0,0,0,0,82,78,0,0,0,108,0,0,0,0,0,82,74,0,0,0,0,0,0,
0,0,0,0,0,0,0,100,0,0,0,0,0,0,0,0,0,0,86,71,67,78,0,0,0,0,104,0,0,0,0,0,70,0,0,0,0,0,0,0,
0,0,0,0,0,0,0,108,0,0,0,0,0,82,67,71,67,67,74,0,0,0,0,0,0,0,108,0,0,0,0,82,78,0,0,0,0,0,0,0,
0,0,0,0,0,0,98,84,0,0,0,0,0,66,0,0,0,0,0,0,0,0,0,0,0,0,64,0,0,0,0,70,0,0,0,0,0,0,0,0,
0,0,0,0,0,72,80,0,0,0,0,0,86,74,0,0,0,0,0,0,0,0,0,0,0,0,100,0,0,0,0,85,73,0,0,0,0,0,0,0,
0,0,0,0,0,100,0,0,0,0,0,82,78,0,0,0,0,0,0,0,0,0,0,0,0,0,75,120,0,0,0,0,70,0,0,0,0,0,0,0,
0,0,0,0,0,64,0,0,0,0,0,66,0,0,0,0,0,0,0,0,0,0,0,0,0,0,0,64,0,0,0,0,117,73,0,0,0,0,0,0,
0,0,0,0,72,99,0,0,0,0,0,70,0,0,0,0,0,0,0,0,0,0,0,0,0,0,0,96,0,128,0,0,0,66,0,0,0,0,0,0,
0,0,0,114,103,0,0,0,0,0,0,121,101,65,97,69,73,0,0,0,0,0,0,0,0,0,0,75,120,0,0,0,0,81,73,0,0,0,0,0,
0,0,0,64,0,0,0,0,0,0,0,0,0,0,0,0,117,101,73,0,0,0,0,0,0,0,0,0,100,0,0,0,0,0,66,0,0,0,0,0,
0,0,0,104,0,0,151,110,0,0,0,0,0,0,0,132,0,0,85,65,113,101,73,0,0,0,0,0,96,0,0,0,0,0,70,0,0,0,0,0,
0,0,0,75,120,0,132,0,0,0,0,0,0,0,131,0,0,149,0,0,133,150,81,77,0,0,0,0,68,0,0,0,0,0,70,0,0,0,0,0,
0,0,0,0,64,0,0,0,0,0,0,0,0,0,0,0,0,152,134,0,0,0,0,85,77,0,0,0,96,0,0,0,0,0,70,0,0,0,0,0,
0,0,0,0,79,118,0,0,0,0,0,0,0,0,0,0,0,133,0,0,0,132,0,0,66,0,0,76,80,0,0,0,0,0,70,0,0,0,0,0,
0,0,0,0,0,64,0,0,0,0,0,0,0,0,0,0,0,0,0,133,0,0,0,0,70,0,0,112,0,0,0,0,0,82,74,0,0,0,0,0,
0,0,0,0,0,75,71,118,0,0,0,0,82,67,71,116,0,0,0,0,0,0,0,82,74,0,0,68,152,0,0,0,82,74,0,0,0,0,0,0,
0,0,0,0,0,0,0,64,0,0,0,0,66,0,0,79,71,87,0,0,0,0,82,74,0,0,0,112,146,0,151,147,66,0,0,0,0,0,0,0,
0,0,0,0,0,0,0,68,0,0,0,0,66,0,0,0,0,75,71,67,71,67,74,0,0,0,0,100,148,0,150,149,70,0,0,0,0,0,0,0,
0,0,0,0,0,0,98,115,0,128,0,0,85,101,109,113,101,73,0,0,0,0,0,0,0,0,0,112,151,0,0,144,119,101,73,0,0,0,0,0,
0,0,0,0,114,65,80,135,0,0,134,0,0,0,0,0,132,81,97,77,0,0,0,0,0,0,0,79,83,0,0,0,0,0,66,0,0,0,0,0,
0,0,0,114,115,0,0,0,150,0,0,0,0,0,0,0,0,0,133,121,73,0,0,0,0,0,0,0,68,0,0,0,0,0,119,73,0,0,0,0,
0,0,72,99,0,0,0,0,0,0,0,0,0,0,0,0,0,0,0,146,121,73,0,0,0,0,0,0,75,116,0,0,0,0,0,66,0,0,0,0,
0,0,108,0,0,0,0,0,0,0,0,0,0,0,0,0,0,0,0,0,147,66,0,0,0,0,0,0,0,64,0,0,0,0,0,85,77,0,0,0,
0,0,68,0,0,0,0,0,0,82,67,71,118,0,0,0,0,0,0,0,0,81,73,0,0,0,0,0,0,100,0,0,0,0,0,0,66,0,0,0,
0,72,115,0,0,0,0,86,71,74,0,0,75,71,67,71,118,0,0,0,0,0,66,0,0,0,0,0,0,79,118,0,0,0,0,0,66,0,0,0,
0,96,0,0,0,0,0,66,0,0,0,0,0,0,0,0,96,151,144,0,0,0,85,73,0,0,0,0,0,0,100,0,0,0,0,0,70,0,0,0,
0,108,0,0,0,0,0,66,0,0,0,0,0,0,0,0,79,83,150,0,0,0,0,66,0,0,0,0,0,0,108,0,0,0,0,0,66,0,0,0,
0,64,0,0,0,0,0,70,0,0,0,0,0,0,0,0,0,75,116,0,0,0,0,121,73,0,0,0,0,102,99,0,0,0,0,0,66,0,0,0,
0,100,134,0,0,0,0,81,101,77,0,0,0,0,0,0,0,0,64,0,0,0,0,0,66,0,0,0,0,68,150,0,0,0,0,86,74,0,0,0,
0,75,116,0,0,0,0,0,146,70,0,114,113,105,73,0,0,76,80,0,0,0,0,0,70,0,0,0,0,104,0,0,0,0,0,106,0,0,0,0,
0,0,75,83,0,0,0,0,0,81,113,103,161,0,85,113,65,115,0,0,0,0,0,82,74,0,0,0,0,68,0,0,0,0,146,66,0,0,0,0,
0,0,0,68,133,0,0,0,0,0,0,0,0,0,0,0,0,0,0,0,0,0,0,70,0,0,0,0,0,96,0,0,0,0,0,117,77,0,0,0,
0,0,0,79,120,0,0,0,0,0,0,0,0,111,132,0,0,0,0,0,0,0,82,78,0,0,0,0,0,79,116,0,0,0,0,0,66,0,0,0,
0,0,0,0,79,71,120,0,0,0,0,134,0,0,0,0,0,0,0,0,0,86,74,0,0,0,0,0,0,0,79,87,0,0,0,0,66,0,0,0,
0,0,0,0,0,0,75,67,87,0,0,0,0,133,0,0,0,0,0,0,82,78,0,0,0,0,0,0,0,0,0,96,0,0,0,0,66,0,0,0,
0,0,0,0,0,0,0,0,75,67,67,87,0,0,0,0,0,82,71,67,74,0,0,0,0,0,0,0,0,0,0,100,0,0,0,0,66,0,0,0,
0,0,0,0,0,0,0,0,0,0,0,75,71,107,67,67,71,78,0,0,0,0,0,0,0,0,0,0,0,0,0,112,241,241,241,241,70,0,0,0

[layer]
type=collision
data=
3,3,3,3,3,3,3,3,3,3,3,3,3,3,3,3,3,3,3,3,3,3,1,1,1,1,1,3,3,3,3,3,3,3,3,3,3,3,3,3,
3,3,3,3,3,3,3,3,3,3,3,3,3,3,3,3,3,3,3,3,3,1,1,0,0,0,1,1,1,1,3,3,3,3,3,3,3,3,3,3,
3,3,3,3,3,3,3,3,3,3,3,3,3,3,3,3,3,3,3,3,3,1,0,0,0,0,0,0,4,1,1,1,1,1,3,3,3,3,3,3,
3,3,3,3,3,3,3,3,3,3,3,3,3,3,3,3,3,3,3,3,3,1,0,0,0,0,0,0,0,0,0,0,4,1,1,1,3,3,3,3,
3,3,3,3,3,3,3,3,3,3,3,3,3,3,3,3,3,3,3,3,1,1,4,0,0,0,0,0,0,0,0,0,0,4,4,1,1,3,3,3,
3,3,3,3,3,3,3,3,3,3,3,3,3,3,3,3,3,3,3,3,1,1,0,0,0,0,0,0,0,0,0,0,0,0,0,0,1,3,3,3,
3,3,3,3,3,3,3,3,3,3,3,1,1,1,1,1,1,3,3,1,1,0,0,0,0,0,1,1,1,1,1,0,0,0,0,0,1,1,3,3,
3,3,3,3,3,3,3,3,3,3,1,1,0,4,4,0,1,1,1,1,0,0,0,0,0,0,1,3,3,3,1,1,0,0,0,0,0,1,3,3,
3,3,3,3,3,3,3,3,3,1,1,0,0,0,0,0,0,0,0,0,0,0,0,0,0,0,1,1,3,3,3,1,0,0,0,0,0,1,3,3,
3,3,3,3,3,3,3,3,3,1,0,0,0,0,0,0,0,0,0,0,0,0,0,0,0,0,0,1,1,3,3,1,1,0,0,0,0,1,3,3,
3,3,3,3,3,3,3,3,1,1,0,0,0,0,0,0,4,0,0,4,4,0,0,0,0,0,0,0,1,3,3,3,1,0,0,0,0,1,3,3,
3,3,3,3,3,3,3,1,1,0,0,0,0,0,0,0,0,0,0,0,0,0,0,0,0,4,0,0,1,1,3,3,1,0,0,0,0,1,3,3,
3,3,3,3,3,3,3,1,0,0,0,0,0,0,1,1,1,0,0,0,0,0,0,0,1,4,0,0,0,1,1,1,1,0,0,0,0,1,3,3,
3,3,3,3,3,3,1,1,0,0,0,0,0,1,1,3,1,1,0,0,0,0,0,0,0,0,0,0,0,0,0,0,0,0,0,0,0,1,3,3,
3,3,3,3,3,3,1,0,0,0,0,0,1,1,3,3,3,1,1,1,1,1,1,1,0,0,0,4,0,0,0,0,0,0,0,0,0,1,3,3,
3,3,3,3,3,3,1,0,0,0,0,0,1,3,3,3,3,3,3,3,3,3,3,1,1,1,1,0,0,0,0,1,0,0,0,0,0,1,3,3,
3,3,3,3,3,3,1,0,0,0,0,1,1,3,3,3,3,3,3,3,3,3,3,3,3,3,1,1,0,0,0,0,0,0,0,0,0,1,3,3,
3,3,3,3,1,1,1,0,0,0,0,1,3,3,3,3,3,3,3,3,3,3,3,3,3,3,3,1,1,0,0,0,0,0,0,0,1,1,3,3,
3,3,3,1,1,0,0,0,0,0,0,1,1,1,1,1,1,1,1,1,1,3,3,3,3,3,3,3,1,0,0,0,0,0,0,1,1,3,3,3,
3,3,3,1,0,0,0,0,0,0,0,0,0,0,0,0,0,0,4,4,1,1,3,3,3,3,3,1,1,0,0,0,0,0,1,1,3,3,3,3,
3,3,1,1,0,1,0,0,0,0,4,0,0,0,0,0,0,0,4,0,0,1,1,3,3,3,3,1,0,0,0,0,0,1,1,3,3,3,3,3,
3,3,1,0,0,0,0,0,0,0,0,0,0,0,4,0,0,0,0,0,0,0,1,3,3,3,3,1,0,0,0,0,0,1,3,3,3,3,3,3,
3,3,1,0,0,0,0,0,0,0,0,0,0,0,0,0,0,0,4,0,0,0,1,3,3,3,1,1,0,0,0,0,0,1,3,3,3,3,3,3,
3,3,1,1,1,1,1,1,0,0,0,0,0,0,0,0,0,0,0,0,0,1,1,3,3,3,1,0,0,0,0,0,1,1,3,3,3,3,3,3,
3,3,3,3,3,3,3,1,0,0,0,0,0,0,0,0,0,0,1,1,1,1,3,3,3,3,1,0,0,0,0,0,1,3,3,3,3,3,3,3,
3,3,3,3,3,3,3,1,0,0,0,0,0,1,1,1,1,1,1,3,3,3,3,3,3,3,1,0,0,0,0,1,1,3,3,3,3,3,3,3,
3,3,3,3,3,3,1,1,0,0,0,0,0,1,3,3,3,3,3,3,3,3,3,3,3,3,1,0,0,0,0,1,3,3,3,3,3,3,3,3,
3,3,3,3,3,1,1,0,0,0,0,0,1,1,3,3,3,3,3,3,3,3,3,3,3,3,1,0,0,0,0,1,1,3,3,3,3,3,3,3,
3,3,3,3,3,1,0,0,0,0,0,1,1,3,3,3,3,3,3,3,3,3,3,3,3,3,1,1,0,0,0,0,1,3,3,3,3,3,3,3,
3,3,3,3,3,1,0,0,0,0,0,1,3,3,3,3,3,3,3,3,3,3,3,3,3,3,3,1,0,0,0,0,1,1,3,3,3,3,3,3,
3,3,3,3,1,1,0,0,0,0,0,1,3,3,3,3,3,3,3,3,3,3,3,3,3,3,3,1,0,4,0,0,0,1,3,3,3,3,3,3,
3,3,3,1,1,0,0,0,0,0,0,1,1,1,1,1,1,3,3,3,3,3,3,3,3,3,3,1,1,0,0,0,0,1,1,3,3,3,3,3,
3,3,3,1,0,0,0,0,0,0,0,0,0,0,0,0,1,1,1,3,3,3,3,3,3,3,3,3,1,0,0,0,0,0,1,3,3,3,3,3,
3,3,3,1,0,0,4,1,0,0,0,0,0,0,0,0,0,0,1,1,1,1,1,3,3,3,3,3,1,0,0,0,0,0,1,3,3,3,3,3,
3,3,3,1,1,0,0,0,0,0,0,0,0,0,4,0,0,1,0,0,0,4,1,1,3,3,3,3,1,0,0,0,0,0,1,3,3,3,3,3,
3,3,3,3,1,0,0,0,0,0,0,0,0,0,0,0,0,4,0,0,0,0,0,1,1,3,3,3,1,0,0,0,0,0,1,3,3,3,3,3,
3,3,3,3,1,1,0,0,0,0,0,0,0,0,0,0,0,0,0,0,0,0,0,0,1,3,3,1,1,0,0,0,0,0,1,3,3,3,3,3,
3,3,3,3,3,1,0,0,0,0,0,0,0,0,0,0,0,0,0,0,0,0,0,0,1,3,3,1,0,0,0,0,0,1,1,3,3,3,3,3,
3,3,3,3,3,1,1,1,0,0,0,0,1,1,1,1,0,0,0,0,0,0,0,1,1,3,3,1,4,0,0,0,1,1,3,3,3,3,3,3,
3,3,3,3,3,3,3,1,0,0,0,0,1,3,3,1,1,1,0,0,0,0,1,1,3,3,3,1,4,0,4,4,1,3,3,3,3,3,3,3,
3,3,3,3,3,3,3,1,0,0,0,0,1,3,3,3,3,1,1,1,1,1,1,3,3,3,3,1,1,0,4,1,1,3,3,3,3,3,3,3,
3,3,3,3,3,3,1,1,0,4,0,0,1,1,1,1,1,1,3,3,3,3,3,3,3,3,3,1,4,0,0,4,1,1,1,3,3,3,3,3,
3,3,3,3,1,1,1,0,0,0,0,0,0,0,0,0,0,1,1,1,3,3,3,3,3,3,3,1,1,0,0,0,0,0,1,3,3,3,3,3,
3,3,3,1,1,0,0,0,4,0,0,0,0,0,0,0,0,0,0,1,1,3,3,3,3,3,3,3,1,0,0,0,0,0,1,1,3,3,3,3,
3,3,1,1,0,0,0,0,0,0,0,0,0,0,0,0,0,0,0,4,1,1,3,3,3,3,3,3,1,1,0,0,0,0,0,1,3,3,3,3,
3,3,1,0,0,0,0,0,0,0,0,0,0,0,0,0,0,0,0,0,4,1,3,3,3,3,3,3,3,1,0,0,0,0,0,1,1,3,3,3,
3,3,1,0,0,0,0,0,0,1,1,1,1,0,0,0,0,0,0,0,0,1,1,3,3,3,3,3,3,1,0,0,0,0,0,0,1,3,3,3,
3,1,1,0,0,0,0,1,1,1,3,3,1,1,1,1,1,0,0,0,0,0,1,3,3,3,3,3,3,1,1,0,0,0,0,0,1,3,3,3,
3,1,0,0,0,0,0,1,3,3,3,3,3,3,3,3,1,4,4,0,0,0,1,1,3,3,3,3,3,3,1,0,0,0,0,0,1,3,3,3,
3,1,0,0,0,0,0,1,3,3,3,3,3,3,3,3,1,1,4,0,0,0,0,1,3,3,3,3,3,3,1,0,0,0,0,0,1,3,3,3,
3,1,0,0,0,0,0,1,3,3,3,3,3,3,3,3,3,1,1,0,0,0,0,1,1,3,3,3,3,1,1,0,0,0,0,0,1,3,3,3,
3,1,0,0,0,0,0,1,1,1,3,3,3,3,3,3,3,3,1,0,0,0,0,0,1,3,3,3,3,1,4,0,0,0,0,1,1,3,3,3,
3,1,1,0,0,0,0,0,4,1,3,1,1,1,1,3,3,1,1,0,0,0,0,0,1,3,3,3,3,1,0,0,0,0,0,1,3,3,3,3,
3,3,1,1,0,0,0,0,0,1,1,1,4,0,1,1,1,1,0,0,0,0,0,1,1,3,3,3,3,1,0,0,0,0,4,1,3,3,3,3,
3,3,3,1,0,0,0,0,0,0,0,0,0,0,0,0,0,0,0,0,0,0,0,1,3,3,3,3,3,1,0,0,0,0,0,1,1,3,3,3,
3,3,3,1,1,0,0,0,0,0,0,0,0,1,0,0,0,0,0,0,0,0,1,1,3,3,3,3,3,1,1,0,0,0,0,0,1,3,3,3,
3,3,3,3,1,1,1,0,0,0,0,0,0,0,0,0,0,0,0,0,0,1,1,3,3,3,3,3,3,3,1,1,0,0,0,0,1,3,3,3,
3,3,3,3,3,3,1,1,1,0,0,0,0,0,0,0,0,0,0,0,1,1,3,3,3,3,3,3,3,3,3,1,0,0,0,0,1,3,3,3,
3,3,3,3,3,3,3,3,1,1,1,1,0,0,0,0,0,1,1,1,1,3,3,3,3,3,3,3,3,3,3,1,0,0,0,0,1,3,3,3,
3,3,3,3,3,3,3,3,3,3,3,1,1,1,1,1,1,1,3,3,3,3,3,3,3,3,3,3,3,3,3,1,0,0,0,0,1,3,3,3

[event]
# to Nazia Highlands
type=event
location=32,59,4,1
activate=on_trigger
hotspot=location
intermap=maps/nazia_highlands.txt,13,7
repeat=false
tooltip=Nazia Highlands

[event]
# rock trap
type=event
location=29,39,1,1
activate=on_trigger
msg=Quest added.
repeat=false
requires_not_status=emp_naziamines_init,emp_naziamines_finish
set_status=emp_naziamines_init
shakycam=1s
soundfx=soundfx/environment/falling_rocks.ogg
spawn=nazia_boulder,29,40

[event]
# launch mine cart
type=event
location=29,30,1,1
activate=on_trigger
hotspot=location
mapmod=collision,29,30,0;object,29,30,0
power=199
power_path=29,30,29,39
remove_item=1016
repeat=false
requires_not_status=emp_naziamines_cleared,emp_naziamines_finish
requires_status=emp_naziamines_init,emp_naziamines_dynamite
soundfx=soundfx/environment/minecart.ogg
tooltip=Empty Mine Cart
unset_status=emp_naziamines_dynamite

[event]
# Treasure Chest (dynamite)
type=event
location=12,53,1,1
activate=on_trigger
hotspot=location
loot=loot/level_9.txt;1016,fixed,1
loot_count=3,4
mapmod=object,12,53,177
repeat=false
requires_not_status=emp_naziamines_chest,emp_naziamines_dynamite,emp_naziamines_cleared
requires_status=emp_naziamines_init
set_status=emp_naziamines_chest
soundfx=soundfx/wood_open.ogg
tooltip=Treasure Chest

[event]
# Crate
type=event
location=18,20,1,1
activate=on_trigger
hotspot=location
loot=loot/level_9.txt
mapmod=object,18,20,179
repeat=false
soundfx=soundfx/wood_open.ogg
tooltip=Crate

[event]
# Barrel
type=event
location=32,3,1,1
activate=on_trigger
hotspot=location
loot=loot/level_9.txt
mapmod=object,32,3,178
repeat=false
soundfx=soundfx/wood_open.ogg
tooltip=Barrel

[event]
# inspect mine cart
type=event
location=25,31,1,1
activate=on_trigger
hotspot=29,30,1,1
msg=By itself, this mine cart can't break open the rubble.
requires_not_status=emp_naziamines_dynamite,emp_naziamines_cleared
requires_status=emp_naziamines_init
tooltip=Empty Mine Cart

[event]
# Treasure Chest (no quest)
type=event
location=11,50,1,1
activate=on_trigger
hotspot=12,53,1,1
loot=loot/level_9.txt
loot_count=3,4
mapmod=object,12,53,177
repeat=false
requires_not_status=emp_naziamines_init,emp_naziamines_chest
set_status=emp_naziamines_chest
soundfx=soundfx/wood_open.ogg
tooltip=Treasure Chest

[event]
# Treasure Chest (have dynamite)
type=event
location=13,50,1,1
activate=on_trigger
hotspot=12,53,1,1
loot=loot/level_9.txt
loot_count=3,4
mapmod=object,12,53,177
repeat=false
requires_not_status=emp_naziamines_chest
requires_status=emp_naziamines_init,emp_naziamines_dynamite
set_status=emp_naziamines_chest
soundfx=soundfx/wood_open.ogg
tooltip=Treasure Chest

[event]
# Treasure Chest (cleared rubble)
type=event
location=15,50,1,1
activate=on_trigger
hotspot=12,53,1,1
loot=loot/level_9.txt
loot_count=3,4
mapmod=object,12,53,177
repeat=false
requires_not_status=emp_naziamines_chest
requires_status=emp_naziamines_init,emp_naziamines_cleared
set_status=emp_naziamines_chest
soundfx=soundfx/wood_open.ogg
tooltip=Treasure Chest

[event]
# finish quest
type=event
location=29,41,2,1
activate=on_trigger
requires_status=emp_naziamines_cleared
reward_xp=6400
set_status=emp_naziamines_finish
unset_status=emp_naziamines_init,emp_naziamines_cleared

[event]
# reset chest status
type=event
location=11,48,1,1
activate=on_load
requires_status=emp_naziamines_chest
unset_status=emp_naziamines_chest

[event]
# remove mine cart (quest complete)
type=event
location=24,29,1,1
activate=on_load
mapmod=collision,29,30,0;object,29,30,0
requires_status=emp_naziamines_finish

[event]
# remove mine cart (rubble cleared)
type=event
location=24,27,1,1
activate=on_load
mapmod=collision,29,30,0;object,29,30,0
requires_status=emp_naziamines_cleared

[event]
# Owl fig
type=event
location=29,41,2,1
activate=on_trigger
loot=1010,fixed,1
repeat=false
requires_not_status=emp_fig_2
requires_status=emp_naziamines_finish

[event]
# Set Owl fig status
type=event
location=38,56,1,1
activate=on_load
repeat=false
requires_item=1010
requires_not_status=emp_fig_2
set_status=emp_fig_2

[event]
# Wind sound
type=event
location=0,0,1,1
activate=on_load
soundfx=soundfx/environment/cave_wind_loop.ogg

[event]
# spawn boulder
type=event
location=29,40,1,1
activate=on_load
repeat=false
requires_not_status=emp_naziamines_cleared
requires_status=emp_naziamines_init
spawn=nazia_boulder,29,40

[event]
# reset quest
type=event
location=2,0,1,1
activate=on_load
msg=Reset Quest: "Trapped!"
repeat=false
requires_not_status=emp_naziamines_finish
requires_status=emp_naziamines_init
script=scripts/maps/nazia_mines/reset_quest.txt

[enemy]
type=enemy
location=31,3,4,10
category=antlion
level=9
number=2,3

[enemy]
type=enemy
location=21,1,10,5
category=antlion
level=9
number=2,3

[enemy]
type=enemy
location=10,7,13,6
category=antlion
level=9
number=3

[enemy]
type=enemy
location=4,18,3,5
category=goblin
level=9
number=1,2

[enemy]
type=enemy
location=10,18,9,6
category=antlion
level=9
number=3

[enemy]
type=enemy
location=4,31,3,5
category=goblin
level=9
number=1,2

[enemy]
type=enemy
location=12,32,10,6
category=antlion
level=9
number=3

[enemy]
type=enemy
location=2,45,8,12
category=antlion
level=9
number=4

[enemy]
type=enemy
location=14,40,10,14
category=antlion
level=9
number=3,4

[enemy]
type=enemy
location=13,54,1,1
category=xonun
level=10
number=1
wander_radius=1

