[header]
width=56
height=38
tilewidth=64
tileheight=32
orientation=isometric
background_color=0,0,0,255
hero_pos=52,18
music=music/cave_theme.ogg
tileset=tilesetdefs/tileset_cave.txt
title=Perdition Mines

[tilesets]
tileset=../../../tiled/cave/tiled_collision.png,64,32,0,0
tileset=../../../tiled/cave/tiled_cave.png,64,128,0,0
tileset=../../../tiled/cave/set_rules.png,64,32,0,0
tileset=../../../tiled/cave/tiled_cave_2x2.png,128,64,0,16

[layer]
type=background
data=
0,0,0,0,0,0,0,0,0,0,0,0,0,0,0,0,0,0,0,0,0,0,0,0,0,0,0,0,0,0,0,0,0,0,0,0,0,0,0,0,0,0,0,0,0,0,0,0,0,0,0,0,0,0,0,0,
0,0,0,0,0,0,0,0,0,0,0,0,0,0,0,0,0,0,0,0,0,0,0,0,0,0,0,0,0,0,0,0,0,0,0,0,0,0,0,0,0,0,0,0,0,0,0,0,0,0,0,0,0,0,0,0,
0,0,0,0,0,0,0,0,0,0,0,0,0,0,0,0,0,16,57,0,0,0,0,0,0,0,0,0,0,0,0,0,0,0,0,0,0,0,0,0,0,0,0,0,0,0,0,0,0,0,0,0,0,0,0,0,
0,0,0,0,0,0,0,0,0,0,0,0,0,0,0,0,23,20,21,57,23,57,0,0,0,0,0,0,0,0,0,0,0,0,0,0,0,0,0,0,0,0,0,0,0,0,0,0,0,0,0,0,0,0,0,0,
0,0,0,0,0,0,0,0,0,0,0,0,0,0,0,26,27,24,25,26,27,24,57,57,0,0,0,0,0,0,0,0,0,0,0,0,0,0,0,57,0,0,0,0,0,0,0,0,0,0,0,0,0,0,0,0,
0,0,0,0,0,0,0,0,0,0,0,0,0,0,0,30,31,28,29,33,31,28,29,30,57,0,0,0,0,0,0,0,0,0,0,0,31,28,29,30,57,0,0,0,0,0,0,0,0,0,0,0,0,0,0,0,
0,0,0,0,0,0,0,0,0,0,0,0,0,0,0,18,19,16,17,33,19,16,17,18,19,0,0,0,0,0,0,0,0,0,0,18,19,16,17,18,19,57,0,0,0,0,0,0,0,0,0,0,0,0,0,0,
0,0,0,0,0,0,0,0,0,0,0,0,0,0,0,22,23,20,21,33,23,20,21,22,23,0,0,0,0,0,0,0,0,0,21,22,23,52,21,22,23,20,57,0,0,0,0,0,0,0,0,0,0,0,0,0,
0,0,0,0,0,0,0,0,0,0,0,0,0,0,0,56,27,24,25,33,27,54,25,26,27,0,0,0,0,0,0,0,0,0,25,26,27,24,25,26,27,24,25,57,0,0,0,0,0,0,0,0,0,0,0,0,
0,0,0,0,0,0,0,0,0,0,0,0,0,0,0,0,56,28,29,33,31,28,29,30,31,0,0,0,0,0,0,0,0,0,29,30,31,28,29,30,33,28,29,30,0,0,0,0,0,0,0,0,0,0,0,0,
0,0,0,0,0,0,0,0,0,0,0,0,0,0,0,0,19,16,17,33,19,16,17,18,19,0,0,0,0,0,0,0,0,0,17,18,19,16,17,18,33,16,17,18,57,0,0,0,0,0,0,0,0,0,0,0,
0,0,0,57,0,0,0,22,23,57,0,0,0,0,0,0,23,20,21,33,23,20,21,22,23,0,0,0,0,0,0,0,0,0,21,22,23,20,21,22,33,20,21,22,23,0,0,0,0,0,0,0,0,0,0,0,
0,0,25,26,28,24,31,27,16,16,21,26,27,24,25,26,27,24,53,33,27,24,25,26,27,0,0,26,57,0,0,0,0,24,25,26,27,24,25,26,33,24,25,26,27,0,0,0,0,0,0,0,0,0,0,0,
0,0,29,30,31,28,29,30,31,28,48,30,31,28,29,30,31,28,29,33,31,28,49,30,31,57,29,30,31,57,29,30,31,28,29,30,31,28,29,30,33,28,29,53,31,0,0,0,0,0,0,0,0,0,0,0,
0,16,17,18,19,16,17,18,19,16,17,18,19,16,17,18,19,16,17,33,19,16,17,18,19,16,17,18,19,16,17,18,19,16,17,50,19,16,17,18,33,16,17,18,19,0,0,0,19,57,0,0,0,0,0,0,
0,20,21,22,23,34,34,34,34,34,34,34,34,34,34,34,34,34,34,40,34,44,34,34,34,34,34,34,34,34,37,22,23,20,21,22,23,20,21,22,33,20,21,22,23,57,21,22,23,50,57,0,0,0,0,0,
0,24,25,26,27,24,25,26,27,48,25,26,27,24,25,26,27,24,25,26,27,33,48,26,27,24,25,26,27,24,33,26,27,24,25,26,27,24,25,26,33,24,25,26,27,24,25,26,27,24,25,57,0,0,0,0,
0,56,29,49,31,28,29,55,31,28,29,30,51,28,29,30,31,28,29,30,31,33,29,30,31,28,29,30,31,28,39,34,34,34,34,34,34,44,34,34,40,34,34,34,34,34,34,34,34,34,29,30,57,28,29,30,
0,0,56,18,19,16,17,18,19,16,17,18,19,16,17,18,0,0,0,56,19,33,17,18,19,16,17,18,19,16,17,18,19,16,17,18,19,33,17,18,19,16,17,18,19,16,17,51,19,16,17,18,19,16,17,18,
0,0,0,56,23,20,21,22,23,20,21,22,23,20,21,0,0,0,0,22,23,33,21,22,23,20,21,22,48,20,21,22,23,20,21,22,23,33,21,22,23,20,21,22,23,20,21,22,23,20,21,22,23,20,21,22,
0,0,0,0,0,56,25,26,27,24,25,26,27,24,25,0,0,0,0,26,27,33,25,26,27,24,25,26,27,24,25,26,27,24,25,26,27,33,25,26,27,24,25,26,27,24,25,26,27,24,25,26,27,24,25,26,
0,0,0,0,0,0,0,0,0,0,0,0,0,0,0,0,0,0,0,30,31,33,29,30,31,28,29,30,31,28,29,30,31,52,29,30,31,33,29,30,55,28,29,30,31,28,0,0,56,28,29,30,31,28,0,0,
0,0,0,0,0,0,0,0,0,0,0,0,0,0,0,0,0,0,17,18,19,33,17,18,19,16,17,18,19,16,17,18,19,16,17,18,19,33,17,18,19,16,17,18,19,0,0,0,0,0,0,0,0,0,0,0,
0,0,0,0,0,0,0,0,0,0,0,0,0,0,0,0,0,20,21,22,23,33,21,22,23,20,0,0,0,0,0,56,23,20,21,22,23,33,21,22,23,20,21,22,23,0,0,0,0,0,0,0,0,0,0,0,
0,0,0,0,0,0,0,0,0,0,0,0,0,0,0,26,27,24,25,54,27,33,25,26,27,24,0,0,0,0,0,0,0,0,56,26,27,33,25,26,27,24,25,26,27,0,0,0,0,0,0,0,0,0,0,0,
0,0,0,0,0,0,0,0,0,0,0,0,0,0,56,30,31,28,29,30,31,33,29,51,31,28,0,0,0,0,0,0,0,0,29,30,31,33,29,30,31,28,29,30,31,0,0,0,0,0,0,0,0,0,0,0,
0,0,0,0,0,0,0,0,0,0,0,0,0,0,0,56,19,16,17,18,19,33,17,18,19,16,57,0,0,0,0,0,0,0,56,18,19,33,17,18,19,16,17,18,19,0,0,0,0,0,0,0,0,0,0,0,
0,0,0,0,0,0,0,0,0,0,0,0,0,0,0,22,23,20,48,22,23,33,21,22,23,20,21,0,0,0,0,0,0,0,0,56,23,33,21,22,23,20,21,22,23,57,0,0,0,0,0,0,0,0,0,0,
0,0,0,0,0,0,0,0,0,0,0,0,0,0,0,26,27,24,25,26,27,24,25,26,27,24,25,0,0,0,0,0,0,0,0,26,27,24,25,26,27,24,25,26,27,24,0,0,0,0,0,0,0,0,0,0,
0,0,0,0,0,0,0,0,0,0,0,0,0,0,0,30,31,28,29,30,31,28,29,30,31,28,0,0,0,0,0,0,0,0,0,30,31,28,29,30,31,28,29,30,31,28,0,0,0,0,0,0,0,0,0,0,
0,0,0,0,0,0,0,0,0,0,0,0,0,0,0,18,19,16,17,18,19,16,17,18,19,0,0,0,0,0,0,0,0,0,0,56,19,16,17,18,50,16,17,18,19,0,0,0,0,0,0,0,0,0,0,0,
0,0,0,0,0,0,0,0,0,0,0,0,0,0,21,22,23,55,21,22,23,20,21,22,23,0,0,0,0,0,0,0,0,0,0,0,56,20,55,22,23,20,21,22,23,0,0,0,0,0,0,0,0,0,0,0,
0,0,0,0,0,0,0,0,0,0,0,0,0,0,56,26,27,24,25,26,27,24,25,0,0,0,0,0,0,0,0,0,0,0,0,0,56,24,25,26,27,24,25,26,27,0,0,0,0,0,0,0,0,0,0,0,
0,0,0,0,0,0,0,0,0,0,0,0,0,0,0,56,31,28,29,30,31,28,0,0,0,0,0,0,0,0,0,0,0,0,0,0,0,56,29,30,31,28,29,30,31,0,0,0,0,0,0,0,0,0,0,0,
0,0,0,0,0,0,0,0,0,0,0,0,0,0,0,0,0,56,17,18,19,16,0,0,0,0,0,0,0,0,0,0,0,0,0,0,0,0,0,56,19,16,17,18,19,0,0,0,0,0,0,0,0,0,0,0,
0,0,0,0,0,0,0,0,0,0,0,0,0,0,0,0,0,0,0,0,0,0,0,0,0,0,0,0,0,0,0,0,0,0,0,0,0,0,0,0,0,0,0,0,0,0,0,0,0,0,0,0,0,0,0,0,
0,0,0,0,0,0,0,0,0,0,0,0,0,0,0,0,0,0,0,0,0,0,0,0,0,0,0,0,0,0,0,0,0,0,0,0,0,0,0,0,0,0,0,0,0,0,0,0,0,0,0,0,0,0,0,0,
0,0,0,0,0,0,0,0,0,0,0,0,0,0,0,0,0,0,0,0,0,0,0,0,0,0,0,0,0,0,0,0,0,0,0,0,0,0,0,0,0,0,0,0,0,0,0,0,0,0,0,0,0,0,0,0

[layer]
type=object
data=
0,0,0,0,0,0,0,0,0,0,0,0,0,0,0,0,0,0,0,0,0,0,0,0,0,0,0,0,0,0,0,0,0,0,0,0,0,0,0,0,0,0,0,0,0,0,0,0,0,0,0,0,0,0,0,0,
0,0,0,0,0,0,0,0,0,0,0,0,0,0,0,0,0,0,0,0,0,0,0,0,0,0,0,0,0,0,0,0,0,0,0,0,0,0,0,0,0,0,0,0,0,0,0,0,0,0,0,0,0,0,0,0,
0,0,0,0,0,0,0,0,0,0,0,0,0,0,0,0,76,69,69,77,0,0,0,0,0,0,0,0,0,0,0,0,0,0,0,0,0,0,0,0,0,0,0,0,0,0,0,0,0,0,0,0,0,0,0,0,
0,0,0,0,0,0,0,0,0,0,0,0,0,0,0,72,115,0,0,85,109,69,73,0,0,0,0,0,0,0,0,0,0,0,0,0,0,0,0,0,0,0,0,0,0,0,0,0,0,0,0,0,0,0,0,0,
0,0,0,0,0,0,0,0,0,0,0,0,0,0,0,68,0,163,0,0,0,0,85,69,73,0,0,0,0,0,0,0,0,0,0,0,0,0,72,69,73,0,0,0,0,0,0,0,0,0,0,0,0,0,0,0,
0,0,0,0,0,0,0,0,0,0,0,0,0,0,0,96,0,0,0,0,147,0,0,0,85,73,0,0,0,0,0,0,0,0,0,98,69,113,103,0,81,77,0,0,0,0,0,0,0,0,0,0,0,0,0,0,
0,0,0,0,0,0,0,0,0,0,0,0,0,0,0,64,0,0,0,130,0,0,0,0,0,66,0,0,0,0,0,0,0,0,102,84,0,0,0,0,0,85,73,0,0,0,0,0,0,0,0,0,0,0,0,0,
0,0,0,0,0,0,0,0,0,0,0,0,0,0,0,100,0,0,0,130,0,0,0,0,0,70,0,0,0,0,0,0,0,0,68,132,0,0,0,0,0,0,81,73,0,0,0,0,0,0,0,0,0,0,0,0,
0,0,0,0,0,0,0,0,0,0,0,0,0,0,0,64,0,0,149,0,0,0,0,0,0,66,0,0,0,0,0,0,0,0,64,0,0,0,0,0,150,0,0,81,77,0,0,0,0,0,0,0,0,0,0,0,
0,0,0,0,0,0,0,0,0,0,0,0,0,0,0,79,87,0,0,0,0,0,0,0,0,66,0,0,0,0,0,0,0,0,112,0,0,0,0,0,0,0,0,0,70,0,0,0,0,0,0,0,0,0,0,0,
0,0,0,0,0,0,0,0,0,0,0,0,0,0,0,0,104,0,0,0,0,0,0,0,0,106,0,0,0,0,0,0,0,0,68,0,0,151,0,0,130,0,0,0,85,77,0,0,0,0,0,0,0,0,0,0,
0,0,72,65,73,0,76,69,101,65,73,0,0,0,0,0,68,0,0,0,0,0,0,0,0,66,0,0,0,0,0,0,0,0,108,0,0,0,0,0,0,0,0,0,0,70,0,0,0,0,0,0,0,0,0,0,
0,0,64,144,81,105,84,0,146,0,85,113,69,109,97,69,103,0,0,0,0,0,0,0,0,70,102,69,113,73,0,0,72,105,80,0,0,0,0,0,0,0,0,0,0,70,0,0,0,0,0,0,0,0,0,0,
0,72,80,0,0,0,0,147,0,0,0,0,0,0,0,0,0,0,0,0,0,0,0,0,0,85,84,0,0,81,69,69,99,0,0,0,0,0,0,0,0,0,0,0,0,70,0,0,0,0,0,0,0,0,0,0,
0,68,134,0,0,0,0,0,0,0,0,0,0,0,0,0,0,0,0,0,0,0,0,0,0,0,0,0,0,0,0,0,0,0,0,0,0,0,0,0,128,0,0,0,0,70,0,76,109,101,77,0,0,0,0,0,
0,68,0,0,153,0,131,131,0,0,131,0,0,0,0,0,0,0,0,0,0,0,0,0,0,0,0,0,0,0,0,0,0,0,0,0,0,0,0,0,0,0,0,0,0,81,65,99,0,0,81,73,0,0,0,0,
0,100,147,0,160,0,0,0,0,0,0,0,0,0,0,0,0,0,0,0,148,0,0,0,0,0,0,0,0,149,0,0,0,111,0,0,0,0,0,148,0,0,0,0,0,0,0,0,0,0,0,81,73,0,0,0,
0,64,0,0,0,0,0,0,0,0,0,0,0,0,0,0,0,0,0,0,0,0,0,0,0,0,0,0,0,0,0,0,0,129,0,0,0,0,0,0,0,0,0,0,0,0,0,0,0,0,0,0,85,69,69,69,
0,75,83,0,0,0,0,0,0,0,0,0,0,0,0,0,86,67,67,83,0,0,0,0,0,152,0,0,0,0,0,0,0,0,0,0,0,0,0,0,0,0,0,0,0,0,0,0,0,0,0,0,0,0,0,240,
0,0,79,83,0,0,0,0,0,0,0,0,0,0,0,86,78,0,0,68,0,0,0,0,0,0,0,0,0,0,0,0,0,0,0,0,0,0,0,0,0,0,0,0,0,0,0,0,0,0,0,0,0,0,0,240,
0,0,0,79,67,83,0,0,0,0,0,0,0,0,0,66,0,0,0,68,0,0,0,0,0,0,0,0,0,0,0,0,0,110,0,0,0,0,0,0,0,0,0,0,0,0,0,0,0,0,0,0,0,0,0,240,
0,0,0,0,0,79,107,71,67,71,71,67,71,71,67,74,0,0,102,84,0,0,0,0,0,0,0,0,0,0,0,0,0,0,0,0,0,0,0,0,0,0,0,0,0,0,86,107,83,0,0,0,0,0,82,67,
0,0,0,0,0,0,0,0,0,0,0,0,0,0,0,0,0,98,80,0,0,130,0,0,0,0,0,0,0,0,0,0,0,0,0,0,0,128,0,0,0,0,0,0,0,82,78,0,75,67,71,67,71,71,78,0,
0,0,0,0,0,0,0,0,0,0,0,0,0,0,0,0,114,84,0,0,0,0,0,0,0,0,82,71,71,71,67,83,0,0,0,0,0,0,0,0,0,0,0,0,0,70,0,0,0,0,0,0,0,0,0,0,
0,0,0,0,0,0,0,0,0,0,0,0,0,0,76,97,80,0,0,0,0,0,0,0,0,0,66,0,0,0,0,75,67,107,87,0,0,0,0,0,0,0,0,0,0,70,0,0,0,0,0,0,0,0,0,0,
0,0,0,0,0,0,0,0,0,0,0,0,0,0,64,0,0,0,0,0,0,0,0,0,0,0,66,0,0,0,0,0,0,0,64,0,0,130,0,0,0,0,0,0,0,70,0,0,0,0,0,0,0,0,0,0,
0,0,0,0,0,0,0,0,0,0,0,0,0,0,79,83,0,0,0,0,0,130,0,0,0,0,81,73,0,0,0,0,0,0,100,0,0,0,0,0,149,0,0,0,0,70,0,0,0,0,0,0,0,0,0,0,
0,0,0,0,0,0,0,0,0,0,0,0,0,0,0,68,0,0,0,0,0,0,0,0,0,0,0,70,0,0,0,0,0,0,79,87,0,0,0,0,0,0,0,0,0,85,73,0,0,0,0,0,0,0,0,0,
0,0,0,0,0,0,0,0,0,0,0,0,0,0,0,108,0,0,0,0,0,0,0,0,0,0,0,66,0,0,0,0,0,0,0,64,0,145,0,0,0,0,0,0,0,0,66,0,0,0,0,0,0,0,0,0,
0,0,0,0,0,0,0,0,0,0,0,0,0,0,0,64,0,0,149,0,0,0,0,0,0,0,82,74,0,0,0,0,0,0,0,108,0,0,0,0,0,0,0,0,0,0,70,0,0,0,0,0,0,0,0,0,
0,0,0,0,0,0,0,0,0,0,0,0,0,0,72,115,0,0,0,0,0,0,0,0,0,86,74,0,0,0,0,0,0,0,0,64,133,0,0,0,0,0,0,0,0,86,78,0,0,0,0,0,0,0,0,0,
0,0,0,0,0,0,0,0,0,0,0,0,0,0,68,0,162,0,0,0,0,0,0,0,0,66,0,0,0,0,0,0,0,0,0,75,83,0,0,0,0,0,0,0,0,70,0,0,0,0,0,0,0,0,0,0,
0,0,0,0,0,0,0,0,0,0,0,0,0,0,64,135,0,0,0,0,0,0,0,86,71,78,0,0,0,0,0,0,0,0,0,0,64,134,0,0,0,0,0,0,0,66,0,0,0,0,0,0,0,0,0,0,
0,0,0,0,0,0,0,0,0,0,0,0,0,0,75,87,0,0,0,0,0,0,86,78,0,0,0,0,0,0,0,0,0,0,0,0,75,87,0,0,0,0,0,0,0,66,0,0,0,0,0,0,0,0,0,0,
0,0,0,0,0,0,0,0,0,0,0,0,0,0,0,79,71,87,0,0,0,0,70,0,0,0,0,0,0,0,0,0,0,0,0,0,0,79,71,87,0,0,0,0,0,70,0,0,0,0,0,0,0,0,0,0,
0,0,0,0,0,0,0,0,0,0,0,0,0,0,0,0,0,75,71,67,67,71,74,0,0,0,0,0,0,0,0,0,0,0,0,0,0,0,0,79,67,67,71,67,71,74,0,0,0,0,0,0,0,0,0,0,
0,0,0,0,0,0,0,0,0,0,0,0,0,0,0,0,0,0,0,0,0,0,0,0,0,0,0,0,0,0,0,0,0,0,0,0,0,0,0,0,0,0,0,0,0,0,0,0,0,0,0,0,0,0,0,0,
0,0,0,0,0,0,0,0,0,0,0,0,0,0,0,0,0,0,0,0,0,0,0,0,0,0,0,0,0,0,0,0,0,0,0,0,0,0,0,0,0,0,0,0,0,0,0,0,0,0,0,0,0,0,0,0

[layer]
type=collision
data=
3,3,3,3,3,3,3,3,3,3,3,3,3,3,3,3,3,3,3,3,3,3,3,3,3,3,3,3,3,3,3,3,3,3,3,3,3,3,3,3,3,3,3,3,3,3,3,3,3,3,3,3,3,3,3,3,
3,3,3,3,3,3,3,3,3,3,3,3,3,3,3,3,3,3,3,3,3,3,3,3,3,3,3,3,3,3,3,3,3,3,3,3,3,3,3,3,3,3,3,3,3,3,3,3,3,3,3,3,3,3,3,3,
3,3,3,3,3,3,3,3,3,3,3,3,3,3,3,3,1,1,1,1,1,3,3,3,3,3,3,3,3,3,3,3,3,3,3,3,3,3,3,3,3,3,3,3,3,3,3,3,3,3,3,3,3,3,3,3,
3,3,3,3,3,3,3,3,3,3,3,3,3,3,3,1,1,0,0,1,1,1,1,1,3,3,3,3,3,3,3,3,3,3,3,3,3,3,3,3,3,3,3,3,3,3,3,3,3,3,3,3,3,3,3,3,
3,3,3,3,3,3,3,3,3,3,3,3,3,3,3,1,0,4,0,0,0,0,1,1,1,3,3,3,3,3,3,3,3,3,3,3,3,3,1,1,1,3,3,3,3,3,3,3,3,3,3,3,3,3,3,3,
3,3,3,3,3,3,3,3,3,3,3,3,3,3,3,1,0,0,0,0,4,0,0,0,1,1,3,3,3,3,3,3,3,3,3,1,1,1,1,0,1,1,3,3,3,3,3,3,3,3,3,3,3,3,3,3,
3,3,3,3,3,3,3,3,3,3,3,3,3,3,3,1,0,0,0,4,0,0,0,0,0,1,3,3,3,3,3,3,3,3,1,1,0,0,0,0,0,1,1,3,3,3,3,3,3,3,3,3,3,3,3,3,
3,3,3,3,3,3,3,3,3,3,3,3,3,3,3,1,0,0,0,4,0,0,0,0,0,1,3,3,3,3,3,3,3,3,1,0,0,0,0,0,0,0,1,1,3,3,3,3,3,3,3,3,3,3,3,3,
3,3,3,3,3,3,3,3,3,3,3,3,3,3,3,1,0,0,1,0,0,0,0,0,0,1,3,3,3,3,3,3,3,3,1,0,0,0,0,0,4,0,0,1,1,3,3,3,3,3,3,3,3,3,3,3,
3,3,3,3,3,3,3,3,3,3,3,3,3,3,3,1,1,0,0,0,0,0,0,0,0,1,3,3,3,3,3,3,3,3,1,0,0,0,0,0,0,0,0,0,1,3,3,3,3,3,3,3,3,3,3,3,
3,3,3,3,3,3,3,3,3,3,3,3,3,3,3,3,1,0,0,0,0,0,0,0,0,1,3,3,3,3,3,3,3,3,1,0,0,4,0,0,4,0,0,0,1,1,3,3,3,3,3,3,3,3,3,3,
3,3,1,1,1,3,1,1,1,1,1,3,3,3,3,3,1,0,0,0,0,0,0,0,0,1,3,3,3,3,3,3,3,1,1,0,0,0,0,0,0,0,0,0,0,1,3,3,3,3,3,3,3,3,3,3,
3,3,1,4,1,1,1,0,4,0,1,1,1,1,1,1,1,0,0,0,0,0,0,0,0,1,1,1,1,1,3,3,1,1,1,0,0,0,0,0,0,0,0,0,0,1,3,3,3,3,3,3,3,3,3,3,
3,1,1,0,0,0,0,4,0,0,0,0,0,0,0,0,0,0,0,0,0,0,0,0,0,1,1,0,0,1,1,1,1,0,0,0,0,0,0,0,0,0,0,0,0,1,3,3,3,3,3,3,3,3,3,3,
3,1,0,0,0,0,0,0,0,0,0,0,0,0,0,0,0,0,0,0,0,0,0,0,0,0,0,0,0,0,0,0,0,0,0,0,0,0,0,0,4,0,0,0,0,1,3,1,1,1,1,3,3,3,3,3,
3,1,0,0,1,0,4,4,0,0,4,0,0,0,0,0,0,0,0,0,0,0,0,0,0,0,0,0,0,0,0,0,0,0,0,0,0,0,0,0,0,0,0,0,0,1,1,1,0,0,1,1,3,3,3,3,
3,1,4,0,4,0,0,0,0,0,0,0,0,0,0,0,0,0,0,0,1,0,0,0,0,0,0,0,0,1,0,0,0,1,0,0,0,0,0,1,0,0,0,0,0,0,0,0,0,0,0,1,1,3,3,3,
3,1,0,0,0,0,0,0,0,0,0,0,0,0,0,0,0,0,0,0,0,0,0,0,0,0,0,0,0,0,0,0,0,4,0,0,0,0,0,0,0,0,0,0,0,0,0,0,0,0,0,0,1,1,1,1,
3,1,1,0,0,0,0,0,0,0,0,0,0,0,0,0,1,1,1,1,0,0,0,0,0,4,0,0,0,0,0,0,0,0,0,0,0,0,0,0,0,0,0,0,0,0,0,0,0,0,0,0,0,0,0,0,
3,3,1,1,0,0,0,0,0,0,0,0,0,0,0,1,1,3,3,1,0,0,0,0,0,0,0,0,0,0,0,0,0,0,0,0,0,0,0,0,0,0,0,0,0,0,0,0,0,0,0,0,0,0,0,0,
3,3,3,1,1,1,0,0,0,0,0,0,0,0,0,1,3,3,3,1,0,0,0,0,0,0,0,0,0,0,0,0,0,1,0,0,0,0,0,0,0,0,0,0,0,0,0,0,0,0,0,0,0,0,0,0,
3,3,3,3,3,1,1,1,1,1,1,1,1,1,1,1,3,3,1,1,0,0,0,0,0,0,0,0,0,0,0,0,0,0,0,0,0,0,0,0,0,0,0,0,0,0,1,1,1,0,0,0,0,0,1,1,
3,3,3,3,3,3,3,3,3,3,3,3,3,3,3,3,3,1,1,0,0,4,0,0,0,0,0,0,0,0,0,0,0,0,0,0,0,4,0,0,0,0,0,0,0,1,1,3,1,1,1,1,1,1,1,3,
3,3,3,3,3,3,3,3,3,3,3,3,3,3,3,3,1,1,0,0,0,0,0,0,0,0,1,1,1,1,1,1,0,0,0,0,0,0,0,0,0,0,0,0,0,1,3,3,3,3,3,3,3,3,3,3,
3,3,3,3,3,3,3,3,3,3,3,3,3,3,1,1,1,0,0,0,0,0,0,0,0,0,1,3,3,3,3,1,1,1,1,0,0,0,0,0,0,0,0,0,0,1,3,3,3,3,3,3,3,3,3,3,
3,3,3,3,3,3,3,3,3,3,3,3,3,3,1,0,0,0,0,0,0,0,0,0,0,0,1,3,3,3,3,3,3,3,1,0,0,4,0,0,0,0,0,0,0,1,3,3,3,3,3,3,3,3,3,3,
3,3,3,3,3,3,3,3,3,3,3,3,3,3,1,1,0,0,0,0,0,4,0,0,0,0,1,1,3,3,3,3,3,3,1,0,0,0,0,0,1,0,0,0,0,1,3,3,3,3,3,3,3,3,3,3,
3,3,3,3,3,3,3,3,3,3,3,3,3,3,3,1,0,0,0,0,0,0,0,0,0,0,0,1,3,3,3,3,3,3,1,1,0,0,0,0,0,0,0,0,0,1,1,3,3,3,3,3,3,3,3,3,
3,3,3,3,3,3,3,3,3,3,3,3,3,3,3,1,0,0,0,0,0,0,0,0,0,0,0,1,3,3,3,3,3,3,3,1,0,4,0,0,0,0,0,0,0,0,1,3,3,3,3,3,3,3,3,3,
3,3,3,3,3,3,3,3,3,3,3,3,3,3,3,1,0,0,1,0,0,0,0,0,0,0,1,1,3,3,3,3,3,3,3,1,0,0,0,0,0,0,0,0,0,0,1,3,3,3,3,3,3,3,3,3,
3,3,3,3,3,3,3,3,3,3,3,3,3,3,1,1,0,0,0,0,0,0,0,0,0,1,1,3,3,3,3,3,3,3,3,1,0,0,0,0,0,0,0,0,0,1,1,3,3,3,3,3,3,3,3,3,
3,3,3,3,3,3,3,3,3,3,3,3,3,3,1,0,4,0,0,0,0,0,0,0,0,1,3,3,3,3,3,3,3,3,3,1,1,0,0,0,0,0,0,0,0,1,3,3,3,3,3,3,3,3,3,3,
3,3,3,3,3,3,3,3,3,3,3,3,3,3,1,0,0,0,0,0,0,0,0,1,1,1,3,3,3,3,3,3,3,3,3,3,1,0,0,0,0,0,0,0,0,1,3,3,3,3,3,3,3,3,3,3,
3,3,3,3,3,3,3,3,3,3,3,3,3,3,1,1,0,0,0,0,0,0,1,1,3,3,3,3,3,3,3,3,3,3,3,3,1,1,0,0,0,0,0,0,0,1,3,3,3,3,3,3,3,3,3,3,
3,3,3,3,3,3,3,3,3,3,3,3,3,3,3,1,1,1,0,0,0,0,1,3,3,3,3,3,3,3,3,3,3,3,3,3,3,1,1,1,0,0,0,0,0,1,3,3,3,3,3,3,3,3,3,3,
3,3,3,3,3,3,3,3,3,3,3,3,3,3,3,3,3,1,1,1,1,1,1,3,3,3,3,3,3,3,3,3,3,3,3,3,3,3,3,1,1,1,1,1,1,1,3,3,3,3,3,3,3,3,3,3,
3,3,3,3,3,3,3,3,3,3,3,3,3,3,3,3,3,3,3,3,3,3,3,3,3,3,3,3,3,3,3,3,3,3,3,3,3,3,3,3,3,3,3,3,3,3,3,3,3,3,3,3,3,3,3,3,
3,3,3,3,3,3,3,3,3,3,3,3,3,3,3,3,3,3,3,3,3,3,3,3,3,3,3,3,3,3,3,3,3,3,3,3,3,3,3,3,3,3,3,3,3,3,3,3,3,3,3,3,3,3,3,3

[event]
# to Salted Field
type=event
location=55,18,1,3
activate=on_trigger
hotspot=location
intermap=maps/salted_field.txt,7,13
tooltip=Salted Field

[event]
# Krolan chest (no key)
type=event
location=1,12,1,1
activate=on_trigger
hotspot=4,16,1,1
requires_not_status=emp_krolan_key
requires_status=emp_krolan_init
tooltip=Krolan's Chest

[event]
# Krolan chest (ready to unlock)
type=event
location=1,14,1,1
activate=on_trigger
hotspot=4,16,1,1
loot=loot/level_2.txt;1001,fixed,1
loot_count=3,4
mapmod=object,4,16,176
repeat=false
requires_item=1000
requires_not_status=emp_krolan_emerald
requires_status=emp_krolan_init,emp_krolan_key
soundfx=soundfx/wood_open.ogg
tooltip=Krolan's Chest

[event]
# Treasure chest (no quest)
type=event
location=4,16,1,1
activate=on_trigger
hotspot=location
loot=loot/level_2.txt
loot_count=3,4
mapmod=object,4,16,176
repeat=false
requires_not_status=emp_krolan_init
soundfx=soundfx/wood_open.ogg
tooltip=Treasure Chest

[event]
# Krolan chest (opened)
type=event
location=1,10,1,1
activate=on_load
mapmod=object,4,16,176
requires_status=emp_krolan_init,emp_krolan_key,emp_krolan_emerald

[event]
# Cave wind sound effect
type=event
location=0,0,1,1
activate=on_load
soundfx=soundfx/environment/cave_wind_loop.ogg

[event]
# Water dripping
type=event
location=7,16,1,1
activate=on_load
soundfx=soundfx/environment/cave_droplets_loop.ogg

[event]
# Water dripping
type=event
location=19,6,1,1
activate=on_load
soundfx=soundfx/environment/cave_droplets_loop.ogg

[event]
# Water dripping
type=event
location=27,16,1,1
activate=on_load
soundfx=soundfx/environment/cave_droplets_loop.ogg

[event]
# Water dripping
type=event
location=17,30,1,1
activate=on_load
soundfx=soundfx/environment/cave_droplets_loop.ogg

[event]
# Water dripping
type=event
location=38,7,1,1
activate=on_load
soundfx=soundfx/environment/cave_droplets_loop.ogg

[event]
# Water dripping
type=event
location=38,29,1,1
activate=on_load
soundfx=soundfx/environment/cave_droplets_loop.ogg

[event]
# Barrel
type=event
location=16,31,1,1
activate=on_trigger
hotspot=location
loot=loot/level_1.txt
mapmod=object,16,31,178
repeat=false
soundfx=soundfx/wood_open.ogg
tooltip=Barrel

[event]
# Crate
type=event
location=17,4,1,1
activate=on_trigger
hotspot=location
loot=loot/level_1.txt
mapmod=object,17,4,179
repeat=false
soundfx=soundfx/wood_open.ogg
tooltip=Crate

[enemy]
type=enemy
location=34,5,9,7
category=undead
level=1
number=2
wander_radius=1

[enemy]
type=enemy
location=35,26,9,7
category=undead
level=1
number=2
wander_radius=1

[enemy]
type=enemy
location=16,27,7,6
category=undead
level=1
number=2,3
wander_radius=1

[enemy]
type=enemy
location=15,3,9,5
category=undead
level=1
number=2,3
wander_radius=1

[enemy]
type=enemy
location=23,13,6,10
category=undead
level=1
number=3,4
wander_radius=2

[enemy]
type=enemy
location=5,15,1,1
category=krolan
number=1
wander_radius=1

[enemy]
type=enemy
location=9,17,4,2
category=undead
level=1
number=1
wander_radius=1

[enemy]
type=enemy
location=6,13,5,2
category=undead
level=1
number=1
wander_radius=1

