[header]
width=60
height=60
tilewidth=64
tileheight=32
orientation=isometric
background_color=0,0,0,255
hero_pos=11,44
music=music/unrest_theme.ogg
tileset=tilesetdefs/tileset_grassland.txt
title=Salted Field

[tilesets]
tileset=../../../tiled/grassland/tiled_collision.png,64,32,0,0
tileset=../../../tiled/grassland/grassland.png,64,128,0,0
tileset=../../../tiled/grassland/grassland_water.png,64,64,0,32
tileset=../../../tiled/grassland/grassland_structures.png,64,256,0,0
tileset=../../../tiled/grassland/grassland_trees.png,128,256,-32,0
tileset=../../../tiled/grassland/set_rules.png,64,32,0,0
tileset=../../../tiled/grassland/tiled_grassland_2x2.png,128,64,0,16

[layer]
type=background
data=
0,0,0,0,0,0,0,0,0,0,0,0,0,0,0,0,0,0,0,0,0,0,0,0,0,0,0,0,0,0,0,0,0,0,0,0,0,0,0,0,0,0,0,0,0,0,0,0,0,0,0,0,0,0,0,0,0,0,0,0,
0,0,0,0,0,0,0,0,0,0,0,0,0,0,0,0,0,0,0,0,0,0,0,0,0,0,0,0,0,0,0,0,0,0,0,0,0,0,0,0,0,0,0,0,0,0,0,0,0,0,0,0,0,0,0,0,0,0,0,0,
0,0,0,0,0,0,0,0,0,0,0,0,0,0,0,0,0,0,0,0,0,0,0,0,0,0,0,0,0,0,0,0,0,0,0,0,0,0,0,0,0,0,0,0,0,0,0,0,0,0,0,0,0,0,0,0,0,0,0,0,
0,0,0,0,0,0,0,0,0,0,0,0,0,0,0,0,0,0,0,0,0,0,0,0,0,0,0,0,0,0,0,0,0,0,0,0,0,0,0,0,0,0,0,0,0,0,0,0,0,0,0,0,0,0,0,0,0,0,0,0,
0,0,0,0,0,0,0,0,0,0,0,0,0,0,0,0,0,0,0,0,0,0,0,0,0,0,0,0,0,0,0,0,0,0,0,0,0,0,0,0,0,0,0,0,0,0,0,0,0,0,0,0,0,0,0,0,0,0,0,0,
0,0,0,0,0,0,0,0,0,0,0,0,0,0,0,0,0,0,0,0,0,0,0,0,0,0,0,0,0,0,0,0,0,0,0,0,0,0,0,0,0,0,0,0,0,0,0,0,0,0,0,0,0,0,0,0,0,0,0,0,
0,0,0,0,0,0,0,0,0,19,16,17,18,0,0,0,0,0,0,0,0,0,0,0,0,0,0,0,0,0,0,0,0,0,0,0,0,0,0,0,0,19,16,17,0,0,0,0,0,0,0,0,0,0,0,0,0,0,0,0,
0,0,0,0,0,0,0,0,22,23,20,21,22,0,0,0,0,0,0,0,0,0,0,0,0,0,0,0,0,0,0,0,0,0,0,0,0,0,0,0,22,23,20,21,22,23,0,0,0,0,0,0,0,0,0,0,0,0,0,0,
0,0,0,0,0,0,0,25,26,27,24,25,26,27,24,25,0,0,0,0,0,0,0,0,0,0,0,0,0,0,0,0,0,0,0,0,0,0,0,0,26,27,24,25,26,27,24,0,0,0,0,0,26,0,0,0,0,0,0,0,
0,0,0,0,0,0,28,29,37,37,39,29,30,31,28,29,30,0,0,0,0,0,0,0,0,0,0,0,0,0,0,0,0,0,0,0,0,0,0,0,30,31,28,29,30,31,28,0,0,0,0,29,30,31,28,29,0,0,0,0,
0,0,0,0,0,0,16,17,36,36,38,17,152,145,153,17,18,19,0,0,0,0,0,0,0,0,0,0,0,0,0,0,0,0,0,0,18,19,0,0,0,19,16,17,18,19,16,0,0,0,16,17,18,19,16,17,18,19,0,0,
0,0,0,0,0,23,26,23,152,145,145,145,160,176,146,21,22,23,0,0,0,0,0,0,0,0,0,0,0,0,0,0,0,0,0,21,22,23,0,0,0,0,20,21,22,23,20,21,22,23,20,21,22,23,20,21,22,23,0,0,
0,0,0,0,0,27,26,25,144,176,176,176,176,176,146,25,26,27,24,25,26,27,0,0,0,27,24,0,0,0,0,0,0,0,24,25,26,27,24,0,0,0,24,25,26,27,24,25,26,27,24,25,26,27,24,25,26,27,0,0,
0,0,0,0,0,31,28,29,155,147,167,162,147,147,154,29,30,31,28,29,30,31,28,29,30,31,28,29,0,0,0,0,0,0,28,29,30,31,28,29,30,31,28,29,30,31,28,29,30,31,28,29,30,31,28,29,30,31,0,0,
0,0,0,0,0,19,16,17,18,19,155,154,18,19,16,17,18,19,16,17,18,19,16,17,18,19,16,17,18,0,0,0,0,0,16,17,18,19,16,17,18,19,16,17,18,19,16,17,18,19,16,17,18,19,16,17,18,19,0,0,
0,0,0,0,0,0,20,21,22,23,20,21,22,23,20,21,22,23,20,21,22,23,20,21,22,23,20,21,22,0,0,0,0,23,20,21,22,23,20,21,22,23,20,21,22,0,0,0,22,23,20,21,22,23,20,21,0,0,0,0,
0,0,0,0,0,0,24,25,26,27,24,25,26,27,24,25,26,27,24,25,26,27,24,0,0,27,24,25,26,27,24,25,26,27,24,25,26,27,24,25,26,27,24,25,26,0,0,0,0,0,24,25,26,27,0,0,0,0,0,0,
0,0,0,0,0,0,0,29,30,31,28,29,30,31,28,29,30,31,28,29,0,0,0,0,0,31,28,29,30,31,28,29,30,31,28,29,30,31,28,29,30,31,28,29,30,31,0,0,0,0,28,29,30,0,0,0,0,0,0,0,
0,0,0,0,0,0,0,0,18,19,16,17,18,19,16,17,18,19,0,0,0,0,0,0,0,19,16,17,18,19,16,17,18,19,16,17,18,19,16,17,18,19,16,17,18,19,16,0,0,0,16,17,18,0,0,0,0,0,0,0,
0,0,0,0,0,0,0,0,0,23,20,21,22,23,20,0,0,0,0,0,0,0,0,0,0,23,20,21,22,23,20,21,22,23,20,21,22,23,20,21,22,23,20,21,22,23,20,21,22,23,20,21,22,23,0,0,0,0,0,0,
0,0,0,0,0,0,0,0,0,0,0,0,0,0,0,0,0,0,0,0,0,0,0,0,26,27,24,25,26,27,24,25,26,27,24,25,26,27,24,25,26,27,24,25,26,27,24,25,26,27,24,25,26,27,0,0,0,0,0,0,
0,0,0,0,0,0,0,0,0,0,0,0,0,0,0,0,0,0,0,0,0,0,0,0,30,31,28,29,30,31,28,29,30,31,28,29,30,31,28,29,30,31,28,29,30,31,28,29,30,31,28,29,30,31,0,0,0,0,0,0,
0,0,0,0,0,0,0,0,0,0,0,0,0,0,0,0,0,0,0,0,0,0,0,0,0,19,16,17,18,19,16,17,18,19,16,17,18,19,16,17,18,19,16,17,18,19,0,0,0,0,16,17,18,0,0,0,0,0,0,0,
0,0,0,0,0,0,0,0,0,0,0,0,0,0,0,0,0,0,0,0,0,0,0,0,0,23,20,21,22,23,20,21,22,23,20,21,22,23,20,21,22,23,20,21,22,23,0,0,0,0,0,0,0,0,0,0,0,0,0,0,
0,0,0,0,0,0,0,0,0,0,0,0,0,0,0,0,0,0,0,0,0,0,0,0,26,27,24,25,26,27,24,25,26,27,24,25,26,27,24,25,26,27,24,25,26,27,0,0,0,0,0,0,0,0,0,0,0,0,0,0,
0,0,0,0,0,0,0,0,0,0,0,0,0,0,0,0,0,0,0,0,0,0,0,0,30,31,28,29,30,31,28,29,30,31,28,29,30,31,28,29,30,31,28,29,30,31,28,29,30,0,0,0,0,0,0,0,0,0,0,0,
0,0,0,0,0,0,0,0,0,0,0,0,0,0,0,0,0,0,0,0,0,0,0,0,0,19,16,17,18,19,16,17,18,19,16,17,18,19,16,17,18,19,16,17,18,19,16,17,18,19,0,0,0,0,0,0,0,0,0,0,
0,0,0,0,0,0,0,0,0,0,0,0,0,0,0,0,0,0,0,0,0,0,0,0,0,23,20,21,22,23,20,21,22,23,20,21,22,23,20,21,22,23,20,21,22,23,20,21,22,23,0,0,0,0,0,0,0,0,0,0,
0,0,0,0,0,0,0,0,0,0,0,0,0,0,0,0,0,0,0,0,0,0,0,0,0,0,24,25,26,27,24,25,26,27,24,25,26,27,24,25,26,27,24,25,26,27,24,25,26,27,0,0,0,0,0,0,0,0,0,0,
0,0,0,0,0,0,0,0,0,0,0,0,0,0,0,0,0,0,0,0,0,0,0,0,0,0,28,29,30,31,28,29,30,31,28,29,30,31,28,29,30,31,28,29,30,31,28,29,30,31,28,0,0,0,0,0,0,0,0,0,
0,0,0,0,0,0,0,0,0,0,0,0,0,0,0,0,0,0,0,0,0,0,0,0,0,19,16,17,18,19,16,17,18,19,16,17,18,19,16,17,18,19,16,17,18,19,16,17,18,19,16,17,18,0,0,0,0,0,0,0,
0,0,0,0,0,0,0,0,0,0,0,0,0,0,0,0,0,0,0,0,0,0,0,21,22,23,20,21,22,23,20,21,22,23,20,21,22,23,20,21,22,23,20,21,22,23,20,21,22,23,20,21,22,23,0,0,0,0,0,0,
0,0,0,0,0,0,0,0,0,0,0,0,0,0,0,0,0,0,0,0,0,27,24,25,26,27,24,25,26,27,24,156,145,157,47,25,26,27,24,25,26,27,24,25,26,27,24,25,26,27,24,25,26,27,0,0,0,0,0,0,
0,0,0,0,0,0,0,0,0,0,0,0,0,0,0,0,0,0,0,0,30,31,28,29,30,31,28,29,30,31,28,155,163,165,153,29,30,31,152,193,145,157,28,29,30,31,28,29,30,31,28,29,30,31,28,0,0,0,0,0,
0,0,0,0,0,0,0,0,0,0,0,0,0,0,0,0,0,0,0,0,18,19,16,17,18,19,16,17,18,19,16,17,159,163,161,145,145,145,164,205,176,165,145,153,18,19,16,17,18,19,16,17,18,19,16,17,0,0,0,0,
0,0,0,0,22,23,0,0,0,0,0,0,0,0,0,0,22,23,20,21,22,23,20,21,22,23,20,21,22,23,20,21,22,155,151,167,180,181,182,207,180,181,182,161,145,157,20,21,22,23,20,21,22,23,20,21,0,0,0,0,
0,0,0,0,26,27,24,25,0,0,0,0,0,0,0,25,26,27,24,25,26,27,24,25,26,27,24,25,26,27,24,25,26,27,24,155,151,163,186,197,184,185,186,187,184,161,153,25,26,27,24,25,26,27,24,25,26,0,0,0,
0,0,0,0,22,24,28,29,30,31,0,0,0,0,0,29,30,31,28,46,30,37,36,36,43,31,28,29,30,31,28,29,30,31,28,29,30,148,190,191,188,189,190,191,162,151,154,29,30,31,28,29,30,31,28,29,30,0,0,0,
0,0,0,0,18,21,25,17,18,19,16,17,18,19,16,17,18,19,16,45,38,36,36,39,40,19,16,17,18,19,16,17,18,19,16,17,18,155,167,179,176,177,162,147,158,44,16,17,18,19,16,17,18,19,16,17,18,0,0,0,
0,0,0,0,23,23,18,21,22,23,238,21,22,23,20,21,22,23,20,21,22,23,20,21,22,23,20,21,22,23,20,21,22,23,20,21,22,23,159,151,167,181,146,21,22,23,20,21,22,23,20,21,22,23,20,21,22,0,0,0,
0,0,0,0,26,27,24,25,26,45,237,18,23,17,30,28,29,27,24,25,26,27,24,25,26,27,24,25,26,27,24,25,26,27,24,25,26,27,24,25,155,147,158,25,26,27,24,25,26,27,24,25,26,27,24,25,26,0,0,0,
0,0,0,0,30,31,28,29,30,31,236,16,26,27,26,42,34,34,34,29,30,31,28,29,30,31,28,29,30,31,28,29,30,31,28,29,30,31,28,29,30,31,28,29,30,31,28,29,30,31,28,29,30,31,28,29,0,0,0,0,
0,0,0,0,18,19,16,232,233,234,235,24,22,19,43,33,35,39,34,17,18,19,16,17,18,19,16,17,18,19,16,17,18,19,16,17,18,19,16,17,18,19,16,17,18,19,16,17,18,19,16,17,18,0,0,0,0,0,0,0,
0,0,0,21,22,23,20,21,22,23,20,21,22,42,42,43,22,23,20,21,22,23,20,21,22,23,20,21,22,23,20,21,22,23,20,21,22,23,20,21,22,23,20,21,22,23,20,21,22,23,20,21,22,0,0,0,0,0,0,0,
0,0,0,25,26,27,24,25,26,27,37,32,36,32,36,25,26,27,24,25,26,27,24,25,26,27,24,25,26,27,24,25,26,27,24,25,26,27,24,25,26,27,24,25,26,27,24,25,26,27,24,25,26,0,0,0,0,0,0,0,
0,0,0,29,30,31,28,29,30,31,35,37,35,35,28,29,30,31,28,29,30,31,28,29,30,31,28,29,30,31,28,29,30,31,28,29,30,31,28,29,30,31,28,29,30,31,28,29,30,31,28,29,30,0,0,0,0,0,0,0,
0,0,0,0,18,19,16,17,18,19,16,17,18,19,16,17,18,19,16,17,18,19,16,17,18,19,16,17,18,19,16,17,18,19,16,17,18,19,16,17,18,19,16,17,18,36,36,17,18,19,16,17,0,0,0,0,0,0,0,0,
0,0,0,0,0,23,20,21,22,23,20,21,22,23,20,21,22,23,20,21,22,23,20,21,22,23,20,21,22,23,20,21,22,23,20,21,22,23,20,21,22,23,20,21,22,23,20,21,22,23,20,21,0,0,0,0,0,0,0,0,
0,0,0,0,0,0,24,25,26,27,24,25,26,27,24,25,26,27,24,25,26,27,24,25,26,27,24,25,26,27,24,25,26,27,24,25,26,27,24,25,26,27,24,25,26,27,24,25,26,27,24,0,0,0,0,0,0,0,0,0,
0,0,0,0,0,0,28,29,30,31,28,29,30,31,28,29,30,31,28,29,30,31,28,29,30,31,28,29,30,31,28,29,30,31,28,29,30,31,28,29,30,31,28,29,30,31,28,29,30,31,0,0,0,0,0,0,0,0,0,0,
0,0,0,0,0,0,16,17,18,19,16,17,18,19,16,17,18,19,16,17,18,19,16,17,18,19,16,17,18,19,16,17,18,19,16,17,18,19,16,17,18,19,16,17,18,19,16,17,18,19,0,0,0,0,0,0,0,0,0,0,
0,0,0,0,0,23,20,21,22,23,20,21,22,23,20,21,22,23,20,21,22,23,20,21,22,23,20,21,22,23,20,21,22,23,20,21,22,23,20,21,22,23,20,21,22,23,20,21,22,23,0,0,0,0,0,0,0,0,0,0,
0,0,0,0,0,27,24,25,26,27,24,25,26,27,24,25,26,27,24,25,26,27,24,25,26,27,24,25,0,0,24,25,26,27,24,25,26,27,24,25,26,27,24,25,26,27,24,25,26,27,0,0,0,0,0,0,0,0,0,0,
0,0,0,0,0,31,28,29,30,31,28,29,30,31,28,29,30,31,28,29,30,31,28,29,30,31,28,29,0,0,0,0,30,31,28,29,30,31,28,29,30,31,28,29,30,31,28,29,30,0,0,0,0,0,0,0,0,0,0,0,
0,0,0,0,0,0,0,17,18,19,16,17,18,19,16,17,18,19,16,17,18,19,16,17,18,19,16,0,0,0,0,0,0,19,16,17,18,19,16,17,18,19,16,17,18,19,0,0,0,0,0,0,0,0,0,0,0,0,0,0,
0,0,0,0,0,0,0,0,0,23,20,21,22,23,20,21,22,23,20,21,22,0,0,0,0,0,0,0,0,0,0,0,0,0,0,0,0,0,20,21,22,23,20,21,22,23,0,0,0,0,0,0,0,0,0,0,0,0,0,0,
0,0,0,0,0,0,0,0,0,0,24,25,0,27,24,25,26,27,24,25,0,0,0,0,0,0,0,0,0,0,0,0,0,0,0,0,0,0,0,0,0,27,24,25,26,0,0,0,0,0,0,0,0,0,0,0,0,0,0,0,
0,0,0,0,0,0,0,0,0,0,0,0,0,0,0,0,30,31,28,29,0,0,0,0,0,0,0,0,0,0,0,0,0,0,0,0,0,0,0,0,0,0,0,0,0,0,0,0,0,0,0,0,0,0,0,0,0,0,0,0,
0,0,0,0,0,0,0,0,0,0,0,0,0,0,0,0,0,0,0,0,0,0,0,0,0,0,0,0,0,0,0,0,0,0,0,0,0,0,0,0,0,0,0,0,0,0,0,0,0,0,0,0,0,0,0,0,0,0,0,0,
0,0,0,0,0,0,0,0,0,0,0,0,0,0,0,0,0,0,0,0,0,0,0,0,0,0,0,0,0,0,0,0,0,0,0,0,0,0,0,0,0,0,0,0,0,0,0,0,0,0,0,0,0,0,0,0,0,0,0,0

[layer]
type=object
data=
0,0,0,0,0,0,0,0,0,0,0,0,0,0,0,0,0,0,0,0,0,0,0,0,0,0,0,0,0,0,0,0,0,0,0,0,0,0,0,0,0,0,0,0,0,0,0,0,0,0,0,0,0,0,0,0,0,0,0,0,
0,0,0,0,0,0,0,0,0,0,0,0,0,0,0,0,0,0,0,0,0,0,0,0,0,0,0,0,0,0,0,0,0,0,0,0,0,0,0,0,0,0,0,0,0,0,0,0,0,0,0,0,0,0,0,0,0,0,0,0,
0,0,0,0,0,0,0,0,0,0,0,0,0,0,0,0,0,0,0,0,0,0,0,0,0,0,0,0,0,0,0,0,0,0,0,0,0,0,0,0,0,0,0,0,0,0,0,0,0,0,0,0,0,0,0,0,0,0,0,0,
0,0,0,0,0,0,0,0,0,0,0,0,0,0,0,0,0,0,0,0,0,0,0,0,0,0,0,0,0,0,0,0,0,0,0,0,0,0,0,0,0,0,0,0,0,0,0,0,0,0,0,0,0,0,0,0,0,0,0,0,
0,0,0,0,0,0,0,0,0,0,0,0,0,0,0,0,0,0,0,0,0,0,0,0,0,0,0,0,0,0,0,0,0,0,0,0,0,0,0,0,0,0,0,0,0,0,0,0,0,0,0,0,0,0,0,0,0,0,0,0,
0,0,0,0,0,0,0,0,0,0,0,0,0,0,0,0,0,0,0,0,0,0,0,0,0,0,0,0,0,0,0,0,0,0,0,0,0,0,0,0,0,0,0,0,0,0,0,0,0,0,0,0,0,0,0,0,0,0,0,0,
0,0,0,0,0,0,0,0,60,53,49,53,53,61,0,0,0,0,0,0,0,0,0,0,0,0,0,0,0,0,0,0,0,0,0,0,0,0,0,0,56,49,53,53,61,0,0,0,0,0,0,0,0,0,0,0,0,0,0,0,
0,0,0,0,0,0,0,60,64,115,130,131,123,50,0,0,0,0,0,0,0,0,0,0,0,0,0,0,0,0,0,0,0,0,0,0,0,0,0,0,52,121,112,122,65,49,57,0,0,0,0,0,0,0,0,0,0,0,0,0,
0,0,0,0,0,0,56,64,241,0,0,0,0,69,53,53,57,0,0,0,0,0,0,0,0,0,0,0,0,0,0,0,0,0,0,0,0,0,0,0,52,253,123,127,120,0,65,61,0,0,0,60,53,61,0,0,0,0,0,0,
0,0,0,0,0,0,52,243,141,0,127,118,0,113,123,0,69,57,0,0,0,0,0,0,0,0,0,0,0,0,0,0,0,0,0,0,0,0,0,0,48,120,0,0,0,254,0,50,0,0,60,68,250,69,53,53,61,0,0,0,
0,0,0,0,0,56,68,0,143,0,0,0,0,0,0,117,0,65,57,0,0,0,0,0,0,0,0,0,0,0,0,0,0,0,0,60,53,53,57,0,63,67,121,127,120,0,121,54,0,60,64,253,113,120,0,251,69,53,0,0,
0,0,0,0,0,48,130,242,0,0,0,0,0,0,0,124,0,0,54,0,0,0,0,0,0,0,0,0,0,0,0,0,0,0,56,64,112,0,54,0,0,59,67,0,0,0,126,65,53,64,121,0,0,0,0,126,115,94,0,0,
0,0,0,0,0,229,92,0,125,130,0,0,0,0,120,0,127,0,69,49,53,53,61,0,56,53,53,57,0,0,0,0,0,0,52,112,121,249,69,61,0,60,68,250,0,0,0,0,0,0,126,0,0,0,0,0,0,94,0,0,
0,0,0,0,0,228,92,0,0,0,115,0,0,0,128,0,0,0,125,0,0,249,65,53,68,120,254,69,57,0,0,0,0,0,48,122,0,0,112,69,49,64,0,121,125,0,0,0,0,0,0,0,0,0,124,0,0,94,0,0,
0,0,0,0,0,48,0,0,0,0,0,116,0,241,0,0,0,0,125,0,124,0,0,0,0,0,124,0,65,57,0,0,0,56,68,122,123,0,0,121,0,0,0,0,0,0,0,0,0,120,0,0,0,0,0,0,0,94,0,0,
0,0,0,0,0,59,67,0,125,125,0,0,0,0,127,0,0,124,0,0,0,0,0,0,0,116,125,127,0,54,0,0,56,64,0,243,121,0,0,0,0,0,0,0,0,66,55,55,71,0,124,0,0,0,0,255,66,55,0,0,
0,0,0,0,0,0,52,240,0,0,0,0,0,0,0,127,0,0,0,0,0,0,0,70,51,67,121,0,0,65,49,53,68,0,0,0,0,0,0,0,127,0,0,0,0,54,0,0,63,51,67,0,0,240,66,55,62,0,0,0,
0,0,0,0,0,0,63,67,0,124,116,120,0,0,120,0,0,0,0,0,66,55,55,62,0,48,0,123,0,248,0,124,0,125,0,0,0,0,0,0,0,0,127,0,0,65,61,0,0,0,48,0,0,70,58,0,0,0,0,0,
0,0,0,0,0,0,0,59,67,241,0,113,123,0,0,0,0,0,66,51,62,0,0,0,0,52,252,120,126,0,0,125,0,0,127,0,0,125,0,0,0,0,0,0,124,0,65,61,0,0,52,253,112,54,0,0,0,0,0,0,
0,0,0,0,0,0,0,0,63,71,0,0,0,0,0,70,51,51,58,0,0,0,0,0,56,68,0,0,126,127,0,124,0,126,0,113,0,0,0,0,0,0,0,0,112,0,252,69,49,53,64,124,121,69,61,0,0,0,0,0,
0,0,0,0,0,0,0,0,0,59,51,51,51,55,55,58,0,0,0,0,0,0,0,0,48,0,121,124,0,0,0,0,0,0,0,0,0,0,0,0,0,0,0,0,0,0,0,115,120,0,0,0,0,0,50,0,0,0,0,0,
0,0,0,0,0,0,0,0,0,0,0,0,0,0,0,0,0,0,0,0,0,0,0,0,48,113,249,0,0,127,0,0,0,0,0,0,0,0,0,0,0,0,124,0,0,0,0,0,0,0,113,0,0,0,50,0,0,0,0,0,
0,0,0,0,0,0,0,0,0,0,0,0,0,0,0,0,0,0,0,0,0,0,0,0,63,71,0,0,0,125,0,0,0,0,0,0,126,127,0,0,0,0,0,0,0,0,66,55,55,55,71,0,250,70,58,0,0,0,0,0,
0,0,0,0,0,0,0,0,0,0,0,0,0,0,0,0,0,0,0,0,0,0,0,0,60,64,0,0,0,0,0,0,0,0,0,0,0,0,0,127,0,0,0,0,0,0,50,0,0,0,63,51,55,58,0,0,0,0,0,0,
0,0,0,0,0,0,0,0,0,0,0,0,0,0,0,0,0,0,0,0,0,0,0,0,48,0,126,0,124,0,125,0,126,0,0,0,0,0,0,0,0,0,0,0,0,0,50,0,0,0,0,0,0,0,0,0,0,0,0,0,
0,0,0,0,0,0,0,0,0,0,0,0,0,0,0,0,0,0,0,0,0,0,0,0,52,121,0,0,0,0,125,0,0,0,0,125,0,0,0,0,0,0,0,0,120,0,69,49,49,61,0,0,0,0,0,0,0,0,0,0,
0,0,0,0,0,0,0,0,0,0,0,0,0,0,0,0,0,0,0,0,0,0,0,0,59,67,252,0,0,0,0,0,0,0,0,253,0,0,0,0,0,0,0,125,0,0,0,0,115,65,61,0,0,0,0,0,0,0,0,0,
0,0,0,0,0,0,0,0,0,0,0,0,0,0,0,0,0,0,0,0,0,0,0,0,0,52,115,0,0,0,0,0,0,0,0,0,0,0,0,252,0,0,0,0,0,0,0,116,124,0,50,0,0,0,0,0,0,0,0,0,
0,0,0,0,0,0,0,0,0,0,0,0,0,0,0,0,0,0,0,0,0,0,0,0,0,59,67,0,125,0,0,124,0,0,0,0,0,0,0,0,0,0,0,0,0,0,126,0,0,0,54,0,0,0,0,0,0,0,0,0,
0,0,0,0,0,0,0,0,0,0,0,0,0,0,0,0,0,0,0,0,0,0,0,0,0,60,64,0,0,0,0,0,0,125,125,0,0,0,0,0,0,0,0,0,0,0,0,0,0,243,65,0,0,0,0,0,0,0,0,0,
0,0,0,0,0,0,0,0,0,0,0,0,0,0,0,0,0,0,0,0,0,0,0,0,60,64,0,0,113,0,124,0,0,0,0,0,0,0,0,0,0,126,0,0,0,0,0,0,0,0,0,65,49,61,0,0,0,0,0,0,
0,0,0,0,0,0,0,0,0,0,0,0,0,0,0,0,0,0,0,0,0,0,56,49,64,130,0,0,0,0,0,0,0,0,0,0,0,0,0,0,0,0,0,0,0,124,0,0,0,0,0,0,0,65,61,0,0,0,0,0,
0,0,0,0,0,0,0,0,0,0,0,0,0,0,0,0,0,0,0,0,60,53,68,115,0,0,0,125,0,0,0,0,127,121,0,0,0,0,0,0,0,0,0,0,0,0,0,0,125,0,0,0,127,0,50,0,0,0,0,0,
0,0,0,0,0,0,0,0,0,0,0,0,0,0,0,0,0,0,0,0,52,131,0,0,0,125,125,0,0,0,0,127,114,0,0,0,127,0,127,0,0,127,0,0,124,0,0,0,0,0,0,0,0,116,69,57,0,0,0,0,
0,0,0,0,0,0,0,0,0,0,0,0,0,0,0,0,0,0,0,0,52,0,0,0,0,0,0,0,0,0,126,0,0,0,0,114,0,127,134,0,0,121,132,0,0,0,0,0,0,0,245,0,0,113,0,65,57,0,0,0,
0,0,0,0,56,53,61,0,0,0,0,0,0,0,0,56,49,53,53,53,68,249,0,0,0,0,0,0,0,0,0,0,0,127,0,0,0,120,0,0,0,0,119,0,121,127,0,0,0,0,0,0,126,0,0,0,50,0,0,0,
0,0,0,0,52,0,65,49,57,0,0,0,0,0,0,48,121,250,106,107,106,107,0,0,0,124,0,0,0,0,0,0,0,0,0,120,0,0,0,0,0,0,0,0,0,0,0,0,0,0,0,116,0,125,0,0,65,61,0,0,
0,0,0,0,48,0,0,0,69,53,61,0,0,0,60,64,115,0,0,0,112,0,0,0,0,0,0,127,0,0,0,0,125,0,127,125,128,0,0,0,0,0,0,0,0,114,115,0,124,0,0,0,0,0,125,244,0,54,0,0,
0,0,0,0,52,0,251,0,0,0,65,49,53,49,64,249,0,0,0,0,0,0,0,0,0,0,0,0,0,0,0,0,0,0,0,0,126,0,0,115,118,0,0,120,127,0,0,0,0,0,0,0,0,0,113,0,0,50,0,0,
0,0,0,0,48,0,0,0,0,0,121,0,0,106,107,0,124,0,0,0,125,0,0,0,124,0,0,0,0,125,0,0,0,0,0,0,0,0,0,114,0,0,0,133,125,124,0,125,0,0,0,0,0,125,0,0,0,54,0,0,
0,0,0,0,52,254,0,0,0,0,0,0,0,126,0,0,0,0,0,0,0,0,0,0,0,0,0,0,0,0,0,0,0,0,0,0,124,0,0,0,114,0,115,0,0,0,0,0,0,0,0,0,0,0,0,0,0,50,0,0,
0,0,0,0,52,0,0,0,0,125,0,0,0,0,0,0,0,0,0,0,0,0,0,0,0,0,0,0,0,0,124,250,0,0,127,0,0,0,0,0,0,0,0,0,0,0,126,0,124,0,0,0,0,0,0,0,66,62,0,0,
0,0,0,60,64,109,0,0,0,0,0,0,0,0,0,0,0,0,0,0,0,0,0,0,0,0,0,0,0,0,0,0,0,0,0,0,124,0,0,0,125,0,0,0,0,0,0,0,0,0,0,0,0,66,55,55,58,0,0,0,
0,0,0,52,246,108,0,0,0,125,125,0,0,0,0,0,0,0,0,0,0,0,0,0,0,0,0,124,0,0,0,0,0,0,0,0,125,0,0,0,0,121,0,126,126,0,0,120,0,0,112,126,0,54,0,0,0,0,0,0,
0,0,0,48,123,0,125,0,124,0,0,0,0,0,0,0,0,0,0,0,127,0,0,0,0,0,0,0,0,0,0,127,0,0,0,0,0,0,0,0,0,0,0,0,0,127,0,126,0,0,0,0,0,54,0,0,0,0,0,0,
0,0,0,52,122,113,122,0,0,0,0,126,127,0,0,0,0,0,0,0,0,0,0,0,0,0,0,0,0,0,0,0,0,0,0,125,0,0,125,0,0,127,0,0,110,111,0,0,0,0,127,0,0,54,0,0,0,0,0,0,
0,0,0,59,67,123,0,127,0,0,0,0,0,125,0,0,0,0,0,125,0,0,254,0,0,127,126,0,0,0,125,0,128,0,0,0,0,121,0,0,127,0,0,0,132,96,0,0,0,0,0,0,66,58,0,0,0,0,0,0,
0,0,0,0,59,67,251,125,0,0,125,0,0,0,0,0,126,126,0,0,0,0,0,0,0,0,0,0,0,246,120,0,0,0,0,0,0,0,0,0,0,0,0,0,0,123,0,117,0,0,0,0,50,0,0,0,0,0,0,0,
0,0,0,0,0,63,67,0,0,0,0,0,0,0,0,127,0,0,0,0,0,0,0,127,0,0,0,0,0,121,127,244,125,0,0,0,0,0,0,126,0,0,0,0,0,0,0,0,0,0,0,70,58,0,0,0,0,0,0,0,
0,0,0,0,0,0,48,115,116,0,0,0,0,127,125,125,0,0,0,0,125,0,127,0,116,0,0,0,0,245,119,0,0,0,0,0,0,0,0,126,0,0,0,117,0,113,0,0,0,0,66,58,0,0,0,0,0,0,0,0,
0,0,0,0,0,60,68,117,0,0,0,0,0,0,0,120,0,0,123,0,0,0,0,0,0,0,0,126,0,0,0,0,124,116,0,0,0,0,0,0,0,0,0,0,0,0,0,127,0,0,50,0,0,0,0,0,0,0,0,0,
0,0,0,0,0,52,113,0,0,0,124,0,0,0,0,244,122,123,0,127,0,0,0,124,0,120,126,0,0,0,125,0,0,0,112,126,0,0,0,0,0,122,0,0,0,116,0,0,0,0,50,0,0,0,0,0,0,0,0,0,
0,0,0,0,0,48,0,253,0,0,0,0,125,125,0,0,0,0,123,0,241,124,120,0,117,125,0,0,70,51,67,114,116,0,0,117,0,0,0,0,0,122,0,0,0,0,0,0,0,0,54,0,0,0,0,0,0,0,0,0,
0,0,0,0,0,48,252,126,0,0,0,0,0,0,126,0,0,126,243,122,0,125,0,0,125,0,0,0,50,0,63,55,67,0,0,0,0,0,0,126,113,0,117,0,0,0,0,0,0,70,62,0,0,0,0,0,0,0,0,0,
0,0,0,0,0,59,55,71,0,248,0,0,124,0,0,113,0,121,123,0,0,0,0,0,0,0,0,66,62,0,0,0,63,67,0,0,0,0,0,0,124,0,124,240,0,0,70,55,51,62,0,0,0,0,0,0,0,0,0,0,
0,0,0,0,0,0,0,63,51,67,0,0,0,0,0,0,116,0,0,0,0,66,55,55,55,55,51,62,0,0,0,0,0,63,51,55,55,51,67,247,0,0,0,0,0,0,50,0,0,0,0,0,0,0,0,0,0,0,0,0,
0,0,0,0,0,0,0,0,0,63,67,0,66,71,0,0,253,126,250,0,70,62,0,0,0,0,0,0,0,0,0,0,0,0,0,0,0,0,63,51,55,71,0,0,0,66,58,0,0,0,0,0,0,0,0,0,0,0,0,0,
0,0,0,0,0,0,0,0,0,0,59,51,58,63,51,55,67,0,0,0,54,0,0,0,0,0,0,0,0,0,0,0,0,0,0,0,0,0,0,0,0,59,51,55,55,62,0,0,0,0,0,0,0,0,0,0,0,0,0,0,
0,0,0,0,0,0,0,0,0,0,0,0,0,0,0,0,63,55,51,51,58,0,0,0,0,0,0,0,0,0,0,0,0,0,0,0,0,0,0,0,0,0,0,0,0,0,0,0,0,0,0,0,0,0,0,0,0,0,0,0,
0,0,0,0,0,0,0,0,0,0,0,0,0,0,0,0,0,0,0,0,0,0,0,0,0,0,0,0,0,0,0,0,0,0,0,0,0,0,0,0,0,0,0,0,0,0,0,0,0,0,0,0,0,0,0,0,0,0,0,0

[layer]
type=collision
data=
3,3,3,3,3,3,3,3,3,3,3,3,3,3,3,3,3,3,3,3,3,3,3,3,3,3,3,3,3,3,3,3,3,3,3,3,3,3,3,3,3,3,3,3,3,3,3,3,3,3,3,3,3,3,3,3,3,3,3,3,
3,3,3,3,3,3,3,3,3,3,3,3,3,3,3,3,3,3,3,3,3,3,3,3,3,3,3,3,3,3,3,3,3,3,3,3,3,3,3,3,3,3,3,3,3,3,3,3,3,3,3,3,3,3,3,3,3,3,3,3,
3,3,3,3,3,3,3,3,3,3,3,3,3,3,3,3,3,3,3,3,3,3,3,3,3,3,3,3,3,3,3,3,3,3,3,3,3,3,3,3,3,3,3,3,3,3,3,3,3,3,3,3,3,3,3,3,3,3,3,3,
3,3,3,3,3,3,3,3,3,3,3,3,3,3,3,3,3,3,3,3,3,3,3,3,3,3,3,3,3,3,3,3,3,3,3,3,3,3,3,3,3,3,3,3,3,3,3,3,3,3,3,3,3,3,3,3,3,3,3,3,
3,3,3,3,3,3,3,3,3,3,3,3,3,3,3,3,3,3,3,3,3,3,3,3,3,3,3,3,3,3,3,3,3,3,3,3,3,3,3,3,3,3,3,3,3,3,3,3,3,3,3,3,3,3,3,3,3,3,3,3,
3,3,3,3,3,3,3,3,3,3,3,3,3,3,3,3,3,3,3,3,3,3,3,3,3,3,3,3,3,3,3,3,3,3,3,3,3,3,3,3,3,3,3,3,3,3,3,3,3,3,3,3,3,3,3,3,3,3,3,3,
3,3,3,3,3,3,3,3,1,1,1,1,1,1,3,3,3,3,3,3,3,3,3,3,3,3,3,3,3,3,3,3,3,3,3,3,3,3,3,3,1,1,1,1,1,3,3,3,3,3,3,3,3,3,3,3,3,3,3,3,
3,3,3,3,3,3,3,1,1,0,4,4,0,1,3,3,3,3,3,3,3,3,3,3,3,3,3,3,3,3,3,3,3,3,3,3,3,3,3,3,1,0,0,0,1,1,1,3,3,3,3,3,3,3,3,3,3,3,3,3,
3,3,3,3,3,3,1,1,1,0,0,0,0,1,1,1,1,3,3,3,3,3,3,3,3,3,3,3,3,3,3,3,3,3,3,3,3,3,3,3,1,1,0,0,0,0,1,1,3,3,3,1,1,1,3,3,3,3,3,3,
3,3,3,3,3,3,1,1,4,0,0,0,0,0,0,0,1,1,3,3,3,3,3,3,3,3,3,3,3,3,3,3,3,3,3,3,3,3,3,3,1,0,0,0,0,1,0,1,3,3,1,1,1,1,1,1,1,3,3,3,
3,3,3,3,3,1,1,0,4,0,0,0,2,2,2,0,0,1,1,3,3,3,3,3,3,3,3,3,3,3,3,3,3,3,3,1,1,1,1,3,1,1,0,0,0,0,0,1,3,1,1,1,0,0,0,1,1,1,3,3,
3,3,3,3,3,1,4,1,2,2,2,2,2,2,2,0,0,0,1,3,3,3,3,3,3,3,3,3,3,3,3,3,3,3,1,1,0,0,1,3,3,1,1,0,0,0,0,1,1,1,0,0,0,0,0,0,0,0,3,3,
3,3,3,3,3,3,0,0,2,2,2,2,2,2,2,0,0,0,1,1,1,1,1,3,1,1,1,1,3,3,3,3,3,3,1,0,0,1,1,1,3,1,1,1,0,0,0,0,0,0,0,0,0,0,0,0,0,0,3,3,
3,3,3,3,3,3,0,0,2,2,2,2,2,2,2,0,0,0,0,0,0,1,1,1,1,0,1,1,1,3,3,3,3,3,1,0,0,0,0,1,1,1,0,0,0,0,0,0,0,0,0,0,0,0,0,0,0,0,3,3,
3,3,3,3,3,1,0,0,0,0,2,2,0,1,0,0,0,0,0,0,0,0,0,0,0,0,0,0,1,1,3,3,3,1,1,0,0,0,0,0,0,0,0,0,0,0,0,0,0,0,0,0,0,0,0,0,0,0,3,3,
3,3,3,3,3,1,1,0,0,0,0,0,0,0,0,0,0,0,0,0,0,0,0,0,0,0,0,0,0,1,3,3,1,1,0,1,0,0,0,0,0,0,0,0,0,1,1,1,1,0,0,0,0,0,0,1,1,1,3,3,
3,3,3,3,3,3,1,1,0,0,0,0,0,0,0,0,0,0,0,0,0,0,0,1,1,1,0,0,0,1,1,1,1,0,0,0,0,0,0,0,0,0,0,0,0,1,3,3,1,1,1,0,0,1,1,1,1,3,3,3,
3,3,3,3,3,3,1,1,0,0,0,0,0,0,0,0,0,0,0,0,1,1,1,1,3,1,0,0,0,1,0,0,0,0,0,0,0,0,0,0,0,0,0,0,0,1,1,3,3,3,1,0,0,1,1,3,3,3,3,3,
3,3,3,3,3,3,3,1,1,1,0,0,0,0,0,0,0,0,1,1,1,1,3,3,3,1,1,0,0,0,0,0,0,0,0,0,0,0,0,0,0,0,0,0,0,0,1,1,3,3,1,1,0,1,3,3,3,3,3,3,
3,3,3,3,3,3,3,3,1,1,0,0,0,0,0,1,1,1,1,1,3,3,3,3,1,1,0,0,0,0,0,0,0,0,0,0,0,0,0,0,0,0,0,0,0,0,1,1,1,1,1,0,0,1,1,3,3,3,3,3,
3,3,3,3,3,3,3,3,3,1,1,1,1,1,1,1,3,3,3,3,3,3,3,3,1,0,0,0,0,0,0,0,0,0,0,0,0,0,0,0,0,0,0,0,0,0,0,0,0,0,0,0,0,0,1,3,3,3,3,3,
3,3,3,3,3,3,3,3,3,3,3,3,3,3,3,3,3,3,3,3,3,3,3,3,1,0,1,0,0,0,0,0,0,0,0,0,0,0,0,0,0,0,0,0,0,0,0,0,0,0,0,0,0,0,1,3,3,3,3,3,
3,3,3,3,3,3,3,3,3,3,3,3,3,3,3,3,3,3,3,3,3,3,3,3,1,1,0,0,0,0,0,0,0,0,0,0,0,0,0,0,0,0,0,0,0,0,1,1,1,1,1,0,1,1,1,3,3,3,3,3,
3,3,3,3,3,3,3,3,3,3,3,3,3,3,3,3,3,3,3,3,3,3,3,1,1,1,0,0,0,0,0,0,0,0,0,0,0,0,0,0,0,0,0,0,0,0,1,3,3,3,1,1,1,1,3,3,3,3,3,3,
3,3,3,3,3,3,3,3,3,3,3,3,3,3,3,3,3,3,3,3,3,3,3,1,1,0,0,0,0,0,0,0,0,0,0,0,0,0,0,0,0,0,0,0,0,0,1,3,3,3,3,3,3,3,3,3,3,3,3,3,
3,3,3,3,3,3,3,3,3,3,3,3,3,3,3,3,3,3,3,3,3,3,3,3,1,0,0,0,0,0,0,0,0,0,0,0,0,0,0,0,0,0,0,0,0,0,1,1,1,1,3,3,3,3,3,3,3,3,3,3,
3,3,3,3,3,3,3,3,3,3,3,3,3,3,3,3,3,3,3,3,3,3,3,3,1,1,1,0,0,0,0,0,0,0,0,1,0,0,0,0,0,0,0,0,0,0,0,0,0,1,1,3,3,3,3,3,3,3,3,3,
3,3,3,3,3,3,3,3,3,3,3,3,3,3,3,3,3,3,3,3,3,3,3,3,3,1,0,0,0,0,0,0,0,0,0,0,0,0,0,1,0,0,0,0,0,0,0,0,0,0,1,3,3,3,3,3,3,3,3,3,
3,3,3,3,3,3,3,3,3,3,3,3,3,3,3,3,3,3,3,3,3,3,3,3,3,1,1,0,0,0,0,0,0,0,0,0,0,0,0,0,0,0,0,0,0,0,0,0,0,0,1,3,3,3,3,3,3,3,3,3,
3,3,3,3,3,3,3,3,3,3,3,3,3,3,3,3,3,3,3,3,3,3,3,3,3,1,1,0,0,0,0,0,0,0,0,0,0,0,0,0,0,0,0,0,0,0,0,0,0,1,1,3,3,3,3,3,3,3,3,3,
3,3,3,3,3,3,3,3,3,3,3,3,3,3,3,3,3,3,3,3,3,3,3,3,1,1,0,0,0,0,0,0,0,0,0,0,0,0,0,0,0,0,0,0,0,0,0,0,0,0,0,1,1,1,3,3,3,3,3,3,
3,3,3,3,3,3,3,3,3,3,3,3,3,3,3,3,3,3,3,3,3,3,1,1,1,4,0,0,0,0,0,0,0,0,0,0,0,0,0,0,0,0,0,0,0,0,0,0,0,0,0,0,0,1,1,3,3,3,3,3,
3,3,3,3,3,3,3,3,3,3,3,3,3,3,3,3,3,3,3,3,1,1,1,0,0,0,0,0,0,0,0,2,2,2,0,0,0,0,0,0,0,0,0,0,0,0,0,0,0,0,0,0,0,0,1,3,3,3,3,3,
3,3,3,3,3,3,3,3,3,3,3,3,3,3,3,3,3,3,3,3,1,4,0,0,0,0,0,0,0,0,0,2,2,2,2,0,0,0,2,0,2,2,0,0,0,0,0,0,0,0,0,0,0,0,1,1,3,3,3,3,
3,3,3,3,3,3,3,3,3,3,3,3,3,3,3,3,3,3,3,3,1,0,0,0,0,0,0,0,0,0,0,0,2,2,2,2,2,2,1,0,2,2,1,2,0,0,0,0,0,0,1,0,0,0,0,1,1,3,3,3,
3,3,3,3,1,1,1,3,3,3,3,3,3,3,3,1,1,1,1,1,1,1,0,0,0,0,0,0,0,0,0,0,0,2,2,2,2,2,2,0,2,2,2,2,2,2,0,0,0,0,0,0,0,0,0,0,1,3,3,3,
3,3,3,3,1,0,1,1,1,3,3,3,3,3,3,1,0,1,4,4,4,4,0,0,0,0,0,0,0,0,0,0,0,0,0,2,2,2,2,0,2,2,2,2,2,2,2,0,0,0,0,0,0,0,0,0,1,1,3,3,
3,3,3,3,1,0,0,0,1,1,1,3,3,3,1,1,0,0,0,0,0,0,0,0,0,0,0,0,0,0,0,0,0,0,0,0,4,2,2,2,2,2,2,2,2,2,2,0,0,0,0,0,0,0,0,1,0,1,3,3,
3,3,3,3,1,0,1,0,0,0,1,1,1,1,1,1,0,0,0,0,0,0,0,0,0,0,0,0,0,0,0,0,0,0,0,0,0,2,2,2,2,2,2,2,2,0,0,0,0,0,0,0,0,0,0,0,0,1,3,3,
3,3,3,3,1,0,0,0,0,0,0,0,0,4,4,0,0,0,0,0,0,0,0,0,0,0,0,0,0,0,0,0,0,0,0,0,0,0,2,2,2,2,2,1,0,0,0,0,0,0,0,0,0,0,0,0,0,1,3,3,
3,3,3,3,1,1,0,0,0,0,0,0,0,0,0,0,0,0,0,0,0,0,0,0,0,0,0,0,0,0,0,0,0,0,0,0,0,0,0,0,2,2,2,0,0,0,0,0,0,0,0,0,0,0,0,0,0,1,3,3,
3,3,3,3,1,0,0,0,0,0,0,0,0,0,0,0,0,0,0,0,0,0,0,0,0,0,0,0,0,0,0,1,0,0,0,0,0,0,0,0,0,0,0,0,0,0,0,0,0,0,0,0,0,0,0,0,1,1,3,3,
3,3,3,1,1,4,0,0,0,0,0,0,0,0,0,0,0,0,0,0,0,0,0,0,0,0,0,0,0,0,0,0,0,0,0,0,0,0,0,0,0,0,0,0,0,0,0,0,0,0,0,0,0,1,1,1,1,3,3,3,
3,3,3,1,1,4,0,0,0,0,0,0,0,0,0,0,0,0,0,0,0,0,0,0,0,0,0,0,0,0,0,0,0,0,0,0,0,0,0,0,0,0,0,0,0,0,0,0,0,0,0,0,0,1,3,3,3,3,3,3,
3,3,3,1,0,0,0,0,0,0,0,0,0,0,0,0,0,0,0,0,0,0,0,0,0,0,0,0,0,0,0,0,0,0,0,0,0,0,0,0,0,0,0,0,0,0,0,0,0,0,0,0,0,1,3,3,3,3,3,3,
3,3,3,1,0,0,0,0,0,0,0,0,0,0,0,0,0,0,0,0,0,0,0,0,0,0,0,0,0,0,0,0,0,0,0,0,0,0,0,0,0,0,0,0,4,4,0,0,0,0,0,0,0,1,3,3,3,3,3,3,
3,3,3,1,1,0,0,0,0,0,0,0,0,0,0,0,0,0,0,0,0,0,1,0,0,0,0,0,0,0,0,0,4,0,0,0,0,0,0,0,0,0,0,0,1,4,0,0,0,0,0,0,1,1,3,3,3,3,3,3,
3,3,3,3,1,1,1,0,0,0,0,0,0,0,0,0,0,0,0,0,0,0,0,0,0,0,0,0,0,1,0,0,0,0,0,0,0,0,0,0,0,0,0,0,0,0,0,0,0,0,0,0,1,3,3,3,3,3,3,3,
3,3,3,3,3,1,1,0,0,0,0,0,0,0,0,0,0,0,0,0,0,0,0,0,0,0,0,0,0,0,0,1,0,0,0,0,0,0,0,0,0,0,0,0,0,0,0,0,0,0,0,1,1,3,3,3,3,3,3,3,
3,3,3,3,3,3,1,0,0,0,0,0,0,0,0,0,0,0,0,0,0,0,0,0,0,0,0,0,0,1,0,0,0,0,0,0,0,0,0,0,0,0,0,0,0,0,0,0,0,0,1,1,3,3,3,3,3,3,3,3,
3,3,3,3,3,1,1,0,0,0,0,0,0,0,0,0,0,0,0,0,0,0,0,0,0,0,0,0,0,0,0,0,0,0,0,0,0,0,0,0,0,0,0,0,0,0,0,0,0,0,1,3,3,3,3,3,3,3,3,3,
3,3,3,3,3,1,0,0,0,0,0,0,0,0,0,1,0,0,0,0,0,0,0,0,0,0,0,0,0,0,0,0,0,0,0,0,0,0,0,0,0,0,0,0,0,0,0,0,0,0,1,3,3,3,3,3,3,3,3,3,
3,3,3,3,3,1,0,1,0,0,0,0,0,0,0,0,0,0,0,0,1,0,0,0,0,0,0,0,1,1,1,0,0,0,0,0,0,0,0,0,0,0,0,0,0,0,0,0,0,0,1,3,3,3,3,3,3,3,3,3,
3,3,3,3,3,1,1,0,0,0,0,0,0,0,0,0,0,0,1,0,0,0,0,0,0,0,0,0,1,3,1,1,1,0,0,0,0,0,0,0,0,0,0,0,0,0,0,0,0,1,1,3,3,3,3,3,3,3,3,3,
3,3,3,3,3,1,1,1,0,1,0,0,0,0,0,0,0,0,0,0,0,0,0,0,0,0,0,1,1,3,3,3,1,1,0,0,0,0,0,0,0,0,0,1,0,0,1,1,1,1,3,3,3,3,3,3,3,3,3,3,
3,3,3,3,3,3,3,1,1,1,0,0,0,0,0,0,0,0,0,0,0,1,1,1,1,1,1,1,3,3,3,3,3,1,1,1,1,1,1,1,0,0,0,0,0,0,1,3,3,3,3,3,3,3,3,3,3,3,3,3,
3,3,3,3,3,3,3,3,3,1,1,0,1,1,0,0,1,0,1,0,1,1,3,3,3,3,3,3,3,3,3,3,3,3,3,3,3,3,1,1,1,1,0,0,0,1,1,3,3,3,3,3,3,3,3,3,3,3,3,3,
3,3,3,3,3,3,3,3,3,3,1,1,1,1,1,1,1,0,0,0,1,3,3,3,3,3,3,3,3,3,3,3,3,3,3,3,3,3,3,3,3,1,1,1,1,1,3,3,3,3,3,3,3,3,3,3,3,3,3,3,
3,3,3,3,3,3,3,3,3,3,3,3,3,3,3,3,1,1,1,1,1,3,3,3,3,3,3,3,3,3,3,3,3,3,3,3,3,3,3,3,3,3,3,3,3,3,3,3,3,3,3,3,3,3,3,3,3,3,3,3,
3,3,3,3,3,3,3,3,3,3,3,3,3,3,3,3,3,3,3,3,3,3,3,3,3,3,3,3,3,3,3,3,3,3,3,3,3,3,3,3,3,3,3,3,3,3,3,3,3,3,3,3,3,3,3,3,3,3,3,3

[event]
# to Book of the Dead
type=event
location=7,39,4,4
activate=on_trigger
hotspot=location
intermap=maps/book_of_the_dead.txt,16,7
soundfx=soundfx/environment/stairs.ogg,0,0
tooltip=Book of the Dead

[event]
# to Stonewood
type=event
location=57,11,1,4
activate=on_trigger
hotspot=location
intermap=maps/stonewood.txt,2,8
tooltip=Stonewood

[event]
# Supplies
type=event
location=45,46,1,1
activate=on_trigger
hotspot=location
loot=loot/level_1.txt
mapmod=object,45,46,97
repeat=false
soundfx=soundfx/wood_open.ogg
tooltip=Supplies

[event]
# Wind and crickets sound effect
type=event
location=0,0,1,1
activate=on_load
soundfx=soundfx/environment/wind_loop.ogg

[event]
# Raven sound effect
type=event
location=29,47,1,1
activate=on_load
soundfx=soundfx/environment/raven_loop.ogg

[event]
# Bird twitter
type=event
location=6,47,1,1
activate=on_load
soundfx=soundfx/environment/bird_twitter_loop.ogg

[event]
# Bird twitter
type=event
location=35,26,1,1
activate=on_load
soundfx=soundfx/environment/bird_twitter_loop.ogg

[event]
# Bird twitter
type=event
location=51,10,1,1
activate=on_load
soundfx=soundfx/environment/bird_twitter_loop.ogg

[event]
# Forrest owl sound effect
type=event
location=17,36,1,1
activate=on_load
soundfx=soundfx/environment/forest_owl_loop.ogg

[event]
# Forrest owl sound effect
type=event
location=26,18,1,1
activate=on_load
soundfx=soundfx/environment/forest_owl_loop.ogg

[event]
# to Perdition Mines
type=event
location=5,12,2,2
activate=on_trigger
hotspot=location
intermap=maps/perdition_mines.txt,52,18
tooltip=Perdition Mines

[enemy]
type=enemy
location=6,53,14,4
category=grassland
level=1
number=1,2

[enemy]
type=enemy
location=25,49,8,6
category=grassland
level=1
number=1,2

[enemy]
type=enemy
location=46,30,11,11
category=grassland
level=1
number=2

[enemy]
type=enemy
location=26,18,6,10
category=grassland
level=1
number=1,2

[enemy]
type=enemy
location=37,48,9,7
category=grassland
level=1
number=2

[enemy]
type=enemy
location=21,36,12,9
category=grassland
level=1
number=2

[enemy]
type=enemy
location=34,19,10,11
category=grassland
level=1
number=2

[enemy]
type=enemy
location=20,13,6,4
category=undead
level=1
number=2

[enemy]
type=enemy
location=35,7,10,7
category=grassland
level=1
number=2

[enemy]
type=enemy
location=39,36,1,1
category=goblin_spearman
level=2
number=1
wander_radius=0

