[header]
width=80
height=80
tilewidth=64
tileheight=32
orientation=isometric
music=music/overworld_theme.ogg
tileset=tilesetdefs/tileset_grassland.txt
title=Southern Ridge

[tilesets]
tileset=../../../tiled/grassland/tiled_collision.png,64,32,0,0
tileset=../../../tiled/grassland/grassland.png,64,128,0,0
tileset=../../../tiled/grassland/grassland_water.png,64,64,0,32
tileset=../../../tiled/grassland/grassland_structures.png,64,256,0,0
tileset=../../../tiled/grassland/grassland_trees.png,128,256,-32,0
tileset=../../../tiled/grassland/set_rules.png,64,32,0,0
tileset=../../../tiled/grassland/tiled_grassland_2x2.png,128,64,0,16

[layer]
type=background
data=
0,0,0,0,0,0,0,0,0,0,0,0,0,0,0,0,0,16,17,18,19,16,0,0,0,0,0,0,0,0,0,0,0,0,0,0,0,0,0,0,0,0,0,0,0,0,0,0,0,0,0,0,0,0,0,0,0,0,0,0,0,0,0,0,0,0,0,0,0,0,0,0,0,0,0,0,0,0,0,0,
0,0,0,0,0,0,0,0,0,0,0,0,0,0,0,0,0,20,21,22,23,20,0,0,0,0,0,0,0,0,0,0,0,0,0,0,0,0,21,22,23,20,21,22,0,0,0,0,0,0,0,0,0,0,0,0,0,0,0,0,0,0,0,0,23,20,21,22,23,0,0,0,0,0,0,0,0,0,0,0,
0,0,0,0,0,0,0,0,0,0,0,0,0,0,0,0,0,24,25,26,27,24,0,0,0,0,0,0,0,0,0,0,0,0,0,26,27,24,25,26,27,24,25,26,27,24,0,0,0,0,0,0,0,0,0,0,0,0,0,0,0,24,25,26,27,24,25,26,27,24,0,0,0,0,0,0,0,0,0,0,
0,0,0,0,0,0,0,0,0,0,0,0,0,0,0,0,0,28,29,30,31,28,0,0,0,0,0,0,0,0,0,0,0,0,29,30,31,28,29,30,31,28,29,30,31,28,29,0,0,0,0,0,0,0,0,0,0,0,0,30,31,28,29,30,31,28,29,30,31,28,29,0,0,0,0,0,0,0,0,0,
0,0,0,0,0,0,0,0,0,0,0,0,0,0,0,0,0,16,17,18,19,16,17,18,0,0,0,0,0,0,0,0,0,16,17,18,19,16,17,18,19,0,0,18,19,16,17,18,0,0,0,0,0,0,0,0,0,16,17,18,19,16,17,18,19,0,0,18,19,16,17,18,0,0,0,0,0,0,0,0,
0,0,0,0,0,0,0,0,0,0,0,0,0,0,0,0,23,20,21,22,23,20,21,22,0,0,0,0,0,0,0,0,23,20,21,22,23,20,21,22,23,20,21,22,23,20,21,22,0,0,0,0,0,0,0,22,23,20,21,22,23,20,21,22,23,0,0,22,23,20,21,22,23,0,0,0,0,0,0,0,
0,0,0,0,0,0,0,0,0,0,0,0,0,0,0,26,27,24,25,26,27,24,25,26,27,0,0,0,0,0,0,26,27,24,25,26,27,24,25,26,27,24,25,26,27,24,25,26,0,0,0,0,0,0,25,26,27,24,25,26,27,24,25,26,27,24,25,26,27,24,25,26,27,24,0,0,0,0,0,0,
0,0,0,0,0,0,0,0,0,0,0,0,0,0,0,30,31,28,29,30,31,28,29,30,31,28,29,30,31,28,29,30,31,28,29,30,31,28,29,30,31,28,29,30,31,28,29,30,31,0,0,0,0,28,29,30,31,28,29,30,31,28,29,30,31,28,29,30,31,28,29,30,31,28,29,0,0,0,0,0,
0,0,0,0,0,0,0,0,0,0,0,0,0,0,0,18,19,16,17,18,19,16,17,18,19,16,17,18,19,16,17,18,19,16,17,18,19,16,0,0,0,16,17,18,19,16,17,18,19,16,17,18,19,16,17,18,19,16,17,18,19,16,17,18,19,16,17,18,19,16,17,18,19,16,17,18,0,0,0,0,
0,0,0,0,0,0,0,0,0,0,0,0,0,0,0,0,23,20,21,22,23,20,21,22,23,20,21,22,23,20,21,22,23,20,21,22,23,0,0,0,0,20,21,22,23,20,21,22,23,20,21,22,23,20,21,22,23,20,21,22,23,20,21,0,0,20,21,22,23,20,21,22,23,20,21,22,0,0,0,0,
0,0,0,0,0,0,0,0,0,0,0,0,0,0,0,0,27,24,25,26,27,24,25,26,27,24,25,26,27,24,25,26,27,24,25,26,27,0,0,0,0,24,25,26,27,24,25,26,27,24,25,26,27,24,25,26,27,24,25,26,27,0,0,0,0,0,0,0,27,24,25,26,27,24,25,26,0,0,0,0,
0,0,0,0,0,0,0,0,0,0,0,0,0,0,0,0,31,28,29,30,31,28,29,30,31,28,29,30,31,28,29,30,31,28,29,30,31,0,0,0,0,28,29,30,31,0,0,0,31,28,29,30,31,28,29,30,31,28,29,0,0,0,0,0,0,0,0,0,0,28,29,30,31,28,29,30,0,0,0,0,
0,0,0,0,0,0,0,0,0,0,0,0,0,0,0,0,19,16,17,18,19,16,17,18,19,16,17,18,19,16,17,18,19,16,17,18,0,0,0,0,0,16,17,18,19,0,0,0,19,16,17,18,19,16,17,18,19,0,0,0,0,0,0,0,0,0,0,0,0,16,17,18,19,16,17,18,19,0,0,0,
0,0,0,0,0,0,0,0,0,0,0,0,0,0,0,0,0,0,0,22,23,20,21,22,23,20,21,22,23,20,0,0,23,20,21,22,0,0,0,0,0,0,21,22,23,20,0,0,23,20,21,22,23,20,21,22,0,0,0,0,0,0,0,0,0,0,0,0,0,20,21,22,23,20,21,22,23,0,0,0,
0,0,0,0,0,0,0,0,0,0,0,0,0,0,0,0,0,0,0,0,27,24,25,26,27,24,25,26,27,0,0,0,0,0,0,0,0,0,0,0,0,0,25,26,27,24,25,26,27,24,25,26,27,24,25,0,0,0,0,0,0,0,0,0,0,0,0,0,0,24,25,26,27,24,25,26,27,0,0,0,
0,0,0,0,0,0,0,0,0,0,0,0,0,0,0,0,0,0,0,0,31,28,29,30,31,28,29,0,0,0,0,0,0,0,0,0,0,0,0,0,0,0,0,30,31,28,29,30,31,28,29,30,31,28,0,0,0,0,0,0,0,0,0,0,0,0,0,0,0,28,29,30,31,28,29,30,31,0,0,0,
0,0,0,0,0,0,0,0,0,0,0,0,0,0,0,0,0,0,0,0,19,16,17,18,19,16,0,0,0,0,0,0,0,0,0,0,0,0,0,0,0,0,0,0,19,16,17,18,19,16,17,18,19,0,0,0,0,0,0,0,19,16,0,0,0,0,0,18,19,16,17,18,19,16,17,18,0,0,0,0,
0,0,0,0,0,0,0,0,0,0,0,0,0,0,0,0,0,0,0,0,0,20,21,22,23,20,0,0,0,0,0,0,0,0,0,0,0,0,0,0,0,0,0,0,0,0,0,0,23,20,21,22,23,0,0,0,0,0,21,22,23,20,21,22,23,20,21,22,23,20,21,22,23,20,21,22,0,0,0,0,
0,0,0,0,0,0,0,0,0,0,0,0,0,0,0,0,0,0,0,0,0,0,25,26,27,24,0,0,0,0,0,0,0,0,0,0,0,0,0,0,0,0,0,0,0,0,0,0,0,24,25,26,27,0,0,0,0,24,25,26,27,24,25,26,27,24,25,26,27,24,25,26,27,24,25,0,0,0,0,0,
0,0,0,0,0,0,0,0,0,0,0,0,0,0,0,0,0,0,0,0,0,0,29,30,31,28,29,0,0,0,0,0,31,28,29,30,0,0,0,0,0,0,0,0,0,0,0,0,0,28,29,30,31,0,0,0,31,28,29,30,31,28,29,30,31,28,29,30,31,28,29,30,31,28,0,0,0,0,0,0,
0,0,0,0,0,0,0,0,0,0,0,0,0,0,0,0,0,0,0,0,19,16,17,18,19,16,17,18,19,16,17,18,19,16,17,18,19,0,0,0,0,0,0,0,0,0,0,0,0,16,17,18,19,16,17,18,19,16,17,18,19,16,17,18,19,16,17,18,19,16,17,18,19,0,0,0,0,0,0,0,
0,0,0,0,0,0,0,0,0,0,0,0,0,0,0,0,0,0,21,22,23,20,21,22,23,20,21,22,23,20,21,22,23,20,21,22,23,0,0,0,0,0,0,0,0,0,0,0,23,20,21,22,23,20,21,22,23,20,21,22,23,20,21,22,23,20,21,22,23,20,21,22,0,0,0,0,0,0,0,0,
0,0,0,0,0,0,0,0,0,0,0,0,0,0,0,0,0,24,25,26,27,24,25,26,27,24,25,26,27,24,25,26,27,24,25,26,27,0,0,0,0,0,0,0,0,0,0,26,27,24,25,26,27,24,25,26,27,24,25,26,27,24,25,26,27,24,25,26,27,24,25,0,0,0,0,0,0,0,0,0,
0,0,0,0,0,0,0,0,0,0,0,0,0,0,0,0,0,0,29,30,31,28,29,30,31,0,0,0,0,0,0,30,31,28,29,30,31,0,0,0,0,0,0,0,31,28,29,30,31,28,29,30,31,28,29,30,31,28,29,30,31,28,29,30,31,28,29,30,31,0,0,0,0,0,0,0,0,0,0,0,
0,0,0,0,0,0,0,0,0,0,0,0,0,0,0,0,0,0,0,0,19,16,17,18,19,16,17,18,0,0,0,18,19,16,17,18,19,0,0,0,0,0,0,18,19,16,17,18,19,16,17,18,19,0,0,0,0,16,17,18,19,16,17,18,19,16,17,0,0,0,0,0,0,0,0,0,0,0,0,0,
0,0,0,0,0,0,0,0,0,0,0,0,0,0,0,0,0,0,0,0,0,0,21,22,23,20,21,22,23,20,21,22,23,20,21,22,0,0,0,0,0,0,21,22,23,20,21,22,23,20,21,0,0,0,0,0,0,20,21,22,23,20,21,0,0,0,0,0,0,0,0,0,0,0,0,0,0,0,0,0,
0,0,0,0,0,0,0,0,0,0,0,0,0,0,0,0,0,0,0,0,0,0,0,26,27,24,25,26,27,24,25,26,27,24,25,26,0,0,0,0,0,24,25,26,27,24,25,26,27,24,25,0,0,0,0,0,27,24,25,26,27,24,25,0,0,0,0,0,0,0,0,0,0,0,0,0,0,0,0,0,
0,0,0,0,0,0,0,0,0,0,0,0,0,0,0,0,0,0,0,0,0,0,0,0,0,0,29,30,31,28,29,30,31,28,29,30,0,0,0,0,0,28,29,30,31,28,29,30,31,28,0,0,0,0,0,30,31,28,29,30,31,28,0,0,0,0,0,0,0,0,0,0,0,0,0,0,0,0,0,0,
0,0,0,0,0,0,0,0,0,0,0,0,0,0,0,0,0,0,0,0,0,0,0,0,0,0,0,0,0,16,17,18,19,16,17,0,0,0,0,0,19,16,17,18,19,16,17,18,19,16,0,0,0,0,0,18,19,16,17,18,19,0,0,0,0,0,0,0,0,0,0,0,0,0,0,0,0,0,0,0,
0,0,0,0,0,0,0,0,0,0,0,0,0,0,0,0,0,0,0,0,0,0,0,0,0,0,0,0,0,0,21,22,23,20,21,0,0,0,0,0,23,20,21,22,23,20,21,22,23,0,0,0,0,0,21,22,23,20,21,22,0,0,0,0,0,0,0,0,0,0,0,0,0,0,0,0,0,0,0,0,
0,0,0,0,0,0,0,0,0,0,0,0,0,0,0,0,0,0,0,0,0,0,0,0,0,0,0,0,0,0,25,26,27,24,25,0,0,0,0,0,27,24,25,26,27,24,25,26,0,0,0,0,0,0,25,26,27,24,25,26,0,0,0,0,0,0,0,0,0,0,0,0,0,0,0,0,0,0,0,0,
0,0,0,0,0,0,0,0,0,0,0,0,0,0,0,0,0,0,0,30,31,28,0,0,0,0,0,0,0,0,29,30,31,28,29,30,0,0,0,0,31,28,29,30,31,28,29,30,0,0,0,0,0,28,29,30,31,28,29,0,0,0,0,0,0,0,0,0,0,0,0,0,0,0,0,0,0,0,0,0,
0,0,0,0,0,0,0,0,0,0,0,0,0,0,0,0,19,16,17,18,19,16,17,18,19,0,0,0,0,0,17,18,19,16,17,18,19,16,17,18,19,16,17,18,19,16,17,18,0,0,0,0,0,16,17,18,19,16,17,0,0,0,0,0,0,0,0,0,0,0,0,0,0,0,0,0,0,0,0,0,
0,0,0,0,0,0,0,0,0,0,0,0,0,0,0,22,23,20,21,22,23,20,21,22,23,20,21,22,23,20,21,22,23,20,21,22,23,20,21,22,23,20,21,22,23,20,21,22,0,0,0,0,0,20,21,22,23,20,0,0,0,0,0,0,0,0,0,0,0,0,0,0,0,0,0,0,0,0,0,0,
0,0,0,0,0,0,0,0,0,0,0,0,27,24,25,26,27,24,25,26,27,24,25,26,27,24,25,26,27,24,25,26,27,24,25,26,27,24,25,26,27,24,25,26,27,24,25,26,0,0,0,0,27,24,25,26,27,24,0,0,0,0,0,0,0,0,0,0,0,0,0,0,0,0,0,0,0,0,0,0,
0,0,0,0,0,0,0,0,0,0,0,30,31,28,29,30,31,28,29,30,31,28,29,30,31,28,29,30,31,28,29,30,31,28,29,30,31,28,29,30,31,28,29,30,31,28,29,30,0,0,0,0,31,28,29,30,31,28,0,0,0,0,0,0,0,0,0,0,0,0,0,0,0,0,0,0,0,0,0,0,
0,0,0,0,0,0,0,0,0,0,0,18,19,16,17,18,19,16,17,18,19,16,17,18,19,16,17,18,19,16,17,18,19,16,17,18,19,16,17,18,19,16,17,18,19,16,17,18,0,0,0,0,19,16,17,18,19,16,0,0,0,0,0,0,0,0,0,0,0,0,0,0,0,0,0,0,0,0,0,0,
0,0,0,0,0,0,0,0,0,0,21,22,23,20,21,22,23,20,21,22,23,0,0,0,0,0,0,22,23,20,21,22,23,20,21,22,23,0,0,22,23,20,21,22,23,20,21,0,0,0,0,0,23,20,21,22,23,20,0,0,0,0,0,0,0,0,0,0,0,0,0,0,0,0,0,0,0,0,0,0,
0,0,0,0,0,0,0,0,0,24,25,26,27,24,25,26,27,24,25,26,27,0,0,0,0,0,0,0,27,24,25,26,27,24,25,26,27,0,0,26,27,24,25,26,27,24,0,0,0,0,0,26,27,24,25,26,27,24,0,0,0,0,0,0,0,0,0,0,0,0,0,0,0,0,0,0,0,0,0,0,
0,0,0,0,0,0,0,0,31,28,29,30,31,28,29,30,31,28,29,30,0,0,0,0,0,0,0,0,0,0,29,30,31,28,29,30,31,28,29,30,31,28,29,30,31,28,0,0,0,0,0,30,31,28,29,30,31,28,29,0,0,0,0,0,0,0,0,0,0,0,0,0,0,0,0,0,0,0,0,0,
0,0,0,0,0,0,0,18,19,16,17,18,19,16,17,18,19,16,17,0,0,0,0,0,0,0,0,0,0,0,0,18,19,16,17,18,19,16,17,18,19,16,17,18,19,16,0,0,0,0,17,18,19,16,17,18,19,16,17,0,0,0,0,0,0,0,0,0,0,0,0,0,0,0,0,0,0,0,0,0,
0,0,0,0,0,0,21,22,23,20,21,22,23,20,21,22,23,20,0,0,0,0,0,0,0,0,0,0,0,0,0,0,23,20,21,22,23,20,21,22,23,20,21,22,23,0,0,0,0,0,21,22,23,20,21,22,23,20,21,22,0,0,0,0,0,0,0,0,0,0,0,0,0,0,0,0,0,0,0,0,
0,0,0,0,0,0,25,26,27,24,0,0,27,24,25,26,27,24,0,0,0,0,0,0,0,0,25,0,0,0,0,0,0,0,0,0,0,24,25,26,27,24,25,26,0,0,0,0,0,24,25,26,27,24,25,26,27,24,25,26,0,0,0,0,0,0,0,0,0,0,0,0,0,0,0,0,0,0,0,0,
0,0,0,0,0,0,29,30,31,28,0,0,0,28,29,30,31,28,0,0,0,0,0,0,0,28,29,30,0,0,0,0,0,0,0,0,0,0,0,30,31,28,29,30,0,0,0,0,0,28,29,30,31,28,29,30,31,28,29,30,31,0,0,0,0,0,0,0,0,0,0,0,0,0,0,0,0,0,0,0,
0,0,0,0,0,0,0,18,19,16,0,0,0,16,17,18,19,16,0,0,0,0,0,0,19,16,17,18,19,16,0,0,0,0,0,0,0,0,0,0,0,0,0,0,0,0,0,0,0,16,17,18,19,16,17,18,19,16,17,18,19,0,0,0,0,0,0,0,0,0,0,0,0,0,0,0,0,0,0,0,
0,0,0,0,0,0,0,22,23,20,0,0,23,20,21,22,23,0,0,0,0,0,0,0,23,20,21,22,23,20,21,0,0,0,0,0,0,0,0,0,0,0,0,0,0,0,0,0,0,20,21,22,23,20,21,22,23,20,21,22,23,20,0,0,0,0,0,0,0,0,0,0,0,0,0,0,0,0,0,0,
0,0,0,0,0,0,0,26,27,24,25,26,27,24,25,26,27,0,0,0,0,0,0,0,27,24,25,26,27,24,25,26,0,0,0,0,0,0,0,0,0,0,0,0,0,0,25,26,27,24,25,26,27,24,25,26,27,24,25,26,27,24,0,0,0,0,0,0,0,0,0,0,0,0,0,0,0,0,0,0,
0,0,0,0,0,0,0,30,31,28,29,30,31,28,29,30,31,0,0,0,0,0,0,0,31,28,29,30,31,28,29,30,31,28,29,30,31,28,0,0,0,0,0,0,0,28,29,30,31,28,29,30,31,28,29,30,31,28,29,30,31,28,29,0,0,0,0,0,0,0,0,0,0,0,0,0,0,0,0,0,
0,0,0,0,0,0,17,18,19,16,17,18,19,16,17,18,19,0,0,0,0,0,0,18,19,16,17,18,19,16,17,18,19,16,17,18,19,16,17,0,0,0,0,0,19,16,17,18,19,16,17,18,19,16,17,18,19,16,17,18,19,16,17,0,0,0,0,0,0,0,0,0,0,0,0,0,0,0,0,0,
0,0,0,0,0,0,21,22,23,20,21,22,23,20,21,22,0,0,0,0,0,0,0,22,23,20,21,22,23,20,21,22,23,20,21,22,23,20,21,22,0,0,0,22,23,20,21,22,23,20,21,22,23,20,21,22,23,0,0,0,23,20,21,22,0,0,0,0,0,0,0,0,0,0,0,0,0,0,0,0,
0,0,0,0,0,24,25,26,27,24,25,26,27,24,25,26,0,0,0,0,0,0,0,26,27,24,25,26,27,24,25,26,27,24,25,26,27,24,25,26,27,24,25,26,27,24,25,26,0,0,25,26,27,24,25,26,0,0,0,0,0,24,25,26,27,0,0,0,0,0,0,0,0,0,0,0,0,0,0,0,
0,0,0,0,31,28,29,30,31,28,29,30,31,28,29,30,0,0,0,0,0,0,0,0,31,28,29,30,31,0,0,0,31,28,29,30,31,28,29,30,31,28,29,30,31,28,29,30,0,0,29,30,31,28,29,30,0,0,0,0,0,28,29,30,31,28,0,0,0,0,0,0,0,0,0,0,0,0,0,0,
0,0,0,0,19,16,17,18,19,16,17,18,19,16,17,18,0,0,0,0,0,0,0,0,19,16,17,18,19,0,0,0,19,16,17,18,19,16,17,18,19,16,17,18,19,16,17,18,19,16,17,18,19,16,17,18,0,0,0,0,19,16,17,18,19,16,17,0,0,0,0,0,0,0,0,0,0,0,0,0,
0,0,0,0,0,20,21,22,23,20,21,22,23,20,21,0,0,0,0,0,0,0,0,0,23,20,21,22,23,20,0,0,23,20,21,22,23,20,21,22,23,20,21,22,23,20,21,22,23,20,21,22,23,20,21,22,23,0,0,22,23,20,21,22,23,20,21,22,0,0,0,0,0,0,0,0,0,0,0,0,
0,0,0,0,0,24,25,26,27,24,25,26,27,24,0,0,0,0,0,0,0,0,0,0,27,24,25,26,27,24,25,26,27,24,25,26,27,24,25,26,27,24,25,26,27,24,25,26,27,24,25,26,27,24,25,26,27,24,25,26,27,24,25,26,27,24,25,26,27,0,0,0,0,0,0,0,0,0,0,0,
0,0,0,0,0,28,29,30,31,28,29,30,31,0,0,0,0,0,0,0,0,0,0,0,31,28,29,30,31,28,29,30,31,28,29,30,31,28,0,0,0,28,29,30,31,28,29,30,31,28,29,30,31,28,29,30,31,28,29,30,31,28,29,30,31,28,29,30,31,0,0,0,0,0,0,0,0,0,0,0,
0,0,0,0,0,16,17,18,19,16,17,18,0,0,0,0,0,0,0,0,0,0,0,0,19,16,17,18,19,16,17,18,19,16,17,18,19,0,0,0,0,0,17,18,19,16,17,18,19,16,17,18,19,16,17,18,19,16,17,18,19,16,17,18,19,16,17,18,19,16,0,0,0,0,0,0,0,0,0,0,
0,0,0,0,0,20,21,22,23,20,21,22,0,0,0,0,0,0,0,0,0,0,0,22,23,20,21,22,23,20,21,22,23,20,21,22,23,0,0,0,0,0,21,22,23,20,21,22,23,20,21,22,23,20,21,22,23,20,21,22,23,20,21,22,23,20,21,22,23,20,0,0,0,0,0,0,0,0,0,0,
0,0,0,0,0,24,25,26,27,24,25,0,0,0,0,0,0,0,0,0,27,24,25,26,27,24,25,26,27,24,25,26,27,24,25,26,27,0,0,0,0,0,25,26,27,24,25,26,27,24,25,26,27,24,25,26,27,24,25,26,27,24,25,26,27,24,25,26,27,24,0,0,0,0,0,0,0,0,0,0,
0,0,0,0,0,28,29,30,31,28,29,0,0,0,0,0,0,0,0,30,31,28,29,30,31,28,29,30,31,28,29,30,31,28,29,30,31,28,0,0,0,0,29,30,31,28,29,0,31,28,29,30,31,0,0,0,0,0,29,30,31,28,29,30,31,28,29,30,31,28,29,0,0,0,0,0,0,0,0,0,
0,0,0,18,19,16,17,18,19,16,17,18,0,0,0,0,0,0,0,18,19,16,17,18,19,16,0,0,0,0,17,18,19,16,17,18,19,16,17,18,19,16,17,18,19,16,17,0,19,16,17,18,19,0,0,0,0,0,17,18,19,16,17,18,19,16,17,18,19,16,17,0,0,0,0,0,0,0,0,0,
0,0,21,22,23,20,21,22,23,20,21,22,23,20,0,0,0,0,21,22,23,20,21,22,23,0,0,0,0,0,0,22,23,20,21,22,23,20,21,22,23,20,21,22,23,20,21,22,23,20,21,22,23,0,0,0,0,0,21,22,23,20,21,22,23,0,0,0,238,20,21,22,0,0,0,0,0,0,0,0,
0,24,25,26,27,24,25,26,27,24,25,26,27,24,25,0,0,24,25,26,27,24,25,26,27,0,0,0,0,0,0,26,27,24,25,26,27,24,25,26,27,24,25,26,27,24,25,26,27,24,25,26,27,24,0,0,0,0,25,26,27,24,25,26,27,0,0,0,237,24,25,26,27,0,0,0,0,0,0,0,
0,28,29,30,31,28,29,30,31,28,29,30,31,28,29,0,0,28,29,30,31,28,29,30,31,28,0,0,0,0,0,30,31,28,29,30,31,28,29,30,31,28,29,30,31,28,29,30,31,28,29,30,31,28,29,30,31,28,29,30,31,28,29,30,31,0,0,0,236,28,29,30,31,28,0,0,0,0,0,0,
0,16,17,18,19,16,17,18,0,0,0,18,19,16,17,18,19,16,17,18,19,16,17,18,19,16,17,0,0,0,0,18,19,16,17,18,19,16,17,18,19,16,17,18,19,16,17,18,19,16,17,18,19,16,17,18,19,16,17,18,19,16,17,18,19,232,233,234,235,16,17,18,19,16,0,0,0,0,0,0,
0,0,21,22,23,20,21,22,0,0,0,0,23,20,21,22,23,20,21,22,23,20,21,22,23,20,21,22,23,20,21,22,23,20,21,22,23,20,21,22,23,20,21,22,23,20,21,22,23,20,21,22,23,20,21,22,23,20,21,22,23,20,21,22,23,20,21,22,23,20,21,22,23,20,0,0,0,0,0,0,
0,0,0,26,27,24,25,26,27,0,0,0,27,24,25,26,27,24,25,26,27,24,25,26,27,24,25,26,27,24,25,26,27,24,25,26,27,24,25,26,27,24,25,26,27,24,25,26,27,24,25,26,27,24,25,26,27,24,25,26,27,24,25,26,27,24,25,26,27,24,25,26,27,24,0,0,0,0,0,0,
0,0,0,30,31,28,29,30,31,28,0,0,31,28,29,30,31,28,29,30,31,28,29,30,31,28,29,30,31,28,29,30,31,28,29,30,31,28,29,30,31,28,29,30,31,28,29,30,31,28,29,30,31,28,29,30,31,28,29,30,31,28,29,30,31,28,29,30,31,28,29,30,31,0,0,0,0,0,0,0,
0,0,0,0,19,16,17,18,19,16,17,18,19,16,17,18,19,16,17,18,19,16,17,18,19,16,17,18,19,16,17,18,19,16,17,18,19,16,17,0,0,0,0,0,0,16,17,18,19,16,17,18,19,16,17,18,19,16,17,18,19,16,17,18,19,16,17,18,19,16,17,18,19,0,0,0,0,0,0,0,
0,0,0,0,0,20,21,22,23,20,21,22,23,20,21,22,23,20,21,22,23,20,21,22,23,20,21,0,0,0,21,22,23,20,21,22,23,20,0,0,0,0,0,0,0,0,21,22,23,20,21,22,23,20,21,22,23,20,21,22,23,20,21,22,23,20,21,22,23,20,21,22,0,0,0,0,0,0,0,0,
0,0,0,0,0,24,25,26,27,24,25,26,27,24,25,26,27,24,25,26,27,24,25,26,27,24,25,0,0,0,0,0,0,0,0,0,0,0,0,0,0,0,0,0,0,0,0,0,27,24,25,26,0,0,0,0,27,24,25,26,27,24,25,26,27,24,25,26,27,24,25,0,0,0,0,0,0,0,0,0,
0,0,0,0,0,0,29,30,31,28,29,30,31,28,29,30,31,28,29,30,31,28,29,30,31,28,29,0,0,0,0,0,0,0,0,0,0,0,0,0,0,0,0,0,0,0,0,0,0,0,0,0,0,0,0,0,0,0,29,30,31,28,29,30,31,28,29,30,31,28,0,0,0,0,0,0,0,0,0,0,
0,0,0,0,0,0,0,0,19,16,17,18,19,16,17,18,19,16,17,18,19,16,17,18,19,16,0,0,0,0,0,0,0,0,0,0,0,0,0,0,0,0,0,0,0,0,0,0,0,0,0,0,0,0,0,0,0,0,0,18,19,16,17,18,19,16,17,0,0,0,0,0,0,0,0,0,0,0,0,0,
0,0,0,0,0,0,0,0,0,0,21,22,23,20,21,22,23,20,21,22,23,20,21,22,23,0,0,0,0,0,0,0,0,0,0,0,0,0,0,0,0,0,0,0,0,0,0,0,0,0,0,0,0,0,0,0,0,0,0,0,0,0,0,0,0,0,0,0,0,0,0,0,0,0,0,0,0,0,0,0,
0,0,0,0,0,0,0,0,0,0,0,0,27,24,25,26,27,24,25,26,27,24,25,0,0,0,0,0,0,0,0,0,0,0,0,0,0,0,0,0,0,0,0,0,0,0,0,0,0,0,0,0,0,0,0,0,0,0,0,0,0,0,0,0,0,0,0,0,0,0,0,0,0,0,0,0,0,0,0,0,
0,0,0,0,0,0,0,0,0,0,0,0,0,28,29,30,31,28,29,30,31,28,0,0,0,0,0,0,0,0,0,0,0,0,0,0,0,0,0,0,0,0,0,0,0,0,0,0,0,0,0,0,0,0,0,0,0,0,0,0,0,0,0,0,0,0,0,0,0,0,0,0,0,0,0,0,0,0,0,0,
0,0,0,0,0,0,0,0,0,0,0,0,0,0,0,0,0,16,17,18,19,0,0,0,0,0,0,0,0,0,0,0,0,0,0,0,0,0,0,0,0,0,0,0,0,0,0,0,0,0,0,0,0,0,0,0,0,0,0,0,0,0,0,0,0,0,0,0,0,0,0,0,0,0,0,0,0,0,0,0,
0,0,0,0,0,0,0,0,0,0,0,0,0,0,0,0,0,0,0,0,0,0,0,0,0,0,0,0,0,0,0,0,0,0,0,0,0,0,0,0,0,0,0,0,0,0,0,0,0,0,0,0,0,0,0,0,0,0,0,0,0,0,0,0,0,0,0,0,0,0,0,0,0,0,0,0,0,0,0,0,
0,0,0,0,0,0,0,0,0,0,0,0,0,0,0,0,0,0,0,0,0,0,0,0,0,0,0,0,0,0,0,0,0,0,0,0,0,0,0,0,0,0,0,0,0,0,0,0,0,0,0,0,0,0,0,0,0,0,0,0,0,0,0,0,0,0,0,0,0,0,0,0,0,0,0,0,0,0,0,0,
0,0,0,0,0,0,0,0,0,0,0,0,0,0,0,0,0,0,0,0,0,0,0,0,0,0,0,0,0,0,0,0,0,0,0,0,0,0,0,0,0,0,0,0,0,0,0,0,0,0,0,0,0,0,0,0,0,0,0,0,0,0,0,0,0,0,0,0,0,0,0,0,0,0,0,0,0,0,0,0

[layer]
type=object
data=
0,0,0,0,0,0,0,0,0,0,0,0,0,0,0,0,0,48,93,93,93,93,50,0,0,0,0,0,0,0,0,0,0,0,0,0,0,0,0,0,0,0,0,0,0,0,0,0,0,0,0,0,0,0,0,0,0,0,0,0,0,0,0,0,0,0,0,0,0,0,0,0,0,0,0,0,0,0,0,0,
0,0,0,0,0,0,0,0,0,0,0,0,0,0,0,0,0,48,0,0,0,0,54,0,0,0,0,0,0,0,0,0,0,0,0,0,0,60,53,49,53,53,49,49,57,0,0,0,0,0,0,0,0,0,0,0,0,0,0,0,0,0,0,60,53,49,53,49,49,57,0,0,0,0,0,0,0,0,0,0,
0,0,0,0,0,0,0,0,0,0,0,0,0,0,0,0,0,52,253,0,0,0,50,0,0,0,0,0,0,0,0,0,0,0,56,49,53,64,245,0,0,250,0,0,69,53,61,0,0,0,0,0,0,0,0,0,0,0,0,0,56,49,53,64,0,251,0,0,254,65,61,0,0,0,0,0,0,0,0,0,
0,0,0,0,0,0,0,0,0,0,0,0,0,0,0,0,0,48,0,0,0,0,54,0,0,0,0,0,0,0,0,0,0,56,68,250,0,0,0,0,0,0,0,0,249,0,65,57,0,0,0,0,0,0,0,0,0,0,56,53,68,0,0,255,0,0,0,0,0,0,65,57,0,0,0,0,0,0,0,0,
0,0,0,0,0,0,0,0,0,0,0,0,0,0,0,0,56,68,0,0,0,0,69,53,57,0,0,0,0,0,0,0,56,68,0,0,0,0,0,0,0,70,55,67,0,0,0,65,57,0,0,0,0,0,0,0,56,49,64,253,0,0,0,0,0,70,55,71,0,0,0,69,57,0,0,0,0,0,0,0,
0,0,0,0,0,0,0,0,0,0,0,0,0,0,0,56,68,251,0,0,0,0,0,254,50,0,0,0,0,0,0,60,68,0,0,0,0,0,0,0,0,65,53,64,0,0,0,254,54,0,0,0,0,0,60,49,68,0,0,0,0,0,0,0,0,50,0,48,0,0,0,0,69,57,0,0,0,0,0,0,
0,0,0,0,0,0,0,0,0,0,0,0,0,0,0,48,0,0,0,0,0,0,0,0,65,61,0,0,0,0,60,68,0,252,0,0,0,0,0,0,0,0,0,0,0,0,0,0,54,0,0,0,0,60,64,0,248,0,0,0,0,0,0,0,0,69,53,64,245,0,0,0,254,65,61,0,0,0,0,0,
0,0,0,0,0,0,0,0,0,0,0,0,0,0,0,52,0,0,0,0,0,0,0,0,0,69,49,53,53,49,68,254,0,0,0,0,0,0,0,0,0,0,0,0,0,0,0,0,65,57,0,0,60,64,250,0,0,0,0,0,0,0,0,0,0,0,0,0,0,0,0,0,0,0,69,61,0,0,0,0,
0,0,0,0,0,0,0,0,0,0,0,0,0,0,0,48,249,0,0,0,0,0,0,0,0,0,0,250,0,0,0,0,0,0,0,0,0,0,70,55,51,67,0,0,0,0,0,0,0,65,49,53,68,0,0,0,0,0,0,0,0,0,0,0,0,0,0,0,0,0,0,0,0,0,0,69,61,0,0,0,
0,0,0,0,0,0,0,0,0,0,0,0,0,0,0,59,67,0,0,0,0,0,0,0,0,0,0,0,0,0,0,0,0,0,0,0,0,70,58,0,0,48,0,0,0,0,0,0,0,0,0,252,0,0,0,0,0,0,0,0,0,0,245,70,51,71,0,0,0,0,0,0,0,0,0,244,50,0,0,0,
0,0,0,0,0,0,0,0,0,0,0,0,0,0,0,0,48,0,0,0,0,0,254,0,0,0,0,0,0,0,0,0,0,0,0,0,0,54,0,0,0,52,0,0,0,0,0,0,0,0,0,0,0,0,0,0,0,0,0,0,0,66,51,62,0,63,55,51,67,0,0,0,0,0,0,0,54,0,0,0,
0,0,0,0,0,0,0,0,0,0,0,0,0,0,0,0,52,252,0,0,0,0,0,0,0,0,0,0,0,0,0,0,0,0,0,0,0,50,0,0,0,52,255,0,0,70,55,55,67,0,0,0,0,0,0,0,0,0,0,66,55,62,0,0,0,0,0,0,63,71,0,0,0,0,0,0,50,0,0,0,
0,0,0,0,0,0,0,0,0,0,0,0,0,0,0,0,52,0,0,0,0,0,0,0,0,0,0,0,0,0,0,0,0,0,0,0,66,58,0,0,0,52,0,0,0,54,0,0,48,0,0,0,0,0,0,0,0,70,55,62,0,0,0,0,0,0,0,0,0,48,253,0,0,0,0,0,65,61,0,0,
0,0,0,0,0,0,0,0,0,0,0,0,0,0,0,0,63,51,55,67,0,0,0,0,0,0,0,0,0,0,66,55,71,0,254,0,54,0,0,0,0,59,71,0,0,69,57,0,52,249,0,0,0,0,0,0,66,58,0,0,0,0,0,0,0,0,0,0,0,48,0,0,0,0,0,0,0,54,0,0,
0,0,0,0,0,0,0,0,0,0,0,0,0,0,0,0,0,0,0,59,71,0,0,0,0,0,0,0,246,70,58,0,59,51,55,51,62,0,0,0,0,0,52,254,0,0,65,49,64,0,0,0,0,0,0,70,58,0,0,0,0,0,0,0,0,0,0,0,0,48,0,0,0,0,0,0,252,54,0,0,
0,0,0,0,0,0,0,0,0,0,0,0,0,0,0,0,0,0,0,0,52,0,0,0,0,0,0,66,51,58,0,0,0,0,0,0,0,0,0,0,0,0,59,71,0,0,0,0,0,0,0,0,0,0,66,58,0,0,0,0,0,0,0,0,0,0,0,0,60,68,248,0,0,0,0,0,0,50,0,0,
0,0,0,0,0,0,0,0,0,0,0,0,0,0,0,0,0,0,0,0,48,252,0,0,0,0,66,62,0,0,0,0,0,0,0,0,0,0,0,0,0,0,0,59,71,0,0,0,0,0,0,0,0,66,62,0,0,0,0,60,53,49,61,0,0,0,56,49,68,0,0,0,0,0,0,0,66,62,0,0,
0,0,0,0,0,0,0,0,0,0,0,0,0,0,0,0,0,0,0,0,59,67,0,0,0,0,54,0,0,0,0,0,0,0,0,0,0,0,0,0,0,0,0,0,63,55,51,51,67,0,0,0,0,54,0,0,0,56,53,64,251,0,69,53,49,53,68,252,0,0,0,0,0,0,0,0,54,0,0,0,
0,0,0,0,0,0,0,0,0,0,0,0,0,0,0,0,0,0,0,0,0,63,67,0,0,0,50,0,0,0,0,0,0,0,0,0,0,0,0,0,0,0,0,0,0,0,0,0,59,67,0,0,0,54,0,0,0,48,0,0,0,0,0,255,0,0,0,0,0,0,0,0,0,0,0,66,58,0,0,0,
0,0,0,0,0,0,0,0,0,0,0,0,0,0,0,0,0,0,0,0,0,0,52,0,0,0,69,57,0,0,0,60,53,53,49,49,57,0,0,0,0,0,0,0,0,0,0,0,0,52,0,0,0,54,0,60,49,68,0,0,0,0,0,0,0,0,0,0,0,0,0,0,0,0,70,62,0,0,0,0,
0,0,0,0,0,0,0,0,0,0,0,0,0,0,0,0,0,0,0,56,53,53,64,0,0,0,0,65,49,53,53,64,250,0,0,249,65,57,0,0,0,0,0,0,0,0,0,0,0,52,0,0,0,69,53,64,0,254,0,0,0,0,0,0,0,0,0,0,0,0,0,0,0,70,62,0,0,0,0,0,
0,0,0,0,0,0,0,0,0,0,0,0,0,0,0,0,0,56,53,68,0,248,0,0,0,0,0,0,0,0,0,0,0,0,0,0,0,54,0,0,0,0,0,0,0,0,0,60,49,68,0,0,0,0,0,0,0,0,0,0,0,0,0,0,0,0,0,0,0,0,0,0,66,58,0,0,0,0,0,0,
0,0,0,0,0,0,0,0,0,0,0,0,0,0,0,0,0,52,247,0,0,0,0,0,0,0,0,0,0,0,0,0,0,0,0,0,0,50,0,0,0,0,0,0,0,0,60,64,250,0,0,0,0,0,0,0,0,0,0,0,0,0,0,0,0,0,0,0,0,0,0,66,62,0,0,0,0,0,0,0,
0,0,0,0,0,0,0,0,0,0,0,0,0,0,0,0,0,63,67,0,0,0,0,0,0,66,51,55,55,51,51,67,0,0,0,0,245,54,0,0,0,0,0,56,53,53,64,0,0,0,0,0,0,0,0,0,0,0,0,0,0,0,0,0,0,0,0,0,0,66,51,62,0,0,0,0,0,0,0,0,
0,0,0,0,0,0,0,0,0,0,0,0,0,0,0,0,0,0,59,51,71,0,0,0,0,65,53,49,57,0,0,52,0,0,0,0,0,50,0,0,0,0,56,68,0,0,253,0,0,0,0,0,0,70,51,55,51,67,0,0,0,0,0,0,0,0,245,70,51,62,0,0,0,0,0,0,0,0,0,0,
0,0,0,0,0,0,0,0,0,0,0,0,0,0,0,0,0,0,0,0,63,55,71,0,0,0,0,0,65,53,49,68,0,0,0,0,70,62,0,0,0,56,68,0,254,0,0,0,0,0,0,70,51,58,0,0,56,64,0,0,0,0,0,70,51,55,51,62,0,0,0,0,0,0,0,0,0,0,0,0,
0,0,0,0,0,0,0,0,0,0,0,0,0,0,0,0,0,0,0,0,0,0,63,67,253,0,0,0,0,0,0,255,0,0,0,0,50,0,0,0,0,48,0,0,0,0,0,0,0,0,0,50,0,0,0,56,68,247,0,0,0,0,0,54,0,0,0,0,0,0,0,0,0,0,0,0,0,0,0,0,
0,0,0,0,0,0,0,0,0,0,0,0,0,0,0,0,0,0,0,0,0,0,0,0,51,51,71,0,0,0,0,0,0,0,0,0,54,0,0,0,56,64,0,0,0,0,0,0,0,0,70,62,0,0,0,52,0,0,0,0,0,0,66,62,0,0,0,0,0,0,0,0,0,0,0,0,0,0,0,0,
0,0,0,0,0,0,0,0,0,0,0,0,0,0,0,0,0,0,0,0,0,0,0,0,0,0,59,55,51,67,0,0,0,0,0,66,62,0,0,0,52,0,0,0,0,0,0,0,0,0,50,0,0,0,56,64,0,0,0,0,0,70,58,0,0,0,0,0,0,0,0,0,0,0,0,0,0,0,0,0,
0,0,0,0,0,0,0,0,0,0,0,0,0,0,0,0,0,0,0,0,0,0,0,0,0,0,0,0,0,59,67,0,0,0,0,54,0,0,0,0,52,248,0,0,0,0,0,0,0,70,58,0,0,0,48,0,0,0,0,0,70,58,0,0,0,0,0,0,0,0,0,0,0,0,0,0,0,0,0,0,
0,0,0,0,0,0,0,0,0,0,0,0,0,0,0,0,0,0,0,0,0,0,0,0,0,0,0,0,0,0,52,0,0,0,0,50,0,0,0,0,52,0,0,0,0,0,0,0,70,62,0,0,0,56,64,0,0,0,0,0,50,0,0,0,0,0,0,0,0,0,0,0,0,0,0,0,0,0,0,0,
0,0,0,0,0,0,0,0,0,0,0,0,0,0,0,0,0,0,56,49,53,49,57,0,0,0,0,0,0,0,48,0,0,0,0,69,61,0,0,56,68,0,0,0,0,0,0,0,54,0,0,0,0,52,253,0,0,0,0,70,58,0,0,0,0,0,0,0,0,0,0,0,0,0,0,0,0,0,0,0,
0,0,0,0,0,0,0,0,0,0,0,0,0,0,0,60,53,53,68,0,0,251,65,53,49,57,0,0,0,56,68,0,0,0,0,0,69,49,49,68,249,0,0,0,0,0,0,0,50,0,0,0,0,52,0,0,0,0,0,54,0,0,0,0,0,0,0,0,0,0,0,0,0,0,0,0,0,0,0,0,
0,0,0,0,0,0,0,0,0,0,0,0,0,0,60,68,0,254,0,0,0,0,0,0,247,65,49,49,53,64,0,0,0,0,0,0,0,245,0,0,0,0,0,0,0,0,0,0,54,0,0,0,56,68,0,0,0,0,70,58,0,0,0,0,0,0,0,0,0,0,0,0,0,0,0,0,0,0,0,0,
0,0,0,0,0,0,0,0,0,0,0,56,49,49,64,0,0,0,0,0,0,0,0,0,0,0,0,0,252,0,0,0,0,0,0,0,0,0,0,0,0,0,0,0,244,0,0,0,50,0,0,0,48,0,0,0,0,0,54,0,0,0,0,0,0,0,0,0,0,0,0,0,0,0,0,0,0,0,0,0,
0,0,0,0,0,0,0,0,0,0,0,48,0,249,0,0,0,0,0,0,0,0,0,0,0,0,0,0,0,0,0,0,0,0,0,0,0,0,0,0,0,0,0,0,0,0,0,0,54,0,0,0,48,0,0,0,0,0,50,0,0,0,0,0,0,0,0,0,0,0,0,0,0,0,0,0,0,0,0,0,
0,0,0,0,0,0,0,0,0,0,0,48,0,0,0,0,0,0,0,0,0,0,0,0,0,0,0,0,0,0,0,0,0,0,0,0,0,0,0,0,0,0,0,0,0,0,0,0,54,0,0,0,48,0,0,0,0,0,50,0,0,0,0,0,0,0,0,0,0,0,0,0,0,0,0,0,0,0,0,0,
0,0,0,0,0,0,0,0,0,56,53,64,0,0,0,0,0,0,0,0,0,66,51,55,51,51,51,67,0,0,0,0,0,0,0,0,0,66,51,71,0,0,0,0,0,0,0,70,62,0,0,56,68,248,0,0,0,0,50,0,0,0,0,0,0,0,0,0,0,0,0,0,0,0,0,0,0,0,0,0,
0,0,0,0,0,0,0,0,56,68,0,249,0,0,0,0,0,0,0,0,0,54,0,0,0,0,0,59,71,0,0,0,0,0,0,0,0,54,0,52,249,0,0,0,0,0,66,62,0,0,0,52,0,0,0,0,0,0,54,0,0,0,0,0,0,0,0,0,0,0,0,0,0,0,0,0,0,0,0,0,
0,0,0,0,0,0,0,60,68,0,0,0,0,0,0,0,0,0,0,0,66,58,0,0,0,0,0,0,63,51,67,0,0,0,0,0,0,65,49,68,0,0,0,0,0,0,50,0,0,0,56,64,0,0,0,0,0,0,69,57,0,0,0,0,0,0,0,0,0,0,0,0,0,0,0,0,0,0,0,0,
0,0,0,0,0,0,56,68,0,0,0,0,0,0,0,0,0,0,0,70,58,0,0,0,0,0,0,0,0,0,63,67,251,0,0,0,0,0,0,0,0,0,0,0,0,0,50,0,0,0,48,0,250,0,0,0,0,0,0,54,0,0,0,0,0,0,0,0,0,0,0,0,0,0,0,0,0,0,0,0,
0,0,0,0,0,0,52,0,0,0,0,0,0,0,0,0,0,0,66,58,0,0,0,0,0,0,0,0,0,0,0,59,71,0,0,0,0,0,0,0,0,0,0,0,0,70,58,0,0,56,64,0,0,0,0,0,0,0,0,65,57,0,0,0,0,0,0,0,0,0,0,0,0,0,0,0,0,0,0,0,
0,0,0,0,0,0,48,252,0,0,70,55,67,0,0,0,0,255,54,0,0,0,0,0,0,60,49,57,0,0,0,0,59,55,55,51,55,71,0,0,0,0,0,0,70,62,0,0,0,48,0,0,0,0,0,0,0,0,0,0,54,0,0,0,0,0,0,0,0,0,0,0,0,0,0,0,0,0,0,0,
0,0,0,0,0,0,48,0,0,0,54,0,63,67,0,0,0,0,50,0,0,0,0,0,56,68,0,249,61,0,0,0,0,0,0,0,0,59,55,67,0,0,0,0,54,0,0,0,0,48,0,0,0,0,0,0,0,0,0,0,69,57,0,0,0,0,0,0,0,0,0,0,0,0,0,0,0,0,0,0,
0,0,0,0,0,0,63,67,0,0,50,0,0,48,0,0,0,0,50,0,0,0,0,0,48,0,0,0,65,53,0,0,0,0,0,0,0,0,0,59,51,51,55,51,58,0,0,0,0,48,247,0,0,0,0,0,0,0,0,0,0,54,0,0,0,0,0,0,0,0,0,0,0,0,0,0,0,0,0,0,
0,0,0,0,0,0,0,52,0,0,50,60,53,68,0,0,0,66,58,0,0,0,0,0,48,0,253,0,0,0,65,61,0,0,0,0,0,0,0,0,0,0,0,0,0,0,0,0,60,64,0,0,0,0,0,0,0,0,0,0,0,69,57,0,0,0,0,0,0,0,0,0,0,0,0,0,0,0,0,0,
0,0,0,0,0,0,0,48,0,0,69,64,246,0,0,0,0,50,0,0,0,0,0,0,52,0,0,0,0,0,244,65,57,0,0,0,0,0,0,0,0,0,0,0,0,60,49,53,68,0,0,0,0,0,255,0,0,0,0,0,0,0,50,0,0,0,0,0,0,0,0,0,0,0,0,0,0,0,0,0,
0,0,0,0,0,0,60,64,0,0,0,0,0,0,0,0,0,50,0,0,0,0,0,56,68,0,0,0,0,0,0,0,65,49,53,53,49,53,61,0,0,0,0,0,60,68,0,0,0,0,0,0,0,0,0,0,0,0,0,0,0,0,69,57,0,0,0,0,0,0,0,0,0,0,0,0,0,0,0,0,
0,0,0,0,0,0,48,0,0,0,0,0,0,0,0,0,0,50,0,0,0,0,0,52,0,0,0,0,0,0,0,0,0,0,0,0,253,0,69,61,0,0,0,56,68,0,0,254,0,0,0,0,0,0,0,0,0,0,0,0,0,0,0,50,0,0,0,0,0,0,0,0,0,0,0,0,0,0,0,0,
0,0,0,0,0,56,64,254,0,0,0,0,0,0,0,0,66,62,0,0,0,0,0,52,250,0,0,0,0,0,0,0,0,0,0,0,0,0,0,69,61,0,60,68,250,0,0,0,0,0,0,0,0,0,0,0,0,66,51,51,71,0,0,65,57,0,0,0,0,0,0,0,0,0,0,0,0,0,0,0,
0,0,0,0,60,64,0,0,0,0,0,0,0,0,0,0,50,0,0,0,0,0,0,48,0,0,0,0,0,0,0,0,0,0,0,0,0,0,0,251,69,49,64,0,0,0,0,0,66,55,71,0,0,0,0,0,66,62,0,0,63,67,0,0,69,57,0,0,0,0,0,0,0,0,0,0,0,0,0,0,
0,0,0,0,52,0,0,0,0,0,0,0,0,0,0,0,50,0,0,0,0,0,0,63,67,0,0,0,0,70,55,55,71,0,0,0,0,0,0,0,0,0,0,0,0,0,0,0,50,0,52,246,0,0,0,0,54,0,0,0,0,48,0,0,0,65,57,0,0,0,0,0,0,0,0,0,0,0,0,0,
0,0,0,0,52,0,0,0,0,0,0,0,0,0,0,249,54,0,0,0,0,0,0,0,48,244,0,0,0,54,0,0,48,0,0,0,0,0,0,0,0,0,0,0,0,0,0,0,65,53,64,0,0,0,0,0,50,0,0,60,53,68,0,0,0,0,69,57,0,0,0,0,0,0,0,0,0,0,0,0,
0,0,0,0,59,71,0,0,0,0,0,0,0,0,0,70,62,0,0,0,0,0,0,0,52,0,0,0,0,65,61,0,52,0,0,0,0,0,0,0,0,0,0,0,0,0,0,0,0,0,0,0,0,0,0,0,69,61,0,52,0,0,0,0,0,0,0,69,57,0,0,0,0,0,0,0,0,0,0,0,
0,0,0,0,0,52,0,0,0,0,0,0,0,252,66,58,0,0,0,0,0,0,0,0,52,0,0,0,0,0,65,49,68,0,0,0,0,0,0,0,0,0,0,0,0,0,251,0,0,0,0,0,0,0,0,0,0,65,49,68,0,250,0,0,0,0,0,0,65,57,0,0,0,0,0,0,0,0,0,0,
0,0,0,0,0,48,244,0,0,0,0,0,0,70,58,0,0,0,0,0,0,0,0,0,48,248,0,0,0,0,0,0,0,252,0,0,0,0,70,51,51,71,0,0,0,0,0,0,0,0,0,0,0,0,0,0,0,0,0,0,0,0,0,0,0,0,0,0,0,54,0,0,0,0,0,0,0,0,0,0,
0,0,0,0,0,52,0,0,0,0,0,0,70,58,0,0,0,0,0,0,0,0,0,56,64,0,0,0,0,0,0,0,0,0,0,0,0,70,62,0,0,59,71,0,0,0,0,0,0,0,0,0,0,0,0,0,0,0,0,0,0,0,0,0,0,0,0,0,0,69,57,0,0,0,0,0,0,0,0,0,
0,0,0,0,0,52,0,0,0,0,0,0,50,0,0,0,0,0,0,0,0,0,0,52,0,0,0,0,0,0,0,0,0,0,0,0,0,54,0,0,0,0,48,0,0,0,0,0,0,0,0,0,0,0,0,0,0,0,0,0,0,0,0,0,0,0,0,0,0,0,54,0,0,0,0,0,0,0,0,0,
0,0,0,0,0,52,251,0,0,0,0,66,58,0,0,0,0,0,0,60,53,49,49,64,0,0,0,0,0,0,0,0,0,0,0,0,0,50,0,0,0,0,52,0,0,0,0,0,0,0,0,0,0,0,0,0,0,0,0,0,0,0,0,0,0,0,0,0,0,0,50,0,0,0,0,0,0,0,0,0,
0,0,0,0,56,68,0,0,0,0,0,50,0,0,0,0,0,0,0,48,0,254,0,0,0,0,0,0,0,0,0,0,0,0,0,0,0,69,57,0,0,60,68,249,0,0,0,66,71,0,0,0,0,70,55,55,51,51,67,0,0,0,0,0,0,0,0,0,0,0,69,0,0,0,0,0,0,0,0,0,
0,0,60,53,64,0,0,0,0,0,0,65,61,0,0,0,0,0,56,68,0,0,0,0,0,0,70,51,51,51,67,247,0,0,0,0,0,0,65,49,53,64,0,0,0,0,0,54,48,0,0,0,0,50,0,0,0,0,52,0,0,0,0,0,0,0,0,0,0,0,0,54,0,0,0,0,0,0,0,0,
0,60,64,0,252,0,0,0,0,0,0,0,65,49,61,0,0,60,64,0,0,0,0,0,0,66,58,0,0,0,63,67,0,0,0,0,0,0,0,0,253,0,0,0,0,0,0,65,64,0,0,0,0,50,0,0,0,0,52,251,0,0,0,0,0,0,0,0,0,0,0,69,57,0,0,0,0,0,0,0,
0,48,0,0,0,0,0,0,0,0,0,0,0,0,246,61,0,52,248,0,0,0,0,0,0,50,0,0,0,0,0,52,0,0,0,0,0,0,0,0,0,0,0,0,0,0,0,0,0,0,0,0,0,69,61,0,0,56,68,0,0,0,0,0,0,0,0,0,0,0,0,0,65,57,0,0,0,0,0,0,
0,48,251,0,0,0,0,0,0,0,0,0,0,0,0,54,0,52,0,0,0,0,0,0,0,69,57,0,0,0,0,52,0,0,0,0,0,0,0,0,0,0,0,0,0,0,0,0,0,0,0,0,0,0,69,53,53,68,0,0,0,0,0,0,0,0,0,0,0,0,0,0,0,65,61,0,0,0,0,0,
0,52,0,0,0,0,0,0,66,51,51,71,0,0,0,69,53,64,0,0,0,0,0,0,0,0,65,57,0,0,60,64,0,0,0,0,0,0,0,0,0,0,0,0,0,0,0,0,0,0,0,0,0,0,0,0,0,0,254,0,0,0,0,0,0,0,0,0,0,0,0,0,0,0,54,0,0,0,0,0,
0,63,71,0,0,0,0,0,50,0,0,63,67,0,0,0,0,0,0,0,0,0,0,0,0,0,0,65,49,53,64,248,0,0,0,0,0,0,0,0,0,0,0,0,0,0,0,0,0,0,0,0,0,0,0,0,0,0,0,0,0,0,0,0,0,0,0,0,0,0,0,0,0,0,54,0,0,0,0,0,
0,0,63,67,0,0,0,0,65,61,0,0,48,0,0,0,0,0,0,0,0,0,0,0,0,0,0,0,0,0,0,0,0,0,0,0,0,0,0,0,0,0,0,0,0,0,0,0,0,0,0,0,0,0,0,0,0,0,0,0,0,0,0,0,0,0,0,0,0,0,0,0,0,0,50,0,0,0,0,0,
0,0,0,48,252,0,0,0,0,65,57,0,48,0,0,0,0,0,0,0,0,0,0,0,0,0,0,0,0,0,0,0,0,0,0,0,0,0,0,0,0,0,0,0,0,0,0,0,0,0,0,0,0,0,0,0,0,0,0,0,0,0,0,0,0,0,0,0,0,0,0,0,0,66,58,0,0,0,0,0,
0,0,0,59,67,0,0,0,0,0,65,53,68,251,0,0,0,0,0,0,0,0,0,0,0,0,0,0,0,0,0,0,0,0,0,0,0,0,0,66,55,55,55,55,51,67,0,0,0,0,0,0,0,0,0,0,0,0,0,0,0,0,0,249,0,0,0,0,0,0,0,0,0,54,0,0,0,0,0,0,
0,0,0,0,59,67,0,0,0,0,0,0,0,0,0,0,0,0,0,0,0,0,0,0,0,0,0,66,51,51,67,0,0,0,0,0,0,0,70,62,0,0,0,0,0,63,71,0,0,0,0,0,0,0,0,0,0,0,0,0,0,0,0,0,0,0,0,0,0,0,0,0,70,62,0,0,0,0,0,0,
0,0,0,0,0,52,244,0,0,0,0,0,0,0,0,0,0,0,0,0,0,248,0,0,0,0,0,54,0,0,63,51,51,55,55,55,55,55,58,0,0,0,0,0,0,0,63,55,71,0,0,0,70,51,51,55,71,0,0,0,0,0,0,0,0,0,0,0,0,0,0,66,58,0,0,0,0,0,0,0,
0,0,0,0,0,59,67,0,0,0,0,0,0,0,0,0,0,0,0,0,0,0,0,0,0,0,253,50,0,0,0,0,0,0,0,0,0,0,0,0,0,0,0,0,0,0,0,0,59,55,51,55,62,0,0,0,59,51,67,0,0,0,0,0,0,0,0,0,0,0,66,58,0,0,0,0,0,0,0,0,
0,0,0,0,0,0,59,51,67,0,0,0,0,0,0,0,0,0,0,0,0,0,0,0,0,0,70,58,0,0,0,0,0,0,0,0,0,0,0,0,0,0,0,0,0,0,0,0,0,0,0,0,0,0,0,0,0,0,59,67,0,0,0,0,0,0,0,66,55,55,58,0,0,0,0,0,0,0,0,0,
0,0,0,0,0,0,0,0,63,55,255,0,0,0,0,0,0,0,0,0,0,0,0,0,0,70,58,0,0,0,0,0,0,0,0,0,0,0,0,0,0,0,0,0,0,0,0,0,0,0,0,0,0,0,0,0,0,0,0,59,51,51,55,55,51,51,51,58,0,0,0,0,0,0,0,0,0,0,0,0,
0,0,0,0,0,0,0,0,0,0,63,51,71,0,0,0,0,0,0,0,0,0,0,66,51,62,0,0,0,0,0,0,0,0,0,0,0,0,0,0,0,0,0,0,0,0,0,0,0,0,0,0,0,0,0,0,0,0,0,0,0,0,0,0,0,0,0,0,0,0,0,0,0,0,0,0,0,0,0,0,
0,0,0,0,0,0,0,0,0,0,0,0,59,71,0,252,0,0,0,0,0,0,70,62,0,0,0,0,0,0,0,0,0,0,0,0,0,0,0,0,0,0,0,0,0,0,0,0,0,0,0,0,0,0,0,0,0,0,0,0,0,0,0,0,0,0,0,0,0,0,0,0,0,0,0,0,0,0,0,0,
0,0,0,0,0,0,0,0,0,0,0,0,0,63,51,51,51,67,0,0,251,66,62,0,0,0,0,0,0,0,0,0,0,0,0,0,0,0,0,0,0,0,0,0,0,0,0,0,0,0,0,0,0,0,0,0,0,0,0,0,0,0,0,0,0,0,0,0,0,0,0,0,0,0,0,0,0,0,0,0,
0,0,0,0,0,0,0,0,0,0,0,0,0,0,0,0,0,59,51,55,55,58,0,0,0,0,0,0,0,0,0,0,0,0,0,0,0,0,0,0,0,0,0,0,0,0,0,0,0,0,0,0,0,0,0,0,0,0,0,0,0,0,0,0,0,0,0,0,0,0,0,0,0,0,0,0,0,0,0,0,
0,0,0,0,0,0,0,0,0,0,0,0,0,0,0,0,0,0,0,0,0,0,0,0,0,0,0,0,0,0,0,0,0,0,0,0,0,0,0,0,0,0,0,0,0,0,0,0,0,0,0,0,0,0,0,0,0,0,0,0,0,0,0,0,0,0,0,0,0,0,0,0,0,0,0,0,0,0,0,0,
0,0,0,0,0,0,0,0,0,0,0,0,0,0,0,0,0,0,0,0,0,0,0,0,0,0,0,0,0,0,0,0,0,0,0,0,0,0,0,0,0,0,0,0,0,0,0,0,0,0,0,0,0,0,0,0,0,0,0,0,0,0,0,0,0,0,0,0,0,0,0,0,0,0,0,0,0,0,0,0

[layer]
type=collision
data=
3,3,3,3,3,3,3,3,3,3,3,3,3,3,3,3,3,1,0,0,0,0,1,3,3,3,3,3,3,3,3,3,3,3,3,3,3,3,3,3,3,3,3,3,3,3,3,3,3,3,3,3,3,3,3,3,3,3,3,3,3,3,3,3,3,3,3,3,3,3,3,3,3,3,3,3,3,3,3,3,
3,3,3,3,3,3,3,3,3,3,3,3,3,3,3,3,3,1,0,0,0,0,1,3,3,3,3,3,3,3,3,3,3,3,3,3,3,1,1,1,1,1,1,1,1,3,3,3,3,3,3,3,3,3,3,3,3,3,3,3,3,3,3,1,1,1,1,1,1,1,3,3,3,3,3,3,3,3,3,3,
3,3,3,3,3,3,3,3,3,3,3,3,3,3,3,3,3,1,1,0,0,0,1,3,3,3,3,3,3,3,3,3,3,3,1,1,1,1,1,0,0,1,0,0,1,1,1,3,3,3,3,3,3,3,3,3,3,3,3,3,1,1,1,1,0,1,0,0,1,1,1,3,3,3,3,3,3,3,3,3,
3,3,3,3,3,3,3,3,3,3,3,3,3,3,3,3,3,1,0,0,0,0,1,3,3,3,3,3,3,3,3,3,3,1,1,1,0,0,0,0,0,0,0,0,1,0,1,1,3,3,3,3,3,3,3,3,3,3,1,1,1,0,0,1,0,0,0,0,0,0,1,1,3,3,3,3,3,3,3,3,
3,3,3,3,3,3,3,3,3,3,3,3,3,3,3,3,1,1,0,0,0,0,1,1,1,3,3,3,3,3,3,3,1,1,0,0,0,0,0,0,0,1,1,1,0,0,0,1,1,3,3,3,3,3,3,3,1,1,1,1,0,0,0,0,0,1,1,1,0,0,0,1,1,3,3,3,3,3,3,3,
3,3,3,3,3,3,3,3,3,3,3,3,3,3,3,1,1,1,0,0,0,0,0,1,1,3,3,3,3,3,3,1,1,0,0,0,0,0,0,0,0,1,1,1,0,0,0,1,1,3,3,3,3,3,1,1,1,0,0,0,0,0,0,0,0,1,3,1,0,0,0,0,1,1,3,3,3,3,3,3,
3,3,3,3,3,3,3,3,3,3,3,3,3,3,3,1,0,0,0,0,0,0,0,0,1,1,3,3,3,3,1,1,0,1,0,0,0,0,0,0,0,0,0,0,0,0,0,0,1,3,3,3,3,1,1,0,1,0,0,0,0,0,0,0,0,1,1,1,1,0,0,0,1,1,1,3,3,3,3,3,
3,3,3,3,3,3,3,3,3,3,3,3,3,3,3,1,0,0,0,0,0,0,0,0,0,1,1,1,1,1,1,1,0,0,0,0,0,0,0,0,0,0,0,0,0,0,0,0,1,1,3,3,1,1,1,0,0,0,0,0,0,0,0,0,0,0,0,0,0,0,0,0,0,0,1,1,3,3,3,3,
3,3,3,3,3,3,3,3,3,3,3,3,3,3,3,1,1,0,0,0,0,0,0,0,0,0,0,1,0,0,0,0,0,0,0,0,0,0,1,1,1,1,0,0,0,0,0,0,0,1,1,1,1,0,0,0,0,0,0,0,0,0,0,0,0,0,0,0,0,0,0,0,0,0,0,1,1,3,3,3,
3,3,3,3,3,3,3,3,3,3,3,3,3,3,3,1,1,0,0,0,0,0,0,0,0,0,0,0,0,0,0,0,0,0,0,0,0,1,1,3,3,1,0,0,0,0,0,0,0,0,0,1,0,0,0,0,0,0,0,0,0,0,1,1,1,1,0,0,0,0,0,0,0,0,0,1,1,3,3,3,
3,3,3,3,3,3,3,3,3,3,3,3,3,3,3,3,1,0,0,0,0,0,1,0,0,0,0,0,0,0,0,0,0,0,0,0,0,1,3,3,3,1,0,0,0,0,0,0,0,0,0,0,0,0,0,0,0,0,0,0,0,1,1,1,3,1,1,1,1,0,0,0,0,0,0,0,1,3,3,3,
3,3,3,3,3,3,3,3,3,3,3,3,3,3,3,3,1,1,0,0,0,0,0,0,0,0,0,0,0,0,0,0,0,0,0,0,0,1,3,3,3,1,1,0,0,1,1,1,1,0,0,0,0,0,0,0,0,0,0,1,1,1,3,3,3,3,3,3,1,1,0,0,0,0,0,0,1,3,3,3,
3,3,3,3,3,3,3,3,3,3,3,3,3,3,3,3,1,0,0,0,0,0,0,0,0,0,0,0,0,0,0,0,0,0,0,0,1,1,3,3,3,1,0,0,0,1,3,3,1,0,0,0,0,0,0,0,0,1,1,1,3,3,3,3,3,3,3,3,3,1,1,0,0,0,0,0,1,1,3,3,
3,3,3,3,3,3,3,3,3,3,3,3,3,3,3,3,1,1,1,1,0,0,0,0,0,0,0,0,0,0,1,1,1,0,1,0,1,3,3,3,3,1,1,0,0,1,1,3,1,1,0,0,0,0,0,0,1,1,3,3,3,3,3,3,3,3,3,3,3,1,0,0,0,0,0,0,0,1,3,3,
3,3,3,3,3,3,3,3,3,3,3,3,3,3,3,3,3,3,3,1,1,0,0,0,0,0,0,0,1,1,1,3,1,1,1,1,1,3,3,3,3,3,1,1,0,0,1,1,1,0,0,0,0,0,0,1,1,3,3,3,3,3,3,3,3,3,3,3,3,1,0,0,0,0,0,0,1,1,3,3,
3,3,3,3,3,3,3,3,3,3,3,3,3,3,3,3,3,3,3,3,1,0,0,0,0,0,0,1,1,1,3,3,3,3,3,3,3,3,3,3,3,3,1,1,0,0,0,0,0,0,0,0,0,0,1,1,3,3,3,3,3,3,3,3,3,3,3,3,1,1,1,0,0,0,0,0,0,1,3,3,
3,3,3,3,3,3,3,3,3,3,3,3,3,3,3,3,3,3,3,3,1,1,0,0,0,0,1,1,3,3,3,3,3,3,3,3,3,3,3,3,3,3,3,1,1,0,0,0,0,0,0,0,0,1,1,3,3,3,3,1,1,1,1,3,3,3,1,1,1,0,0,0,0,0,0,0,1,1,3,3,
3,3,3,3,3,3,3,3,3,3,3,3,3,3,3,3,3,3,3,3,1,1,0,0,0,0,1,3,3,3,3,3,3,3,3,3,3,3,3,3,3,3,3,3,1,1,1,1,1,0,0,0,0,1,3,3,3,1,1,1,1,0,1,1,1,1,1,1,0,0,0,0,0,0,0,0,1,3,3,3,
3,3,3,3,3,3,3,3,3,3,3,3,3,3,3,3,3,3,3,3,3,1,1,0,0,0,1,3,3,3,3,3,3,3,3,3,3,3,3,3,3,3,3,3,3,3,3,3,1,1,0,0,0,1,3,3,3,1,0,0,0,0,0,1,0,0,0,0,0,0,0,0,0,0,0,1,1,3,3,3,
3,3,3,3,3,3,3,3,3,3,3,3,3,3,3,3,3,3,3,3,3,3,1,0,0,0,1,1,3,3,3,1,1,1,1,1,1,3,3,3,3,3,3,3,3,3,3,3,3,1,0,0,0,1,3,1,1,1,0,0,0,0,0,0,0,0,0,0,0,0,0,0,0,0,1,1,3,3,3,3,
3,3,3,3,3,3,3,3,3,3,3,3,3,3,3,3,3,3,3,1,1,1,1,0,0,0,0,1,1,1,1,1,1,0,0,1,1,1,3,3,3,3,3,3,3,3,3,3,3,1,0,0,0,1,1,1,0,1,0,0,0,0,0,0,0,0,0,0,0,0,0,0,0,1,1,3,3,3,3,3,
3,3,3,3,3,3,3,3,3,3,3,3,3,3,3,3,3,1,1,1,0,1,0,0,0,0,0,0,0,0,0,0,0,0,0,0,0,1,3,3,3,3,3,3,3,3,3,1,1,1,0,0,0,0,0,0,0,0,0,0,0,0,0,0,0,0,0,0,0,0,0,0,1,1,3,3,3,3,3,3,
3,3,3,3,3,3,3,3,3,3,3,3,3,3,3,3,3,1,1,0,0,0,0,0,0,0,0,0,0,0,0,0,0,0,0,0,0,1,3,3,3,3,3,3,3,3,1,1,1,0,0,0,0,0,0,0,0,0,0,0,0,0,0,0,0,0,0,0,0,0,0,1,1,3,3,3,3,3,3,3,
3,3,3,3,3,3,3,3,3,3,3,3,3,3,3,3,3,1,1,0,0,0,0,0,0,1,1,1,1,1,1,1,0,0,0,0,1,1,3,3,3,3,3,1,1,1,1,0,0,0,0,0,0,0,0,0,0,0,0,0,0,0,0,0,0,0,0,0,0,1,1,1,3,3,3,3,3,3,3,3,
3,3,3,3,3,3,3,3,3,3,3,3,3,3,3,3,3,3,1,1,1,0,0,0,0,1,1,1,1,3,3,1,0,0,0,0,0,1,3,3,3,3,1,1,0,0,1,0,0,0,0,0,0,1,1,1,1,1,0,0,0,0,0,0,0,0,1,1,1,1,3,3,3,3,3,3,3,3,3,3,
3,3,3,3,3,3,3,3,3,3,3,3,3,3,3,3,3,3,3,3,1,1,1,0,0,0,0,0,1,1,1,1,0,0,0,0,1,1,3,3,3,1,1,0,1,0,0,0,0,0,0,1,1,1,3,3,1,1,0,0,0,0,0,1,1,1,1,1,3,3,3,3,3,3,3,3,3,3,3,3,
3,3,3,3,3,3,3,3,3,3,3,3,3,3,3,3,3,3,3,3,3,3,1,1,1,0,0,0,0,0,0,1,0,0,0,0,1,3,3,3,3,1,0,0,0,0,0,0,0,0,0,1,3,3,3,1,1,1,0,0,0,0,0,1,3,3,3,3,3,3,3,3,3,3,3,3,3,3,3,3,
3,3,3,3,3,3,3,3,3,3,3,3,3,3,3,3,3,3,3,3,3,3,3,3,1,1,1,0,0,0,0,0,0,0,0,0,1,3,3,3,1,1,0,0,0,0,0,0,0,0,1,1,3,3,3,1,0,0,0,0,0,0,1,1,3,3,3,3,3,3,3,3,3,3,3,3,3,3,3,3,
3,3,3,3,3,3,3,3,3,3,3,3,3,3,3,3,3,3,3,3,3,3,3,3,3,3,1,1,1,1,0,0,0,0,0,1,1,3,3,3,1,0,0,0,0,0,0,0,0,0,1,3,3,3,1,1,0,0,0,0,0,1,1,3,3,3,3,3,3,3,3,3,3,3,3,3,3,3,3,3,
3,3,3,3,3,3,3,3,3,3,3,3,3,3,3,3,3,3,3,3,3,3,3,3,3,3,3,3,3,1,1,0,0,0,0,1,3,3,3,3,1,1,0,0,0,0,0,0,0,1,1,3,3,3,1,0,0,0,0,0,1,1,3,3,3,3,3,3,3,3,3,3,3,3,3,3,3,3,3,3,
3,3,3,3,3,3,3,3,3,3,3,3,3,3,3,3,3,3,3,3,3,3,3,3,3,3,3,3,3,3,1,0,0,0,0,1,3,3,3,3,1,0,0,0,0,0,0,0,1,1,3,3,3,1,1,0,0,0,0,0,1,3,3,3,3,3,3,3,3,3,3,3,3,3,3,3,3,3,3,3,
3,3,3,3,3,3,3,3,3,3,3,3,3,3,3,3,3,3,1,1,1,1,1,3,3,3,3,3,3,3,1,0,0,0,0,1,1,3,3,1,1,0,0,0,0,0,0,0,1,3,3,3,3,1,1,0,0,0,0,1,1,3,3,3,3,3,3,3,3,3,3,3,3,3,3,3,3,3,3,3,
3,3,3,3,3,3,3,3,3,3,3,3,3,3,3,1,1,1,1,0,0,1,1,1,1,1,1,3,3,1,1,0,0,0,0,0,1,1,1,1,1,0,0,0,0,0,0,0,1,3,3,3,3,1,0,0,0,0,0,1,3,3,3,3,3,3,3,3,3,3,3,3,3,3,3,3,3,3,3,3,
3,3,3,3,3,3,3,3,3,3,3,3,3,3,1,1,0,1,0,0,0,0,0,0,1,1,1,1,1,1,0,0,0,0,0,0,0,1,0,0,0,0,0,0,0,0,0,0,1,3,3,3,1,1,0,0,0,0,1,1,3,3,3,3,3,3,3,3,3,3,3,3,3,3,3,3,3,3,3,3,
3,3,3,3,3,3,3,3,3,3,3,1,1,1,1,0,0,0,0,0,0,0,0,0,0,0,0,0,1,0,0,0,0,0,0,0,0,0,0,0,0,0,0,0,1,0,0,0,1,3,3,3,1,0,0,0,0,0,1,3,3,3,3,3,3,3,3,3,3,3,3,3,3,3,3,3,3,3,3,3,
3,3,3,3,3,3,3,3,3,3,3,1,0,1,0,0,0,0,0,0,0,0,0,0,0,0,0,0,0,0,0,0,0,0,0,0,0,0,0,0,0,0,0,0,0,0,0,0,1,3,3,3,1,0,0,0,0,0,1,3,3,3,3,3,3,3,3,3,3,3,3,3,3,3,3,3,3,3,3,3,
3,3,3,3,3,3,3,3,3,3,3,1,0,0,0,0,0,0,0,0,0,0,0,0,0,0,0,0,0,0,0,0,0,0,0,0,0,0,0,0,0,0,0,0,0,0,0,0,1,3,3,3,1,0,0,0,0,0,1,3,3,3,3,3,3,3,3,3,3,3,3,3,3,3,3,3,3,3,3,3,
3,3,3,3,3,3,3,3,3,1,1,1,0,0,0,0,0,0,0,0,0,1,1,1,1,1,1,1,0,0,0,0,0,0,0,0,0,1,1,1,0,0,0,0,0,0,0,1,1,3,3,1,1,1,0,0,0,0,1,3,3,3,3,3,3,3,3,3,3,3,3,3,3,3,3,3,3,3,3,3,
3,3,3,3,3,3,3,3,1,1,0,1,0,0,0,0,0,0,0,0,0,1,3,3,3,3,3,1,1,0,0,0,0,0,0,0,0,1,3,1,1,0,0,0,0,0,1,1,3,3,3,1,0,0,0,0,0,0,1,3,3,3,3,3,3,3,3,3,3,3,3,3,3,3,3,3,3,3,3,3,
3,3,3,3,3,3,3,1,1,0,0,0,0,0,0,0,0,0,0,0,1,1,3,3,3,3,3,3,1,1,1,0,0,0,0,0,0,1,1,1,0,0,0,0,0,0,1,3,3,3,1,1,0,0,0,0,0,0,1,1,3,3,3,3,3,3,3,3,3,3,3,3,3,3,3,3,3,3,3,3,
3,3,3,3,3,3,1,1,0,0,0,0,0,0,0,0,0,0,0,1,1,3,3,3,3,3,3,3,3,3,1,1,1,0,0,0,0,0,0,0,0,0,0,0,0,0,1,3,3,3,1,0,1,0,0,0,0,0,0,1,3,3,3,3,3,3,3,3,3,3,3,3,3,3,3,3,3,3,3,3,
3,3,3,3,3,3,1,0,0,0,0,0,0,0,0,0,0,0,1,1,3,3,3,3,3,3,3,3,3,3,3,1,1,0,0,0,0,0,0,0,0,0,0,0,0,1,1,3,3,1,1,0,0,0,0,0,0,0,0,1,1,3,3,3,3,3,3,3,3,3,3,3,3,3,3,3,3,3,3,3,
3,3,3,3,3,3,1,1,0,0,1,1,1,0,0,0,0,1,1,3,3,3,3,3,3,1,1,1,3,3,3,3,1,1,1,1,1,1,0,0,0,0,0,0,1,1,3,3,3,1,0,0,0,0,0,0,0,0,0,0,1,3,3,3,3,3,3,3,3,3,3,3,3,3,3,3,3,3,3,3,
3,3,3,3,3,3,1,0,0,0,1,3,1,1,0,0,0,0,1,3,3,3,3,3,1,1,0,1,1,3,3,3,3,3,3,3,1,1,1,1,0,0,0,0,1,3,3,3,3,1,0,0,0,0,0,0,0,0,0,0,1,1,3,3,3,3,3,3,3,3,3,3,3,3,3,3,3,3,3,3,
3,3,3,3,3,3,1,1,0,0,1,3,3,1,0,0,0,0,1,3,3,3,3,3,1,0,0,0,1,1,3,3,3,3,3,3,3,3,3,1,1,1,1,1,1,3,3,3,3,1,1,0,0,0,0,0,0,0,0,0,0,1,3,3,3,3,3,3,3,3,3,3,3,3,3,3,3,3,3,3,
3,3,3,3,3,3,3,1,0,0,1,1,1,1,0,0,0,1,1,3,3,3,3,3,1,0,1,0,0,0,1,1,3,3,3,3,3,3,3,3,3,3,3,3,3,3,3,3,1,1,0,0,0,0,0,0,0,0,0,0,0,1,1,3,3,3,3,3,3,3,3,3,3,3,3,3,3,3,3,3,
3,3,3,3,3,3,3,1,0,0,1,1,1,0,0,0,0,1,3,3,3,3,3,3,1,0,0,0,0,0,1,1,1,3,3,3,3,3,3,3,3,3,3,3,3,1,1,1,1,0,0,0,0,0,1,0,0,0,0,0,0,0,1,3,3,3,3,3,3,3,3,3,3,3,3,3,3,3,3,3,
3,3,3,3,3,3,1,1,0,0,0,0,0,0,0,0,0,1,3,3,3,3,3,1,1,0,0,0,0,0,0,0,1,1,1,1,1,1,1,3,3,3,3,3,1,1,0,0,0,0,0,0,0,0,0,0,0,0,0,0,0,0,1,1,3,3,3,3,3,3,3,3,3,3,3,3,3,3,3,3,
3,3,3,3,3,3,1,0,0,0,0,0,0,0,0,0,0,1,3,3,3,3,3,1,0,0,0,0,0,0,0,0,0,0,0,0,1,0,1,1,3,3,3,1,1,0,0,1,0,0,0,0,0,0,0,0,0,0,0,0,0,0,0,1,3,3,3,3,3,3,3,3,3,3,3,3,3,3,3,3,
3,3,3,3,3,1,1,1,0,0,0,0,0,0,0,0,1,1,3,3,3,3,3,1,1,0,0,0,0,0,0,0,0,0,0,0,0,0,0,1,1,1,1,1,1,0,0,0,0,0,0,0,0,0,0,0,0,1,1,1,1,0,0,1,1,3,3,3,3,3,3,3,3,3,3,3,3,3,3,3,
3,3,3,3,1,1,0,0,0,0,0,0,0,0,0,0,1,3,3,3,3,3,3,1,0,0,0,0,0,0,0,0,0,0,0,0,0,0,0,1,1,1,1,0,0,0,0,0,1,1,1,0,0,0,0,0,1,1,3,3,1,1,0,0,1,1,3,3,3,3,3,3,3,3,3,3,3,3,3,3,
3,3,3,3,1,0,0,0,0,0,0,0,0,0,0,0,1,3,3,3,3,3,3,1,1,0,0,0,0,1,1,1,1,0,0,0,0,0,0,0,0,0,0,0,0,0,0,0,1,3,1,1,0,0,0,0,1,3,3,3,3,1,0,0,0,1,1,3,3,3,3,3,3,3,3,3,3,3,3,3,
3,3,3,3,1,0,0,0,0,0,0,0,0,0,0,1,1,3,3,3,3,3,3,3,1,1,0,0,0,1,3,3,1,0,0,0,0,0,0,0,0,0,0,0,0,0,0,0,1,1,1,0,0,0,0,0,1,3,3,1,1,1,0,0,0,0,1,1,3,3,3,3,3,3,3,3,3,3,3,3,
3,3,3,3,1,1,0,0,0,0,0,0,0,0,0,1,1,3,3,3,3,3,3,3,1,0,0,0,0,1,1,3,1,0,0,0,0,0,0,0,0,0,0,0,0,0,0,0,0,0,0,0,0,0,0,0,1,1,3,1,0,0,0,0,0,0,0,1,1,3,3,3,3,3,3,3,3,3,3,3,
3,3,3,3,3,1,0,0,0,0,0,0,0,1,1,1,3,3,3,3,3,3,3,3,1,0,0,0,0,0,1,1,1,0,0,0,0,0,0,0,0,0,0,0,0,0,1,0,0,0,0,0,0,0,0,0,0,1,1,1,0,1,0,0,0,0,0,0,1,1,3,3,3,3,3,3,3,3,3,3,
3,3,3,3,3,1,1,0,0,0,0,0,0,1,1,3,3,3,3,3,3,3,3,3,1,1,0,0,0,0,0,0,0,1,0,0,0,0,1,1,1,1,0,0,0,0,0,0,0,0,0,0,0,0,0,0,0,0,0,0,0,0,0,0,0,0,0,0,0,1,3,3,3,3,3,3,3,3,3,3,
3,3,3,3,3,1,0,0,0,0,0,0,1,1,3,3,3,3,3,3,3,3,3,1,1,0,0,0,0,0,0,0,0,0,0,0,0,1,1,3,3,1,1,0,0,0,0,0,0,0,0,0,0,0,0,0,0,0,0,0,0,0,0,0,0,0,0,0,0,1,1,3,3,3,3,3,3,3,3,3,
3,3,3,3,3,1,0,0,0,0,0,0,1,3,3,3,3,3,3,3,3,3,3,1,0,0,0,0,0,0,0,0,0,0,0,0,0,1,3,3,3,3,1,0,0,0,0,0,0,0,0,0,0,0,0,0,0,0,0,0,0,0,0,0,0,0,0,0,0,0,1,3,3,3,3,3,3,3,3,3,
3,3,3,3,3,1,1,0,0,0,0,1,1,3,3,3,3,3,3,1,1,1,1,1,0,0,0,0,0,0,0,0,0,0,0,0,0,1,3,3,3,3,1,0,0,0,0,0,0,0,0,0,0,0,0,0,0,0,0,0,0,0,0,0,0,0,0,0,0,0,1,3,3,3,3,3,3,3,3,3,
3,3,3,3,1,1,0,0,0,0,0,1,3,3,3,3,3,3,3,1,0,1,0,0,0,0,0,0,0,0,0,0,0,0,0,0,0,1,1,3,3,1,1,1,0,0,0,1,1,0,0,0,0,1,1,1,1,1,1,0,0,0,0,0,0,0,0,0,0,0,1,3,3,3,3,3,3,3,3,3,
3,3,1,1,1,0,0,0,0,0,0,1,1,3,3,3,3,3,1,1,0,0,0,0,0,0,1,1,1,1,1,1,0,0,0,0,0,0,1,1,1,1,0,0,0,0,0,1,1,0,0,0,0,1,3,3,3,3,1,0,0,0,0,0,0,0,0,0,0,0,0,1,3,3,3,3,3,3,3,3,
3,1,1,0,1,0,0,0,0,0,0,0,1,1,1,3,3,1,1,0,0,0,0,0,0,1,1,3,3,3,1,1,0,0,0,0,0,0,0,0,1,0,0,0,0,0,0,1,1,0,0,0,0,1,3,3,3,3,1,1,0,0,0,0,0,0,0,0,0,0,0,1,1,3,3,3,3,3,3,3,
3,1,0,0,0,0,0,0,0,0,0,0,0,0,1,1,3,1,1,0,0,0,0,0,0,1,3,3,3,3,3,1,0,0,0,0,0,0,0,0,0,0,0,0,0,0,0,0,0,0,0,0,0,1,1,3,3,1,1,0,0,0,0,0,0,0,0,0,0,0,0,0,1,1,3,3,3,3,3,3,
3,1,1,0,0,0,0,0,0,0,0,0,0,0,0,1,3,1,0,0,0,0,0,0,0,1,1,3,3,3,3,1,0,0,0,0,0,0,0,0,0,0,0,0,0,0,0,0,0,0,0,0,0,0,1,1,1,1,0,0,0,0,0,0,0,0,0,0,0,0,0,0,0,1,1,3,3,3,3,3,
3,1,0,0,0,0,0,0,1,1,1,1,0,0,0,1,1,1,0,0,0,0,0,0,0,0,1,1,3,1,1,1,0,0,0,0,0,0,0,0,0,0,0,0,0,0,0,0,0,0,0,0,0,0,0,0,0,0,1,0,0,0,0,0,0,0,0,0,0,0,0,0,0,0,1,3,3,3,3,3,
3,1,1,0,0,0,0,0,1,3,3,1,1,0,0,0,0,0,0,0,0,0,0,0,0,0,0,1,1,1,1,1,0,0,0,0,0,0,0,0,0,0,0,0,0,0,0,0,0,0,0,0,0,0,0,0,0,0,0,0,0,0,0,0,0,0,0,0,0,0,0,0,0,0,1,3,3,3,3,3,
3,3,1,1,0,0,0,0,1,1,3,3,1,0,0,0,0,0,0,0,0,0,0,0,0,0,0,0,0,0,0,0,0,0,0,0,0,0,0,0,0,0,0,0,0,0,0,0,0,0,0,0,0,0,0,0,0,0,0,0,0,0,0,0,0,0,0,0,0,0,0,0,0,0,1,3,3,3,3,3,
3,3,3,1,1,0,0,0,0,1,1,3,1,0,0,0,0,0,0,0,0,0,0,0,0,0,0,0,0,0,0,0,0,0,0,0,0,0,0,0,0,0,0,0,0,0,0,0,0,0,0,0,0,0,0,0,0,0,0,0,0,0,0,0,0,0,0,0,0,0,0,0,0,1,1,3,3,3,3,3,
3,3,3,1,1,0,0,0,0,0,1,1,1,1,0,0,0,0,0,0,0,0,0,0,0,0,0,0,0,0,0,0,0,0,0,0,0,0,0,1,1,1,1,1,1,1,0,0,0,0,0,0,0,0,0,0,0,0,0,0,0,0,0,1,0,0,0,0,0,0,0,0,0,1,3,3,3,3,3,3,
3,3,3,3,1,1,0,0,0,0,0,0,0,0,0,0,0,0,0,0,0,0,0,0,0,0,0,1,1,1,1,0,0,0,0,0,0,0,1,1,3,3,3,3,3,1,1,0,0,0,0,0,0,0,0,0,0,0,0,0,0,0,0,0,0,0,0,0,0,0,0,0,1,1,3,3,3,3,3,3,
3,3,3,3,3,1,1,0,0,0,0,0,0,0,0,0,0,0,0,0,0,1,0,0,0,0,0,1,3,3,1,1,1,1,1,1,1,1,1,3,3,3,3,3,3,3,1,1,1,0,0,0,1,1,1,1,1,0,0,0,0,0,0,0,0,0,0,0,0,0,0,1,1,3,3,3,3,3,3,3,
3,3,3,3,3,1,1,0,0,0,0,0,0,0,0,0,0,0,0,0,0,0,0,0,0,0,1,1,3,3,3,3,3,3,3,3,3,3,3,3,3,3,3,3,3,3,3,3,1,1,1,1,1,3,3,3,1,1,1,0,0,0,0,0,0,0,0,0,0,0,1,1,3,3,3,3,3,3,3,3,
3,3,3,3,3,3,1,1,1,0,0,0,0,0,0,0,0,0,0,0,0,0,0,0,0,0,1,1,3,3,3,3,3,3,3,3,3,3,3,3,3,3,3,3,3,3,3,3,3,3,3,3,3,3,3,3,3,3,1,1,0,0,0,0,0,0,0,1,1,1,1,3,3,3,3,3,3,3,3,3,
3,3,3,3,3,3,3,3,1,1,1,0,0,0,0,0,0,0,0,0,0,0,0,0,0,1,1,3,3,3,3,3,3,3,3,3,3,3,3,3,3,3,3,3,3,3,3,3,3,3,3,3,3,3,3,3,3,3,3,1,1,1,1,1,1,1,1,1,3,3,3,3,3,3,3,3,3,3,3,3,
3,3,3,3,3,3,3,3,3,3,1,1,1,0,0,0,0,0,0,0,0,0,0,1,1,1,3,3,3,3,3,3,3,3,3,3,3,3,3,3,3,3,3,3,3,3,3,3,3,3,3,3,3,3,3,3,3,3,3,3,3,3,3,3,3,3,3,3,3,3,3,3,3,3,3,3,3,3,3,3,
3,3,3,3,3,3,3,3,3,3,3,3,1,1,0,1,0,0,0,0,0,0,1,1,3,3,3,3,3,3,3,3,3,3,3,3,3,3,3,3,3,3,3,3,3,3,3,3,3,3,3,3,3,3,3,3,3,3,3,3,3,3,3,3,3,3,3,3,3,3,3,3,3,3,3,3,3,3,3,3,
3,3,3,3,3,3,3,3,3,3,3,3,3,1,1,1,1,1,0,0,1,1,1,3,3,3,3,3,3,3,3,3,3,3,3,3,3,3,3,3,3,3,3,3,3,3,3,3,3,3,3,3,3,3,3,3,3,3,3,3,3,3,3,3,3,3,3,3,3,3,3,3,3,3,3,3,3,3,3,3,
3,3,3,3,3,3,3,3,3,3,3,3,3,3,3,3,3,1,1,1,1,1,3,3,3,3,3,3,3,3,3,3,3,3,3,3,3,3,3,3,3,3,3,3,3,3,3,3,3,3,3,3,3,3,3,3,3,3,3,3,3,3,3,3,3,3,3,3,3,3,3,3,3,3,3,3,3,3,3,3,
3,3,3,3,3,3,3,3,3,3,3,3,3,3,3,3,3,3,3,3,3,3,3,3,3,3,3,3,3,3,3,3,3,3,3,3,3,3,3,3,3,3,3,3,3,3,3,3,3,3,3,3,3,3,3,3,3,3,3,3,3,3,3,3,3,3,3,3,3,3,3,3,3,3,3,3,3,3,3,3,
3,3,3,3,3,3,3,3,3,3,3,3,3,3,3,3,3,3,3,3,3,3,3,3,3,3,3,3,3,3,3,3,3,3,3,3,3,3,3,3,3,3,3,3,3,3,3,3,3,3,3,3,3,3,3,3,3,3,3,3,3,3,3,3,3,3,3,3,3,3,3,3,3,3,3,3,3,3,3,3

[layer]
type=automap_tmp
data=
257,257,257,257,257,257,257,257,257,257,257,257,257,257,257,257,257,260,258,258,258,258,260,257,257,257,257,257,257,257,257,257,257,257,257,257,257,257,257,257,257,257,257,257,257,257,257,257,257,257,257,257,257,257,257,257,257,257,257,257,257,257,257,257,257,257,257,257,257,257,257,257,257,257,257,257,257,257,257,257,
257,257,257,257,257,257,257,257,257,257,257,257,257,257,257,257,257,260,258,258,258,258,260,257,257,257,257,257,257,257,257,257,257,257,257,257,257,260,260,260,260,260,260,260,260,257,257,257,257,257,257,257,257,257,257,257,257,257,257,257,257,257,257,260,260,260,260,260,260,260,257,257,257,257,257,257,257,257,257,257,
257,257,257,257,257,257,257,257,257,257,257,257,257,257,257,257,257,260,258,258,258,258,260,257,257,257,257,257,257,257,257,257,257,257,260,260,260,260,258,258,258,258,258,258,260,260,260,257,257,257,257,257,257,257,257,257,257,257,257,257,260,260,260,260,258,258,258,258,258,260,260,257,257,257,257,257,257,257,257,257,
257,257,257,257,257,257,257,257,257,257,257,257,257,257,257,257,257,260,258,258,258,258,260,257,257,257,257,257,257,257,257,257,257,260,260,258,258,258,258,258,258,258,258,258,258,258,260,260,257,257,257,257,257,257,257,257,257,257,260,260,260,258,258,258,258,258,258,258,258,258,260,260,257,257,257,257,257,257,257,257,
257,257,257,257,257,257,257,257,257,257,257,257,257,257,257,257,260,260,258,258,258,258,260,260,260,257,257,257,257,257,257,257,260,260,258,258,258,258,258,258,258,260,260,260,258,258,258,260,260,257,257,257,257,257,257,257,260,260,260,258,258,258,258,258,258,260,260,260,258,258,258,260,260,257,257,257,257,257,257,257,
257,257,257,257,257,257,257,257,257,257,257,257,257,257,257,260,260,258,258,258,258,258,258,258,260,257,257,257,257,257,257,260,260,258,258,258,258,258,258,258,258,260,260,260,258,258,258,258,260,257,257,257,257,257,260,260,260,258,258,258,258,258,258,258,258,260,257,260,258,258,258,258,260,260,257,257,257,257,257,257,
257,257,257,257,257,257,257,257,257,257,257,257,257,257,257,260,258,258,258,258,258,258,258,258,260,260,257,257,257,257,260,260,258,258,258,258,258,258,258,258,258,258,258,258,258,258,258,258,260,257,257,257,257,260,260,258,258,258,258,258,258,258,258,258,258,260,260,260,258,258,258,258,258,260,260,257,257,257,257,257,
257,257,257,257,257,257,257,257,257,257,257,257,257,257,257,260,258,258,258,258,258,258,258,258,258,260,260,260,260,260,260,258,258,258,258,258,258,258,258,258,258,258,258,258,258,258,258,258,260,260,257,257,260,260,258,258,258,258,258,258,258,258,258,258,258,258,258,258,258,258,258,258,258,258,260,260,257,257,257,257,
257,257,257,257,257,257,257,257,257,257,257,257,257,257,257,260,258,258,258,258,258,258,258,258,258,258,258,258,258,258,258,258,258,258,258,258,258,258,260,260,260,260,258,258,258,258,258,258,258,260,260,260,260,258,258,258,258,258,258,258,258,258,258,258,258,258,258,258,258,258,258,258,258,258,258,260,260,257,257,257,
257,257,257,257,257,257,257,257,257,257,257,257,257,257,257,260,260,258,258,258,258,258,258,258,258,258,258,258,258,258,258,258,258,258,258,258,258,260,260,257,257,260,258,258,258,258,258,258,258,258,258,258,258,258,258,258,258,258,258,258,258,258,258,260,260,260,258,258,258,258,258,258,258,258,258,258,260,257,257,257,
257,257,257,257,257,257,257,257,257,257,257,257,257,257,257,257,260,258,258,258,258,258,258,258,258,258,258,258,258,258,258,258,258,258,258,258,258,260,257,257,257,260,258,258,258,258,258,258,258,258,258,258,258,258,258,258,258,258,258,258,258,260,260,260,257,260,260,260,260,258,258,258,258,258,258,258,260,257,257,257,
257,257,257,257,257,257,257,257,257,257,257,257,257,257,257,257,260,258,258,258,258,258,258,258,258,258,258,258,258,258,258,258,258,258,258,258,258,260,257,257,257,260,258,258,258,260,260,260,260,258,258,258,258,258,258,258,258,258,258,260,260,260,257,257,257,257,257,257,260,260,258,258,258,258,258,258,260,257,257,257,
257,257,257,257,257,257,257,257,257,257,257,257,257,257,257,257,260,258,258,258,258,258,258,258,258,258,258,258,258,258,258,258,258,258,258,258,260,260,257,257,257,260,258,258,258,260,257,257,260,258,258,258,258,258,258,258,258,260,260,260,257,257,257,257,257,257,257,257,257,260,258,258,258,258,258,258,260,260,257,257,
257,257,257,257,257,257,257,257,257,257,257,257,257,257,257,257,260,260,260,260,258,258,258,258,258,258,258,258,258,258,260,260,260,258,258,258,260,257,257,257,257,260,260,258,258,260,260,257,260,258,258,258,258,258,258,258,260,260,257,257,257,257,257,257,257,257,257,257,257,260,258,258,258,258,258,258,258,260,257,257,
257,257,257,257,257,257,257,257,257,257,257,257,257,257,257,257,257,257,257,260,260,258,258,258,258,258,258,258,258,260,260,257,260,260,260,260,260,257,257,257,257,257,260,258,258,258,260,260,260,258,258,258,258,258,258,260,260,257,257,257,257,257,257,257,257,257,257,257,257,260,258,258,258,258,258,258,258,260,257,257,
257,257,257,257,257,257,257,257,257,257,257,257,257,257,257,257,257,257,257,257,260,258,258,258,258,258,258,260,260,260,257,257,257,257,257,257,257,257,257,257,257,257,260,260,258,258,258,258,258,258,258,258,258,258,260,260,257,257,257,257,257,257,257,257,257,257,257,257,260,260,258,258,258,258,258,258,258,260,257,257,
257,257,257,257,257,257,257,257,257,257,257,257,257,257,257,257,257,257,257,257,260,258,258,258,258,258,260,260,257,257,257,257,257,257,257,257,257,257,257,257,257,257,257,260,260,258,258,258,258,258,258,258,258,260,260,257,257,257,257,260,260,260,260,257,257,257,260,260,260,258,258,258,258,258,258,258,260,260,257,257,
257,257,257,257,257,257,257,257,257,257,257,257,257,257,257,257,257,257,257,257,260,260,258,258,258,258,260,257,257,257,257,257,257,257,257,257,257,257,257,257,257,257,257,257,260,260,260,260,260,258,258,258,258,260,257,257,257,260,260,260,258,258,260,260,260,260,260,258,258,258,258,258,258,258,258,258,260,257,257,257,
257,257,257,257,257,257,257,257,257,257,257,257,257,257,257,257,257,257,257,257,257,260,260,258,258,258,260,257,257,257,257,257,257,257,257,257,257,257,257,257,257,257,257,257,257,257,257,257,260,260,258,258,258,260,257,257,257,260,258,258,258,258,258,258,258,258,258,258,258,258,258,258,258,258,258,260,260,257,257,257,
257,257,257,257,257,257,257,257,257,257,257,257,257,257,257,257,257,257,257,257,257,257,260,258,258,258,260,260,257,257,257,260,260,260,260,260,260,257,257,257,257,257,257,257,257,257,257,257,257,260,258,258,258,260,257,260,260,260,258,258,258,258,258,258,258,258,258,258,258,258,258,258,258,258,260,260,257,257,257,257,
257,257,257,257,257,257,257,257,257,257,257,257,257,257,257,257,257,257,257,260,260,260,260,258,258,258,258,260,260,260,260,260,258,258,258,258,260,260,257,257,257,257,257,257,257,257,257,257,257,260,258,258,258,260,260,260,258,258,258,258,258,258,258,258,258,258,258,258,258,258,258,258,258,260,260,257,257,257,257,257,
257,257,257,257,257,257,257,257,257,257,257,257,257,257,257,257,257,260,260,260,258,258,258,258,258,258,258,258,258,258,258,258,258,258,258,258,258,260,257,257,257,257,257,257,257,257,257,260,260,260,258,258,258,258,258,258,258,258,258,258,258,258,258,258,258,258,258,258,258,258,258,258,260,260,257,257,257,257,257,257,
257,257,257,257,257,257,257,257,257,257,257,257,257,257,257,257,257,260,258,258,258,258,258,258,258,258,258,258,258,258,258,258,258,258,258,258,258,260,257,257,257,257,257,257,257,257,260,260,258,258,258,258,258,258,258,258,258,258,258,258,258,258,258,258,258,258,258,258,258,258,258,260,260,257,257,257,257,257,257,257,
257,257,257,257,257,257,257,257,257,257,257,257,257,257,257,257,257,260,260,258,258,258,258,258,258,260,260,260,260,260,260,260,258,258,258,258,258,260,257,257,257,257,257,260,260,260,260,258,258,258,258,258,258,258,258,258,258,258,258,258,258,258,258,258,258,258,258,258,258,260,260,260,257,257,257,257,257,257,257,257,
257,257,257,257,257,257,257,257,257,257,257,257,257,257,257,257,257,257,260,260,260,258,258,258,258,260,260,260,260,257,257,260,258,258,258,258,258,260,257,257,257,257,260,260,258,258,258,258,258,258,258,258,258,260,260,260,260,260,258,258,258,258,258,258,258,258,258,260,260,260,257,257,257,257,257,257,257,257,257,257,
257,257,257,257,257,257,257,257,257,257,257,257,257,257,257,257,257,257,257,257,260,260,260,258,258,258,258,258,260,260,260,260,258,258,258,258,260,260,257,257,257,260,260,258,258,258,258,258,258,258,258,260,260,260,257,257,260,260,258,258,258,258,258,260,260,260,260,260,257,257,257,257,257,257,257,257,257,257,257,257,
257,257,257,257,257,257,257,257,257,257,257,257,257,257,257,257,257,257,257,257,257,257,260,260,258,258,258,258,258,258,258,258,258,258,258,258,260,257,257,257,257,260,258,258,258,258,258,258,258,258,258,260,257,257,257,260,260,258,258,258,258,258,258,260,257,257,257,257,257,257,257,257,257,257,257,257,257,257,257,257,
257,257,257,257,257,257,257,257,257,257,257,257,257,257,257,257,257,257,257,257,257,257,257,257,260,260,260,258,258,258,258,258,258,258,258,258,260,257,257,257,260,260,258,258,258,258,258,258,258,258,260,260,257,257,257,260,258,258,258,258,258,258,260,260,257,257,257,257,257,257,257,257,257,257,257,257,257,257,257,257,
257,257,257,257,257,257,257,257,257,257,257,257,257,257,257,257,257,257,257,257,257,257,257,257,257,257,260,260,260,260,258,258,258,258,258,260,260,257,257,257,260,258,258,258,258,258,258,258,258,258,260,257,257,257,260,260,258,258,258,258,258,260,260,257,257,257,257,257,257,257,257,257,257,257,257,257,257,257,257,257,
257,257,257,257,257,257,257,257,257,257,257,257,257,257,257,257,257,257,257,257,257,257,257,257,257,257,257,257,257,260,260,258,258,258,258,260,257,257,257,257,260,258,258,258,258,258,258,258,258,260,260,257,257,257,260,258,258,258,258,258,260,260,257,257,257,257,257,257,257,257,257,257,257,257,257,257,257,257,257,257,
257,257,257,257,257,257,257,257,257,257,257,257,257,257,257,257,257,257,257,257,257,257,257,257,257,257,257,257,257,257,260,258,258,258,258,260,257,257,257,257,260,258,258,258,258,258,258,258,260,260,257,257,257,260,260,258,258,258,258,258,260,257,257,257,257,257,257,257,257,257,257,257,257,257,257,257,257,257,257,257,
257,257,257,257,257,257,257,257,257,257,257,257,257,257,257,257,257,257,260,260,260,260,260,257,257,257,257,257,257,257,260,258,258,258,258,260,260,257,257,260,260,258,258,258,258,258,258,258,260,257,257,257,257,260,258,258,258,258,258,260,260,257,257,257,257,257,257,257,257,257,257,257,257,257,257,257,257,257,257,257,
257,257,257,257,257,257,257,257,257,257,257,257,257,257,257,260,260,260,260,258,258,258,260,260,260,260,260,257,257,260,260,258,258,258,258,258,260,260,260,260,258,258,258,258,258,258,258,258,260,257,257,257,257,260,258,258,258,258,258,260,257,257,257,257,257,257,257,257,257,257,257,257,257,257,257,257,257,257,257,257,
257,257,257,257,257,257,257,257,257,257,257,257,257,257,260,260,258,258,258,258,258,258,258,258,258,260,260,260,260,260,258,258,258,258,258,258,258,258,258,258,258,258,258,258,258,258,258,258,260,257,257,257,260,260,258,258,258,258,260,260,257,257,257,257,257,257,257,257,257,257,257,257,257,257,257,257,257,257,257,257,
257,257,257,257,257,257,257,257,257,257,257,260,260,260,260,258,258,258,258,258,258,258,258,258,258,258,258,258,258,258,258,258,258,258,258,258,258,258,258,258,258,258,258,258,258,258,258,258,260,257,257,257,260,258,258,258,258,258,260,257,257,257,257,257,257,257,257,257,257,257,257,257,257,257,257,257,257,257,257,257,
257,257,257,257,257,257,257,257,257,257,257,260,258,258,258,258,258,258,258,258,258,258,258,258,258,258,258,258,258,258,258,258,258,258,258,258,258,258,258,258,258,258,258,258,258,258,258,258,260,257,257,257,260,258,258,258,258,258,260,257,257,257,257,257,257,257,257,257,257,257,257,257,257,257,257,257,257,257,257,257,
257,257,257,257,257,257,257,257,257,257,257,260,258,258,258,258,258,258,258,258,258,258,258,258,258,258,258,258,258,258,258,258,258,258,258,258,258,258,258,258,258,258,258,258,258,258,258,258,260,257,257,257,260,258,258,258,258,258,260,257,257,257,257,257,257,257,257,257,257,257,257,257,257,257,257,257,257,257,257,257,
257,257,257,257,257,257,257,257,257,260,260,260,258,258,258,258,258,258,258,258,258,260,260,260,260,260,260,260,258,258,258,258,258,258,258,258,258,260,260,260,258,258,258,258,258,258,258,260,260,257,257,260,260,258,258,258,258,258,260,257,257,257,257,257,257,257,257,257,257,257,257,257,257,257,257,257,257,257,257,257,
257,257,257,257,257,257,257,257,260,260,258,258,258,258,258,258,258,258,258,258,258,260,257,257,257,257,257,260,260,258,258,258,258,258,258,258,258,260,257,260,258,258,258,258,258,258,260,260,257,257,257,260,258,258,258,258,258,258,260,257,257,257,257,257,257,257,257,257,257,257,257,257,257,257,257,257,257,257,257,257,
257,257,257,257,257,257,257,260,260,258,258,258,258,258,258,258,258,258,258,258,260,260,257,257,257,257,257,257,260,260,260,258,258,258,258,258,258,260,260,260,258,258,258,258,258,258,260,257,257,257,260,260,258,258,258,258,258,258,260,260,257,257,257,257,257,257,257,257,257,257,257,257,257,257,257,257,257,257,257,257,
257,257,257,257,257,257,260,260,258,258,258,258,258,258,258,258,258,258,258,260,260,257,257,257,257,257,257,257,257,257,260,260,258,258,258,258,258,258,258,258,258,258,258,258,258,258,260,257,257,257,260,258,258,258,258,258,258,258,258,260,257,257,257,257,257,257,257,257,257,257,257,257,257,257,257,257,257,257,257,257,
257,257,257,257,257,257,260,258,258,258,258,258,258,258,258,258,258,258,260,260,257,257,257,257,257,257,257,257,257,257,257,260,260,258,258,258,258,258,258,258,258,258,258,258,258,260,260,257,257,260,260,258,258,258,258,258,258,258,258,260,260,257,257,257,257,257,257,257,257,257,257,257,257,257,257,257,257,257,257,257,
257,257,257,257,257,257,260,258,258,258,260,260,260,258,258,258,258,258,260,257,257,257,257,257,257,260,260,260,257,257,257,257,260,260,260,260,260,260,258,258,258,258,258,258,260,260,257,257,257,260,258,258,258,258,258,258,258,258,258,258,260,257,257,257,257,257,257,257,257,257,257,257,257,257,257,257,257,257,257,257,
257,257,257,257,257,257,260,258,258,258,260,257,260,260,258,258,258,258,260,257,257,257,257,257,260,260,258,260,260,257,257,257,257,257,257,257,260,260,260,260,258,258,258,258,260,257,257,257,257,260,258,258,258,258,258,258,258,258,258,258,260,260,257,257,257,257,257,257,257,257,257,257,257,257,257,257,257,257,257,257,
257,257,257,257,257,257,260,260,258,258,260,257,257,260,258,258,258,258,260,257,257,257,257,257,260,258,258,258,260,260,257,257,257,257,257,257,257,257,257,260,260,260,260,260,260,257,257,257,257,260,258,258,258,258,258,258,258,258,258,258,258,260,257,257,257,257,257,257,257,257,257,257,257,257,257,257,257,257,257,257,
257,257,257,257,257,257,257,260,258,258,260,260,260,260,258,258,258,260,260,257,257,257,257,257,260,258,258,258,258,258,260,260,257,257,257,257,257,257,257,257,257,257,257,257,257,257,257,257,260,260,258,258,258,258,258,258,258,258,258,258,258,260,260,257,257,257,257,257,257,257,257,257,257,257,257,257,257,257,257,257,
257,257,257,257,257,257,257,260,258,258,260,260,258,258,258,258,258,260,257,257,257,257,257,257,260,258,258,258,258,258,258,260,260,257,257,257,257,257,257,257,257,257,257,257,257,260,260,260,260,258,258,258,258,258,258,258,258,258,258,258,258,258,260,257,257,257,257,257,257,257,257,257,257,257,257,257,257,257,257,257,
257,257,257,257,257,257,260,260,258,258,258,258,258,258,258,258,258,260,257,257,257,257,257,260,260,258,258,258,258,258,258,258,260,260,260,260,260,260,260,257,257,257,257,257,260,260,258,258,258,258,258,258,258,258,258,258,258,258,258,258,258,258,260,260,257,257,257,257,257,257,257,257,257,257,257,257,257,257,257,257,
257,257,257,257,257,257,260,258,258,258,258,258,258,258,258,258,258,260,257,257,257,257,257,260,258,258,258,258,258,258,258,258,258,258,258,258,258,258,260,260,257,257,257,260,260,258,258,258,258,258,258,258,258,258,258,258,258,258,258,258,258,258,258,260,257,257,257,257,257,257,257,257,257,257,257,257,257,257,257,257,
257,257,257,257,257,260,260,258,258,258,258,258,258,258,258,258,260,260,257,257,257,257,257,260,258,258,258,258,258,258,258,258,258,258,258,258,258,258,258,260,260,260,260,260,258,258,258,258,258,258,258,258,258,258,258,258,258,260,260,260,260,258,258,260,260,257,257,257,257,257,257,257,257,257,257,257,257,257,257,257,
257,257,257,257,260,260,258,258,258,258,258,258,258,258,258,258,260,257,257,257,257,257,257,260,258,258,258,258,258,258,258,258,258,258,258,258,258,258,258,258,260,260,260,258,258,258,258,258,260,260,260,258,258,258,258,258,260,260,257,257,260,260,258,258,260,260,257,257,257,257,257,257,257,257,257,257,257,257,257,257,
257,257,257,257,260,258,258,258,258,258,258,258,258,258,258,258,260,257,257,257,257,257,257,260,260,258,258,258,258,260,260,260,260,258,258,258,258,258,258,258,258,258,258,258,258,258,258,258,260,257,260,258,258,258,258,258,260,257,257,257,257,260,258,258,258,260,260,257,257,257,257,257,257,257,257,257,257,257,257,257,
257,257,257,257,260,258,258,258,258,258,258,258,258,258,258,258,260,257,257,257,257,257,257,257,260,258,258,258,258,260,257,257,260,258,258,258,258,258,258,258,258,258,258,258,258,258,258,258,260,260,260,258,258,258,258,258,260,257,257,260,260,260,258,258,258,258,260,260,257,257,257,257,257,257,257,257,257,257,257,257,
257,257,257,257,260,260,258,258,258,258,258,258,258,258,258,260,260,257,257,257,257,257,257,257,260,258,258,258,258,260,260,257,260,258,258,258,258,258,258,258,258,258,258,258,258,258,258,258,258,258,258,258,258,258,258,258,260,260,257,260,258,258,258,258,258,258,258,260,260,257,257,257,257,257,257,257,257,257,257,257,
257,257,257,257,257,260,258,258,258,258,258,258,258,258,260,260,257,257,257,257,257,257,257,257,260,258,258,258,258,258,260,260,260,258,258,258,258,258,258,258,258,258,258,258,258,258,258,258,258,258,258,258,258,258,258,258,258,260,260,260,258,258,258,258,258,258,258,258,260,260,257,257,257,257,257,257,257,257,257,257,
257,257,257,257,257,260,258,258,258,258,258,258,258,260,260,257,257,257,257,257,257,257,257,257,260,258,258,258,258,258,258,258,258,258,258,258,258,258,260,260,260,260,258,258,258,258,258,258,258,258,258,258,258,258,258,258,258,258,258,258,258,258,258,258,258,258,258,258,258,260,257,257,257,257,257,257,257,257,257,257,
257,257,257,257,257,260,258,258,258,258,258,258,260,260,257,257,257,257,257,257,257,257,257,260,260,258,258,258,258,258,258,258,258,258,258,258,258,260,260,257,257,260,260,258,258,258,258,258,258,258,258,258,258,258,258,258,258,258,258,258,258,258,258,258,258,258,258,258,258,260,260,257,257,257,257,257,257,257,257,257,
257,257,257,257,257,260,258,258,258,258,258,258,260,257,257,257,257,257,257,257,257,257,257,260,258,258,258,258,258,258,258,258,258,258,258,258,258,260,257,257,257,257,260,258,258,258,258,258,258,258,258,258,258,258,258,258,258,258,258,258,258,258,258,258,258,258,258,258,258,258,260,257,257,257,257,257,257,257,257,257,
257,257,257,257,257,260,258,258,258,258,258,260,260,257,257,257,257,257,257,260,260,260,260,260,258,258,258,258,258,258,258,258,258,258,258,258,258,260,257,257,257,257,260,258,258,258,258,258,258,258,258,258,258,258,258,258,258,258,258,258,258,258,258,258,258,258,258,258,258,258,260,257,257,257,257,257,257,257,257,257,
257,257,257,257,260,260,258,258,258,258,258,260,257,257,257,257,257,257,257,260,258,258,258,258,258,258,258,258,258,258,258,258,258,258,258,258,258,260,260,257,257,260,260,258,258,258,258,260,260,258,258,258,258,260,260,260,260,260,260,258,258,258,258,258,258,258,258,258,258,258,260,257,257,257,257,257,257,257,257,257,
257,257,260,260,260,258,258,258,258,258,258,260,260,257,257,257,257,257,260,260,258,258,258,258,258,258,260,260,260,260,260,258,258,258,258,258,258,258,260,260,260,260,258,258,258,258,258,260,260,258,258,258,258,260,257,257,257,257,260,258,258,258,258,258,258,258,258,258,258,258,258,260,257,257,257,257,257,257,257,257,
257,260,260,258,258,258,258,258,258,258,258,258,260,260,260,257,257,260,260,258,258,258,258,258,258,260,260,257,257,257,260,260,258,258,258,258,258,258,258,258,258,258,258,258,258,258,258,260,260,258,258,258,258,260,257,257,257,257,260,258,258,258,258,258,258,258,258,258,258,258,258,260,260,257,257,257,257,257,257,257,
257,260,258,258,258,258,258,258,258,258,258,258,258,258,260,260,257,260,258,258,258,258,258,258,258,260,257,257,257,257,257,260,258,258,258,258,258,258,258,258,258,258,258,258,258,258,258,258,258,258,258,258,258,260,260,257,257,260,260,258,258,258,258,258,258,258,258,258,258,258,258,258,260,260,257,257,257,257,257,257,
257,260,258,258,258,258,258,258,258,258,258,258,258,258,258,260,257,260,258,258,258,258,258,258,258,260,260,257,257,257,257,260,258,258,258,258,258,258,258,258,258,258,258,258,258,258,258,258,258,258,258,258,258,258,260,260,260,260,258,258,258,258,258,258,258,258,258,258,258,258,258,258,258,260,260,257,257,257,257,257,
257,260,258,258,258,258,258,258,260,260,260,260,258,258,258,260,260,260,258,258,258,258,258,258,258,258,260,260,257,260,260,260,258,258,258,258,258,258,258,258,258,258,258,258,258,258,258,258,258,258,258,258,258,258,258,258,258,258,258,258,258,258,258,258,258,258,258,258,258,258,258,258,258,258,260,257,257,257,257,257,
257,260,260,258,258,258,258,258,260,257,257,260,260,258,258,258,258,258,258,258,258,258,258,258,258,258,258,260,260,260,260,258,258,258,258,258,258,258,258,258,258,258,258,258,258,258,258,258,258,258,258,258,258,258,258,258,258,258,258,258,258,258,258,258,258,258,258,258,258,258,258,258,258,258,260,257,257,257,257,257,
257,257,260,260,258,258,258,258,260,260,257,257,260,258,258,258,258,258,258,258,258,258,258,258,258,258,258,258,258,258,258,258,258,258,258,258,258,258,258,258,258,258,258,258,258,258,258,258,258,258,258,258,258,258,258,258,258,258,258,258,258,258,258,258,258,258,258,258,258,258,258,258,258,258,260,257,257,257,257,257,
257,257,257,260,258,258,258,258,258,260,260,257,260,258,258,258,258,258,258,258,258,258,258,258,258,258,258,258,258,258,258,258,258,258,258,258,258,258,258,258,258,258,258,258,258,258,258,258,258,258,258,258,258,258,258,258,258,258,258,258,258,258,258,258,258,258,258,258,258,258,258,258,258,260,260,257,257,257,257,257,
257,257,257,260,260,258,258,258,258,258,260,260,260,258,258,258,258,258,258,258,258,258,258,258,258,258,258,258,258,258,258,258,258,258,258,258,258,258,258,260,260,260,260,260,260,260,258,258,258,258,258,258,258,258,258,258,258,258,258,258,258,258,258,258,258,258,258,258,258,258,258,258,258,260,257,257,257,257,257,257,
257,257,257,257,260,260,258,258,258,258,258,258,258,258,258,258,258,258,258,258,258,258,258,258,258,258,258,260,260,260,260,258,258,258,258,258,258,258,260,260,257,257,257,257,257,260,260,258,258,258,258,258,258,258,258,258,258,258,258,258,258,258,258,258,258,258,258,258,258,258,258,258,260,260,257,257,257,257,257,257,
257,257,257,257,257,260,258,258,258,258,258,258,258,258,258,258,258,258,258,258,258,258,258,258,258,258,258,260,257,257,260,260,260,260,260,260,260,260,260,257,257,257,257,257,257,257,260,260,260,258,258,258,260,260,260,260,260,258,258,258,258,258,258,258,258,258,258,258,258,258,258,260,260,257,257,257,257,257,257,257,
257,257,257,257,257,260,260,258,258,258,258,258,258,258,258,258,258,258,258,258,258,258,258,258,258,258,258,260,257,257,257,257,257,257,257,257,257,257,257,257,257,257,257,257,257,257,257,257,260,260,260,260,260,257,257,257,260,260,260,258,258,258,258,258,258,258,258,258,258,258,260,260,257,257,257,257,257,257,257,257,
257,257,257,257,257,257,260,260,260,258,258,258,258,258,258,258,258,258,258,258,258,258,258,258,258,258,260,260,257,257,257,257,257,257,257,257,257,257,257,257,257,257,257,257,257,257,257,257,257,257,257,257,257,257,257,257,257,257,260,260,258,258,258,258,258,258,258,260,260,260,260,257,257,257,257,257,257,257,257,257,
257,257,257,257,257,257,257,257,260,260,260,258,258,258,258,258,258,258,258,258,258,258,258,258,258,260,260,257,257,257,257,257,257,257,257,257,257,257,257,257,257,257,257,257,257,257,257,257,257,257,257,257,257,257,257,257,257,257,257,260,260,260,260,260,260,260,260,260,257,257,257,257,257,257,257,257,257,257,257,257,
257,257,257,257,257,257,257,257,257,257,260,260,260,258,258,258,258,258,258,258,258,258,258,260,260,260,257,257,257,257,257,257,257,257,257,257,257,257,257,257,257,257,257,257,257,257,257,257,257,257,257,257,257,257,257,257,257,257,257,257,257,257,257,257,257,257,257,257,257,257,257,257,257,257,257,257,257,257,257,257,
257,257,257,257,257,257,257,257,257,257,257,257,260,260,258,258,258,258,258,258,258,258,260,260,257,257,257,257,257,257,257,257,257,257,257,257,257,257,257,257,257,257,257,257,257,257,257,257,257,257,257,257,257,257,257,257,257,257,257,257,257,257,257,257,257,257,257,257,257,257,257,257,257,257,257,257,257,257,257,257,
257,257,257,257,257,257,257,257,257,257,257,257,257,260,260,260,260,260,258,258,258,260,260,257,257,257,257,257,257,257,257,257,257,257,257,257,257,257,257,257,257,257,257,257,257,257,257,257,257,257,257,257,257,257,257,257,257,257,257,257,257,257,257,257,257,257,257,257,257,257,257,257,257,257,257,257,257,257,257,257,
257,257,257,257,257,257,257,257,257,257,257,257,257,257,257,257,257,260,260,260,260,260,257,257,257,257,257,257,257,257,257,257,257,257,257,257,257,257,257,257,257,257,257,257,257,257,257,257,257,257,257,257,257,257,257,257,257,257,257,257,257,257,257,257,257,257,257,257,257,257,257,257,257,257,257,257,257,257,257,257,
257,257,257,257,257,257,257,257,257,257,257,257,257,257,257,257,257,257,257,257,257,257,257,257,257,257,257,257,257,257,257,257,257,257,257,257,257,257,257,257,257,257,257,257,257,257,257,257,257,257,257,257,257,257,257,257,257,257,257,257,257,257,257,257,257,257,257,257,257,257,257,257,257,257,257,257,257,257,257,257,
257,257,257,257,257,257,257,257,257,257,257,257,257,257,257,257,257,257,257,257,257,257,257,257,257,257,257,257,257,257,257,257,257,257,257,257,257,257,257,257,257,257,257,257,257,257,257,257,257,257,257,257,257,257,257,257,257,257,257,257,257,257,257,257,257,257,257,257,257,257,257,257,257,257,257,257,257,257,257,257

