[header]
width=70
height=70
tilewidth=64
tileheight=32
orientation=isometric
music=music/dungeon_theme.ogg
tileset=tilesetdefs/tileset_dungeon.txt
title=St. Maria: Mausoleum

[tilesets]
tileset=../../../tiled/dungeon/tiled_collision.png,64,32,0,0
tileset=../../../tiled/dungeon/tiled_dungeon.png,64,128,0,0
tileset=../../../tiled/dungeon/set_rules.png,64,32,0,0
tileset=../../../tiled/dungeon/tiled_dungeon_2x2.png,128,64,0,16
tileset=../../../tiled/dungeon/door_left.png,64,128,-16,-8
tileset=../../../tiled/dungeon/door_right.png,64,128,16,-8
tileset=../../../tiled/dungeon/stairs.png,256,256,0,48

[layer]
type=background
data=
0,0,0,0,0,0,0,0,0,0,0,0,0,0,0,0,0,0,0,0,16,16,16,16,16,16,16,16,16,16,16,16,16,16,16,16,16,16,16,16,16,16,16,16,16,16,16,16,16,16,16,16,16,16,16,16,16,16,16,16,16,16,16,16,16,16,16,16,16,0,
0,0,0,0,0,0,0,0,0,0,0,0,0,0,0,0,0,0,0,0,16,16,16,16,16,16,16,16,16,16,16,16,16,16,16,16,16,16,16,16,16,16,16,16,16,16,16,16,16,16,16,16,16,16,16,16,16,16,16,16,16,16,16,16,16,16,16,16,16,0,
0,0,0,0,0,0,0,0,0,0,0,0,0,0,0,0,0,0,0,0,16,16,16,16,16,16,16,16,16,16,16,16,16,16,16,16,16,16,16,16,16,16,16,16,16,16,16,16,16,16,16,16,16,16,16,16,16,16,16,16,16,16,16,16,16,16,16,16,16,0,
0,0,0,0,0,0,0,0,0,0,0,0,0,0,0,0,0,0,0,0,16,16,16,16,16,16,16,16,16,16,16,16,16,16,16,16,16,16,16,16,16,16,16,16,16,16,16,16,16,16,16,16,16,16,16,16,16,16,16,16,16,16,16,16,16,16,16,16,16,0,
16,16,16,16,16,16,16,16,16,16,16,16,16,0,0,0,0,0,0,0,16,16,16,16,16,16,16,16,16,16,16,16,16,16,16,16,16,16,16,16,16,16,16,16,16,16,16,16,16,16,16,16,16,16,16,16,16,16,16,16,30,23,23,23,23,31,16,16,16,0,
16,16,16,16,16,16,16,16,16,16,16,16,16,0,0,0,0,0,0,0,16,16,16,16,16,0,0,0,0,0,0,0,0,0,0,0,0,0,0,0,0,0,0,0,0,0,0,0,0,0,0,0,0,0,0,0,23,31,16,16,22,48,50,50,50,20,16,16,16,0,
16,16,16,16,16,16,16,16,16,16,16,16,16,0,0,0,0,0,0,0,16,16,16,16,16,0,0,0,0,0,0,0,0,0,0,0,0,0,0,0,0,0,0,0,0,0,0,0,0,0,0,0,0,0,0,0,0,20,16,16,22,49,0,0,0,20,16,16,16,0,
16,16,16,16,34,33,35,32,33,33,16,16,16,0,0,0,0,0,0,0,16,16,16,16,16,0,0,0,0,0,0,0,0,0,0,0,0,0,0,0,0,0,0,0,0,0,0,0,0,0,0,0,0,0,0,0,0,20,16,16,22,49,0,0,0,20,16,16,16,0,
16,16,16,35,16,16,16,16,16,16,35,16,16,16,16,16,16,16,16,16,16,16,16,16,16,0,0,0,0,0,0,0,0,0,0,0,0,0,0,0,0,0,0,0,0,0,0,0,0,0,0,0,0,0,0,0,0,27,23,23,26,49,0,0,0,20,16,16,16,0,
16,16,16,32,16,16,16,16,16,16,34,16,16,16,16,16,16,16,16,16,16,16,16,16,16,0,0,0,0,0,0,0,0,0,0,0,0,0,0,0,0,0,0,0,0,0,0,0,0,0,0,0,0,0,0,0,0,50,50,50,50,0,0,0,0,20,16,16,16,0,
16,16,16,34,16,16,16,33,16,16,34,16,16,16,16,16,16,16,16,16,16,16,16,16,16,0,0,0,0,0,0,0,0,0,0,0,0,0,0,0,0,0,0,0,0,0,0,0,0,0,0,0,0,0,0,0,0,0,0,0,0,0,0,0,0,20,16,16,16,0,
16,16,16,33,16,16,16,33,16,16,35,16,16,16,16,16,16,16,16,16,16,16,16,16,16,0,0,0,0,0,0,0,0,0,0,0,0,0,0,0,0,0,0,0,0,0,0,0,0,0,0,0,0,0,0,0,0,0,0,0,0,0,0,0,0,20,16,16,16,0,
16,16,16,33,16,16,16,16,16,16,35,16,16,16,16,16,16,16,16,30,23,31,16,16,30,26,0,0,0,0,0,0,0,0,16,16,16,16,16,16,16,16,16,0,0,0,0,0,0,0,0,0,0,0,0,0,0,0,0,0,0,0,0,0,0,20,16,16,16,0,
16,16,16,34,16,16,16,16,16,16,32,16,16,0,0,0,0,0,0,26,48,20,16,16,22,48,0,0,0,0,0,0,0,0,16,51,51,51,51,51,51,51,51,0,0,0,0,0,0,0,0,0,0,0,0,0,0,24,21,21,25,49,0,0,0,20,16,16,16,0,
16,16,16,16,32,35,33,34,33,32,16,16,16,0,0,0,0,0,0,0,0,20,16,16,22,49,0,0,0,0,0,0,0,0,16,51,16,16,16,16,16,16,51,0,0,0,0,0,0,0,0,0,0,0,0,0,0,20,16,16,22,49,0,0,0,20,16,16,16,0,
16,16,16,16,16,16,16,16,16,16,16,16,16,0,0,0,0,0,0,0,0,20,16,16,22,49,0,0,0,0,0,0,0,0,16,51,16,0,0,0,0,16,51,0,0,0,0,0,0,0,0,0,0,0,0,0,0,20,16,16,22,49,0,0,0,20,16,16,16,0,
16,16,16,16,16,16,16,16,16,16,16,16,16,0,0,0,0,0,0,0,0,20,16,16,22,49,0,0,0,0,0,0,0,0,16,51,16,16,16,0,0,16,51,0,0,0,0,0,0,0,0,0,0,0,0,0,0,20,16,16,22,49,0,0,0,20,16,16,16,0,
0,0,0,0,16,16,16,16,16,0,0,0,0,0,0,0,0,0,0,0,0,20,16,16,22,49,0,0,0,0,0,0,0,0,16,51,16,0,0,0,0,16,51,0,0,0,0,0,0,0,0,0,0,0,0,0,0,20,16,16,29,21,21,21,21,28,16,16,16,0,
0,0,0,0,16,16,16,16,16,0,0,0,0,0,0,0,0,0,0,0,0,20,16,16,22,49,0,0,0,0,0,0,0,0,16,51,16,286,0,0,0,16,51,0,0,0,0,0,0,0,0,0,0,0,0,0,0,20,16,16,16,16,16,16,16,16,16,16,16,0,
0,0,0,0,16,16,16,16,16,0,0,0,0,0,0,0,0,0,0,0,0,20,16,16,22,49,0,0,0,0,0,0,0,0,16,51,16,16,16,16,16,16,51,0,0,0,0,0,0,0,0,0,0,0,0,0,0,20,16,16,16,16,16,16,16,16,16,16,16,0,
0,0,0,0,16,16,16,16,16,0,0,0,0,0,0,0,0,0,0,0,0,20,16,16,22,49,0,0,0,0,0,0,0,0,16,51,16,16,16,16,16,16,51,0,0,0,0,0,0,0,0,0,0,0,0,0,0,20,16,16,16,16,16,16,16,16,16,16,16,0,
0,0,0,0,16,16,16,16,16,0,0,0,0,0,0,0,0,0,0,0,0,20,16,16,22,49,0,0,0,0,0,0,0,0,0,0,0,16,16,16,0,0,0,0,0,0,0,0,0,0,0,0,0,24,21,21,21,28,16,16,16,0,0,0,0,0,0,0,0,0,
0,0,0,0,16,16,16,16,16,0,0,0,0,0,0,0,0,0,0,0,0,20,16,16,22,49,0,0,0,0,0,0,0,0,0,0,0,16,16,16,0,0,0,0,0,0,0,0,0,0,0,0,0,20,16,16,16,16,16,16,16,0,0,0,0,0,0,0,0,0,
0,0,0,0,16,16,16,16,16,0,0,0,0,0,0,0,0,0,0,0,0,20,16,16,22,49,0,0,0,0,0,0,0,0,0,0,0,16,16,16,0,0,0,0,0,0,0,0,0,0,0,0,0,20,16,16,16,16,16,16,16,0,0,0,0,0,0,0,0,0,
0,0,0,0,16,16,16,16,16,0,0,0,0,0,0,0,0,0,0,0,0,27,23,23,26,49,0,0,0,0,0,0,16,16,16,16,16,16,16,16,16,16,16,16,16,0,0,0,0,0,0,0,0,20,33,32,33,16,16,16,16,0,0,0,0,0,0,0,0,0,
0,0,0,0,16,16,16,16,16,0,0,0,0,0,0,0,0,0,0,0,0,50,50,50,50,0,0,0,0,0,0,0,16,16,16,16,16,16,16,16,16,16,16,16,16,0,0,0,0,0,0,0,0,20,51,51,35,16,16,16,16,0,0,0,0,0,0,0,0,0,
0,0,0,0,16,16,16,16,16,0,0,0,0,0,0,0,0,0,0,0,0,0,0,0,0,0,0,0,0,0,0,0,16,16,16,16,16,16,16,16,16,16,16,16,16,0,0,0,0,0,0,0,0,20,33,51,34,16,16,16,16,0,0,0,0,0,0,0,0,0,
0,0,0,0,16,16,16,16,16,0,0,0,0,0,0,0,0,0,0,0,0,0,0,0,0,0,0,0,0,0,0,0,16,16,16,16,16,16,16,16,16,16,16,16,16,0,0,0,0,0,0,0,0,20,33,51,32,16,16,16,16,0,0,0,0,0,0,0,0,0,
0,0,0,0,16,16,16,16,16,0,0,0,0,0,0,0,0,0,0,0,0,0,0,0,0,0,0,0,0,0,0,0,16,16,16,16,16,16,16,16,16,16,16,16,16,0,0,0,0,0,0,0,0,20,34,51,34,16,16,16,16,0,0,0,0,0,0,0,0,0,
0,0,0,0,16,16,16,16,16,0,0,0,0,0,0,0,0,0,0,0,0,0,0,0,0,0,0,0,0,0,0,0,16,16,16,16,16,16,16,16,16,16,16,16,16,0,0,0,0,0,0,0,0,20,34,51,33,16,16,16,16,0,0,0,0,0,0,0,0,0,
0,0,0,0,16,16,16,16,16,0,0,0,0,0,0,0,0,0,0,0,0,0,0,0,0,0,0,0,0,0,0,0,16,16,16,16,16,16,16,16,16,16,16,16,16,0,0,0,0,0,0,0,0,20,35,51,34,16,16,16,16,0,0,0,0,0,0,0,0,0,
0,0,0,0,16,16,16,16,16,0,0,0,0,0,0,0,0,0,0,0,0,0,0,0,0,0,0,0,0,0,0,0,16,16,16,16,16,16,16,16,16,16,16,16,16,0,0,0,0,0,0,0,0,20,34,51,35,16,16,16,16,0,0,0,0,0,0,0,0,0,
0,0,0,0,16,16,16,16,16,0,0,0,0,0,0,0,0,0,0,0,0,0,0,0,0,0,0,0,0,0,0,0,16,16,16,16,16,16,16,16,16,16,16,16,16,0,0,0,0,0,0,0,0,20,51,51,32,16,16,16,16,0,0,0,0,0,0,0,0,0,
0,0,0,0,16,16,16,16,16,0,0,0,0,0,0,0,0,0,0,0,0,24,21,21,25,49,0,0,0,0,0,0,16,16,16,16,16,16,16,16,16,16,16,16,16,0,0,0,0,0,0,0,0,20,33,32,33,16,16,16,16,0,0,0,0,0,0,0,0,0,
0,0,0,0,16,16,16,16,16,0,0,0,0,0,0,0,0,0,0,0,0,20,16,16,22,49,0,0,0,0,0,0,16,16,16,16,16,16,16,16,16,16,16,16,16,0,0,0,0,0,0,0,0,20,16,16,16,16,16,16,16,0,0,0,0,0,0,0,0,0,
0,0,0,0,16,16,16,16,16,0,0,0,0,0,0,0,0,0,0,0,0,20,16,16,22,49,0,0,0,0,0,0,16,16,16,16,16,16,16,16,16,16,16,16,16,0,0,0,0,0,0,0,0,20,16,16,16,16,16,16,16,0,0,0,0,0,0,0,0,0,
0,0,0,0,16,16,16,16,16,0,0,0,0,0,0,0,0,0,0,0,0,20,16,16,22,49,0,0,0,0,0,0,16,16,16,16,16,16,16,16,16,16,16,16,16,0,0,0,0,0,0,0,0,27,23,23,23,31,16,16,16,16,16,16,16,16,16,16,16,0,
0,0,0,0,16,16,16,16,16,0,0,0,0,0,0,0,0,0,0,0,0,20,16,16,22,49,0,0,0,0,0,0,16,16,16,16,16,16,16,16,16,16,16,16,16,0,0,0,0,0,0,0,0,50,50,50,50,20,16,16,16,16,16,16,16,16,16,16,16,0,
0,0,0,0,16,16,16,16,16,0,0,0,0,0,0,0,0,0,0,0,0,20,16,16,22,49,0,0,0,0,0,0,16,16,16,16,16,16,16,16,16,16,16,16,16,0,0,0,0,0,0,0,0,0,0,0,0,20,16,16,16,16,16,16,16,16,16,16,16,0,
0,0,0,0,16,16,16,16,16,0,0,0,0,0,0,0,0,0,0,0,0,20,16,16,22,49,0,0,0,0,0,0,16,16,16,16,16,16,16,16,16,16,16,16,16,0,0,0,0,0,0,0,0,0,0,0,0,20,16,16,16,16,16,16,16,16,16,16,16,0,
16,16,16,16,16,16,16,16,16,16,16,16,16,0,0,0,0,0,0,0,0,20,16,16,22,49,0,0,0,0,0,0,16,16,16,16,16,16,16,16,16,16,16,16,16,0,0,0,0,0,0,0,0,0,0,0,0,20,16,16,30,23,23,23,23,31,16,16,16,0,
16,16,16,16,16,16,16,16,16,33,33,33,35,0,0,0,0,0,0,0,0,20,16,16,22,49,0,0,0,0,0,0,16,16,16,16,16,16,16,16,16,16,16,16,16,0,0,0,0,0,0,0,0,0,0,0,0,20,16,16,22,48,50,50,50,20,16,16,16,0,
16,16,16,16,16,16,16,16,16,35,35,35,33,0,0,0,0,0,0,0,0,20,16,16,22,49,0,0,0,0,0,0,16,16,16,16,16,16,16,16,16,16,16,16,16,0,0,0,0,0,0,0,0,0,0,0,0,20,16,16,22,49,0,0,0,20,16,16,16,0,
16,16,16,16,16,16,16,16,16,33,35,35,33,0,0,0,0,0,0,0,0,20,16,16,22,49,0,0,0,0,0,0,16,16,16,16,16,16,16,16,16,16,16,16,16,0,0,0,0,0,0,0,0,0,0,0,0,27,23,23,26,49,0,0,0,20,16,16,16,0,
16,16,16,16,16,16,16,16,16,32,16,33,33,16,16,16,16,16,16,25,49,20,16,16,22,0,0,0,0,0,0,0,16,16,16,16,16,16,16,16,16,16,16,16,16,0,0,0,0,0,0,0,0,0,0,0,0,50,50,50,50,0,0,0,0,20,16,16,16,0,
16,16,16,16,16,16,16,16,16,16,16,16,16,16,16,16,16,16,16,29,21,28,16,16,29,0,0,0,0,0,0,0,16,16,16,16,16,16,16,16,16,16,16,16,16,0,0,0,0,0,0,0,0,0,0,0,0,0,0,0,0,0,0,0,0,20,16,16,16,0,
0,0,0,0,16,16,16,16,16,16,16,16,16,16,16,16,16,16,16,16,16,16,16,16,16,0,0,0,0,0,0,0,16,16,16,16,16,16,16,16,16,16,16,16,16,0,0,0,0,0,0,0,0,0,0,0,0,0,0,0,0,0,0,0,0,20,16,16,16,0,
0,0,0,0,16,16,16,16,16,16,16,16,16,16,16,16,16,16,16,16,16,16,16,16,16,0,0,0,0,0,0,0,16,16,16,16,16,16,16,16,16,16,16,16,16,0,0,0,0,0,0,0,0,0,0,0,0,0,0,0,0,0,0,0,0,20,16,16,16,0,
16,16,16,16,16,16,16,16,16,16,16,16,16,16,16,16,16,16,16,16,16,16,16,16,16,0,0,0,0,0,0,0,16,16,16,16,16,16,16,16,16,16,16,16,16,0,0,0,0,0,0,0,0,0,0,0,0,24,21,21,25,49,0,0,0,20,16,16,16,0,
16,16,16,16,16,16,16,16,16,32,35,33,32,0,0,0,0,0,0,0,16,16,16,16,16,0,0,0,0,0,0,0,0,0,0,0,16,16,16,16,16,0,0,0,0,0,0,0,0,0,0,0,0,0,0,0,0,20,16,16,22,49,0,0,0,20,16,16,16,0,
16,16,16,16,16,16,16,16,16,34,33,35,32,0,0,0,0,0,0,0,16,16,16,16,16,0,0,0,0,0,0,0,0,0,0,0,16,16,16,16,16,0,0,0,0,0,0,0,0,0,0,0,0,0,0,0,0,20,16,16,22,49,0,0,0,20,16,16,16,0,
16,16,16,16,16,16,16,16,16,32,33,34,33,0,0,0,0,0,0,0,16,16,16,16,16,0,0,0,0,0,0,0,0,0,0,0,16,16,16,16,16,0,0,0,0,0,0,0,0,0,0,0,0,0,0,0,0,20,16,16,22,49,0,0,0,20,16,16,16,0,
16,16,16,16,16,16,16,16,16,33,34,33,34,0,0,0,0,0,0,0,16,16,16,16,16,16,16,16,16,16,16,16,16,16,16,16,16,16,16,16,16,16,16,16,16,0,0,0,16,16,16,16,16,16,16,16,21,28,16,16,22,49,0,0,0,20,16,16,16,0,
0,0,0,0,0,0,0,0,0,0,0,0,0,0,0,0,0,0,0,0,16,16,16,16,16,16,16,16,16,16,16,16,16,16,16,16,16,16,16,16,16,16,16,16,16,16,16,16,16,16,16,16,16,16,16,16,16,16,16,16,29,21,21,21,21,28,16,16,16,0,
0,0,0,0,0,0,0,0,0,0,0,0,0,0,0,0,0,0,0,0,16,16,16,16,16,16,16,16,16,16,16,16,16,16,16,16,16,16,16,16,16,16,16,16,16,16,16,16,16,16,16,16,16,16,16,16,16,16,16,16,16,16,16,16,16,16,16,16,16,0,
0,0,0,0,0,0,0,0,0,0,0,0,0,0,0,0,0,0,0,0,16,16,16,16,16,16,16,16,16,16,16,16,16,16,16,16,16,16,16,16,16,16,16,16,16,16,16,16,16,16,16,16,16,16,16,16,16,16,16,16,16,16,16,16,16,16,16,16,16,0,
0,0,0,0,0,0,0,0,0,0,0,0,0,0,0,0,0,0,0,0,16,16,16,16,16,16,16,16,16,16,16,16,16,16,16,16,16,16,16,16,16,16,16,16,16,0,0,0,16,16,16,16,16,16,16,16,16,16,16,16,16,16,16,16,16,16,16,16,16,0,
0,0,0,0,0,0,0,0,0,0,0,0,0,0,0,0,0,0,0,0,0,0,0,0,0,0,0,0,0,0,0,0,0,0,0,0,16,16,16,16,16,0,0,0,0,0,0,0,0,0,0,0,0,0,0,0,0,0,0,0,0,0,0,0,0,0,0,0,0,0,
0,0,0,0,0,0,0,0,0,0,0,0,0,0,0,0,0,0,0,0,0,0,0,0,0,0,0,0,0,0,0,0,0,0,0,0,16,16,16,16,16,0,0,0,0,0,0,0,0,0,0,0,0,0,0,0,0,0,0,0,0,0,0,0,0,0,0,0,0,0,
0,0,0,0,0,0,0,0,0,0,0,0,0,0,0,0,0,0,0,0,0,0,0,0,0,0,0,0,0,0,0,0,0,0,0,0,16,16,16,16,16,0,0,0,0,0,0,0,0,0,0,0,0,0,0,0,0,0,0,0,0,0,0,0,0,0,0,0,0,0,
0,0,0,0,0,0,0,0,0,0,0,0,0,0,0,0,0,0,0,0,0,0,0,0,0,0,0,0,0,0,0,0,0,0,16,16,16,16,16,16,16,16,16,0,0,0,0,0,0,0,0,0,0,0,0,0,0,0,0,0,0,0,0,0,0,0,0,0,0,0,
0,0,0,0,0,0,0,0,0,0,0,0,0,0,0,0,0,0,0,0,0,0,0,0,0,0,0,0,0,0,0,0,0,0,16,16,16,16,16,16,16,16,16,0,0,0,0,0,0,0,0,0,0,0,0,0,0,0,0,0,0,0,0,0,0,0,0,0,0,0,
0,0,0,0,0,0,0,0,0,0,0,0,0,0,0,0,0,0,0,0,0,0,0,0,0,0,0,0,0,0,0,0,0,0,16,16,16,16,16,16,16,16,16,0,0,0,0,0,0,0,0,0,0,0,0,0,0,0,0,0,0,0,0,0,0,0,0,0,0,0,
0,0,0,0,0,0,0,0,0,0,0,0,0,0,0,0,0,0,0,0,0,0,0,0,0,0,0,0,0,0,0,0,0,0,16,16,16,16,16,16,16,16,16,0,0,0,0,0,0,0,0,0,0,0,0,0,0,0,0,0,0,0,0,0,0,0,0,0,0,0,
0,0,0,0,0,0,0,0,0,0,0,0,0,0,0,0,0,0,0,0,0,0,0,0,0,0,0,0,0,0,0,0,0,0,16,16,16,16,16,16,16,16,16,0,0,0,0,0,0,0,0,0,0,0,0,0,0,0,0,0,0,0,0,0,0,0,0,0,0,0,
0,0,0,0,0,0,0,0,0,0,0,0,0,0,0,0,0,0,0,0,0,0,0,0,0,0,0,0,0,0,0,0,0,0,16,16,16,16,16,16,16,16,16,0,0,0,0,0,0,0,0,0,0,0,0,0,0,0,0,0,0,0,0,0,0,0,0,0,0,0,
0,0,0,0,0,0,0,0,0,0,0,0,0,0,0,0,0,0,0,0,0,0,0,0,0,0,0,0,0,0,0,0,0,0,16,16,16,16,16,16,16,16,16,0,0,0,0,0,0,0,0,0,0,0,0,0,0,0,0,0,0,0,0,0,0,0,0,0,0,0,
0,0,0,0,0,0,0,0,0,0,0,0,0,0,0,0,0,0,0,0,0,0,0,0,0,0,0,0,0,0,0,0,0,0,16,16,16,16,16,16,16,16,16,0,0,0,0,0,0,0,0,0,0,0,0,0,0,0,0,0,0,0,0,0,0,0,0,0,0,0,
0,0,0,0,0,0,0,0,0,0,0,0,0,0,0,0,0,0,0,0,0,0,0,0,0,0,0,0,0,0,0,0,0,0,16,16,16,16,16,16,16,16,16,0,0,0,0,0,0,0,0,0,0,0,0,0,0,0,0,0,0,0,0,0,0,0,0,0,0,0,
0,0,0,0,0,0,0,0,0,0,0,0,0,0,0,0,0,0,0,0,0,0,0,0,0,0,0,0,0,0,0,0,0,0,0,0,0,0,0,0,0,0,0,0,0,0,0,0,0,0,0,0,0,0,0,0,0,0,0,0,0,0,0,0,0,0,0,0,0,0

[layer]
type=object
data=
0,0,0,0,0,0,0,0,0,0,0,0,0,0,0,0,0,0,0,0,77,69,99,105,65,78,0,0,0,0,0,0,77,69,103,99,103,107,65,65,107,103,99,103,65,78,0,0,0,0,0,0,77,69,101,101,103,99,69,107,105,65,107,65,99,103,101,101,69,78,
0,0,0,0,0,0,0,0,0,0,0,0,0,0,0,0,0,0,0,0,64,0,0,0,0,74,107,103,65,213,103,107,73,0,0,0,0,0,0,0,0,0,0,0,0,74,107,103,209,69,103,107,73,0,0,0,0,0,0,0,0,0,0,0,0,0,0,0,0,70,
0,0,0,0,0,0,0,0,0,0,0,0,0,0,0,0,0,0,0,0,106,0,0,0,0,0,0,0,0,0,0,0,0,0,0,0,0,0,0,0,0,0,0,0,0,0,0,0,0,0,0,0,0,0,0,0,0,0,0,0,0,0,0,0,0,0,0,0,0,82,
0,0,0,0,0,0,0,0,0,0,0,0,0,0,0,0,0,0,0,0,102,0,0,0,0,0,0,0,0,0,0,0,0,0,0,0,0,0,0,0,0,0,0,0,0,0,0,0,0,0,0,0,0,0,0,0,0,0,0,0,0,0,0,0,0,0,0,0,0,82,
77,101,99,101,103,101,101,101,101,103,101,99,101,78,0,0,0,0,0,0,68,0,0,0,0,91,83,83,83,219,83,83,88,0,0,0,0,0,0,0,0,0,0,0,0,91,83,83,223,83,83,83,88,0,0,0,0,0,0,0,0,0,0,0,0,0,0,0,0,82,
100,0,0,0,0,0,0,0,0,0,0,0,0,70,0,0,0,0,0,0,102,0,0,0,0,82,0,0,0,0,0,0,92,83,83,83,83,83,83,83,83,83,83,83,83,95,0,0,0,0,0,0,92,83,83,83,88,0,0,0,0,0,0,0,0,0,0,0,0,82,
98,0,0,0,0,0,0,0,0,0,0,0,0,82,0,0,0,0,0,0,106,0,0,0,0,82,0,0,0,0,0,0,0,0,0,0,0,0,0,0,0,0,0,0,0,0,0,0,0,0,0,0,0,0,0,0,0,0,0,0,0,0,0,0,0,0,0,0,0,82,
100,0,0,110,0,137,0,0,137,0,110,0,0,82,0,0,0,0,0,0,68,0,0,0,0,82,0,0,0,0,0,0,0,0,0,0,0,0,0,0,0,0,0,0,0,0,0,0,0,0,0,0,0,0,0,0,0,121,146,0,121,0,0,0,0,0,0,0,0,82,
102,0,0,0,0,0,0,0,0,0,0,0,0,90,81,103,105,107,97,103,73,0,0,0,0,82,0,0,0,0,0,0,0,0,0,0,0,0,0,0,0,0,0,0,0,0,0,0,0,0,0,0,0,0,0,0,0,126,123,123,125,0,0,0,0,0,0,0,0,82,
100,0,0,136,0,0,0,0,0,0,136,0,0,0,0,0,0,0,0,0,0,0,0,0,0,82,0,0,0,0,0,0,0,0,0,0,0,0,0,0,0,0,0,0,0,0,0,0,0,0,0,0,0,0,0,0,0,0,0,0,0,0,0,0,0,0,0,0,0,82,
100,0,0,0,0,0,151,0,0,0,0,0,0,0,0,0,0,0,0,0,0,0,0,0,0,82,0,0,0,0,0,0,0,0,0,0,0,0,0,0,0,0,0,0,0,0,0,0,0,0,0,0,0,0,0,0,0,0,0,0,0,0,0,0,0,0,0,0,0,82,
100,0,0,0,0,0,164,183,0,0,0,0,0,0,0,0,0,0,0,0,0,0,0,0,0,82,0,0,0,0,0,0,0,0,0,0,0,0,0,0,0,0,0,0,0,0,0,0,0,0,0,0,0,0,0,0,0,0,0,0,0,0,0,0,0,0,0,0,0,82,
100,0,0,136,0,0,0,0,0,0,136,0,0,0,0,0,0,0,0,0,0,0,0,0,0,90,0,0,0,0,0,0,0,0,77,69,109,97,109,105,97,109,69,78,0,0,0,0,0,0,0,0,0,0,0,0,0,0,0,0,0,0,0,0,0,0,0,0,0,82,
102,0,0,0,0,0,0,0,0,0,0,0,0,91,83,83,83,83,83,88,0,0,0,0,0,0,0,0,0,0,0,0,0,0,68,0,0,0,0,0,0,0,0,70,0,0,0,0,0,0,0,0,0,0,0,0,0,127,123,123,124,0,0,0,0,0,0,0,0,82,
100,0,0,110,0,137,0,0,137,0,110,0,0,82,0,0,0,0,0,0,0,0,0,0,0,0,0,0,0,0,0,0,0,0,98,0,0,0,0,0,0,0,0,82,0,0,0,0,0,0,0,0,0,0,0,0,0,119,0,147,119,0,0,0,0,0,0,0,0,82,
98,0,0,0,0,0,0,0,0,0,0,0,0,82,0,0,0,0,0,0,0,121,0,0,121,0,0,0,0,0,0,0,0,0,102,0,0,0,0,0,0,0,0,82,0,0,0,0,0,0,0,0,0,0,0,0,0,0,0,0,0,0,0,0,0,0,0,0,0,82,
100,0,0,0,0,0,0,0,0,0,0,0,0,82,0,0,0,0,0,0,0,122,0,0,122,0,0,0,0,0,0,0,0,0,64,0,0,0,0,0,0,0,0,82,0,0,0,0,0,0,0,0,0,0,0,0,0,0,0,0,0,0,0,0,0,0,0,0,0,82,
76,71,83,83,88,0,0,0,0,91,83,83,83,95,0,0,0,0,0,0,0,119,0,0,119,0,0,0,0,0,0,0,0,0,104,0,0,0,0,0,0,0,0,82,0,0,0,0,0,0,0,0,0,0,0,0,0,0,0,0,0,0,0,0,0,0,0,0,0,82,
0,0,0,0,92,72,0,0,91,95,0,0,0,0,0,0,0,0,0,0,0,0,0,0,0,0,0,0,0,0,0,0,0,0,102,0,0,0,0,0,0,0,0,82,0,0,0,0,0,0,0,0,0,0,0,0,0,0,0,0,0,0,0,0,0,0,0,0,0,82,
0,0,0,0,0,208,0,0,222,0,0,0,0,0,0,0,0,0,0,0,0,0,0,0,0,0,0,0,0,0,0,0,0,0,98,0,0,0,0,0,0,0,0,82,0,0,0,0,0,0,0,0,0,0,0,0,0,0,0,0,0,0,0,0,0,0,0,0,0,82,
0,0,0,0,0,64,0,0,82,0,0,0,0,0,0,0,0,0,0,0,0,121,0,0,121,0,0,0,0,0,0,0,0,0,68,0,0,0,0,0,0,0,0,82,0,0,0,0,0,0,0,0,0,0,0,0,0,0,0,0,0,0,0,0,0,0,0,0,0,82,
0,0,0,0,77,73,0,0,90,94,0,0,0,0,0,0,0,0,0,0,0,122,0,0,122,0,0,0,0,0,0,0,0,0,76,71,83,88,0,0,91,83,83,95,0,0,0,0,0,0,0,0,0,111,0,0,110,0,0,0,0,91,83,83,83,83,83,83,83,95,
0,0,0,0,64,0,0,0,0,82,0,0,0,0,0,0,0,0,0,0,0,119,0,0,119,0,0,0,0,0,0,0,0,0,0,0,0,80,0,0,82,0,0,0,0,0,0,0,0,0,0,0,0,0,0,0,0,0,0,0,0,82,0,0,0,0,0,0,0,0,
0,0,0,0,98,0,0,0,0,82,0,0,0,0,0,0,0,0,0,0,0,167,147,137,167,0,0,0,0,0,0,0,0,0,0,0,0,68,282,283,66,0,0,0,0,0,0,0,0,0,0,0,0,0,0,0,0,0,0,0,0,82,0,0,0,0,0,0,0,0,
0,0,0,0,102,0,0,0,0,82,0,0,0,0,0,0,0,0,0,0,0,131,120,118,131,0,0,0,0,0,0,0,77,97,107,99,65,73,0,0,74,65,99,107,97,78,0,0,0,0,0,0,0,110,0,0,0,0,0,0,0,82,0,0,0,0,0,0,0,0,
0,0,0,0,64,0,0,0,0,82,0,0,0,0,0,0,0,0,0,0,0,0,0,0,0,0,0,0,0,0,0,0,68,0,0,0,0,0,0,0,0,0,0,0,0,70,0,0,0,0,0,0,0,121,0,0,0,0,0,0,0,82,0,0,0,0,0,0,0,0,
0,0,0,0,106,0,0,0,0,82,0,0,0,0,0,0,0,0,0,0,0,0,0,0,0,0,0,0,0,0,0,0,64,0,0,0,0,0,0,0,0,0,0,0,0,82,0,0,0,0,0,0,0,119,0,0,0,0,0,0,0,82,0,0,0,0,0,0,0,0,
0,0,0,0,102,0,0,0,0,82,0,0,0,0,0,0,0,0,0,0,0,0,0,0,0,0,0,0,0,0,0,0,106,127,123,123,118,0,0,0,0,120,123,123,124,82,0,0,0,0,0,0,0,0,144,0,0,0,0,0,0,82,0,0,0,0,0,0,0,0,
0,0,0,0,96,0,0,0,0,82,0,0,0,0,0,0,0,0,0,0,0,0,0,0,0,0,0,0,0,0,0,0,68,122,167,0,0,0,0,0,0,0,0,167,122,82,0,0,0,0,0,0,0,121,0,0,0,0,0,0,0,82,0,0,0,0,0,0,0,0,
0,0,0,0,104,0,0,0,0,82,0,0,0,0,0,0,0,0,0,0,0,0,0,0,0,0,0,0,0,0,0,0,104,122,0,195,136,0,0,0,0,136,195,0,122,82,0,0,0,0,0,0,0,119,0,0,0,0,0,0,0,82,0,0,0,0,0,0,0,0,
0,0,0,0,102,0,0,0,0,82,0,0,0,0,0,0,0,0,0,0,0,0,0,0,0,0,0,0,0,0,0,0,68,122,0,194,136,0,0,0,0,136,194,0,122,82,0,0,0,0,0,0,0,0,144,0,0,0,0,0,0,82,0,0,0,0,0,0,0,0,
0,0,0,0,106,0,0,0,0,82,0,0,0,0,0,0,0,0,0,0,0,0,0,0,0,0,0,0,0,0,0,0,68,122,167,0,0,0,0,0,0,0,0,167,122,82,0,0,0,0,0,0,0,121,0,0,0,0,0,0,0,82,0,0,0,0,0,0,0,0,
0,0,0,0,64,0,0,0,0,82,0,0,0,0,0,0,0,0,0,0,0,0,0,0,0,0,0,0,0,0,0,0,106,126,123,123,118,0,0,0,0,120,123,123,125,82,0,0,0,0,0,0,0,119,0,0,0,0,0,0,0,82,0,0,0,0,0,0,0,0,
0,0,0,0,102,0,0,0,0,82,0,0,0,0,0,0,0,0,0,0,0,129,120,118,129,0,0,0,0,0,0,0,64,0,0,0,0,0,0,0,0,0,0,0,0,82,0,0,0,0,0,0,0,110,0,0,0,0,0,0,0,82,0,0,0,0,0,0,0,0,
0,0,0,0,98,0,0,0,0,82,0,0,0,0,0,0,0,0,0,0,0,167,178,137,167,0,0,0,0,0,0,0,102,0,0,0,0,0,0,0,0,0,0,0,0,82,0,0,0,0,0,0,0,0,0,0,0,0,0,0,0,82,0,0,0,0,0,0,0,0,
0,0,0,0,64,0,0,0,0,82,0,0,0,0,0,0,0,0,0,0,0,121,0,0,121,0,0,0,0,0,0,0,64,0,0,0,0,0,0,0,0,0,0,0,0,82,0,0,0,0,0,0,0,0,0,0,0,0,0,0,0,82,0,0,0,0,0,0,0,0,
0,0,0,0,76,72,0,0,91,95,0,0,0,0,0,0,0,0,0,0,0,122,0,0,122,0,0,0,0,0,0,0,100,0,0,0,0,0,0,0,0,0,0,0,0,82,0,0,0,0,0,0,0,111,0,0,110,0,0,0,0,90,81,65,103,107,105,103,65,78,
0,0,0,0,0,64,0,0,82,0,0,0,0,0,0,0,0,0,0,0,0,119,0,0,119,0,0,0,0,0,0,0,100,0,0,75,72,0,0,0,0,75,72,0,0,82,0,0,0,0,0,0,0,0,0,0,0,0,0,0,0,0,0,0,0,0,0,0,0,70,
0,0,0,0,0,212,0,0,218,0,0,0,0,0,0,0,0,0,0,0,0,0,0,0,0,0,0,0,0,0,0,0,64,0,0,66,100,0,0,0,0,66,100,0,0,82,0,0,0,0,0,0,0,0,0,0,0,0,0,0,0,0,0,0,0,0,0,0,0,82,
0,0,0,0,77,73,0,0,90,94,0,0,0,0,0,0,0,0,0,0,0,0,0,0,0,0,0,0,0,0,0,0,102,0,0,66,100,0,0,0,0,66,100,0,0,82,0,0,0,0,0,0,0,0,0,0,0,0,0,0,0,0,0,0,0,0,0,0,0,82,
77,103,107,103,73,0,0,0,0,90,81,107,103,78,0,0,0,0,0,0,0,121,0,0,121,0,0,0,0,0,0,0,64,0,0,66,100,0,0,0,0,66,100,0,0,82,0,0,0,0,0,0,0,0,0,0,0,0,0,0,0,0,0,0,0,0,0,0,0,82,
68,0,0,0,0,0,0,0,0,0,0,0,0,70,0,0,0,0,0,0,0,122,0,0,122,0,0,0,0,0,0,0,100,0,0,66,100,0,0,0,0,66,100,0,0,82,0,0,0,0,0,0,0,0,0,0,0,0,0,0,0,0,0,0,0,0,0,0,0,82,
98,136,0,0,0,0,0,0,0,0,0,0,136,82,0,0,0,0,0,0,0,119,0,0,119,0,0,0,0,0,0,0,100,0,0,66,100,0,0,0,0,66,100,0,0,82,0,0,0,0,0,0,0,0,0,0,0,121,0,146,121,0,0,0,0,0,0,0,0,82,
68,136,0,0,0,0,0,0,0,121,164,0,136,82,0,0,0,0,0,0,0,0,0,0,0,0,0,0,0,0,0,0,64,0,0,66,100,0,0,0,0,66,100,0,0,82,0,0,0,0,0,0,0,0,0,0,0,126,123,123,125,0,0,0,0,0,0,0,0,82,
102,0,0,0,0,0,0,0,0,126,123,123,118,90,81,65,107,105,65,73,0,0,0,0,0,0,0,0,0,0,0,0,102,0,0,74,73,0,0,0,0,74,73,0,0,82,0,0,0,0,0,0,0,0,0,0,0,0,0,0,0,0,0,0,0,0,0,0,0,82,
76,67,67,67,72,0,0,0,0,0,0,0,0,0,0,0,0,0,0,0,0,0,0,0,0,91,0,0,0,0,0,0,68,0,0,0,0,0,0,0,0,0,0,0,0,82,0,0,0,0,0,0,0,0,0,0,0,0,0,0,0,0,0,0,0,0,0,0,0,82,
0,0,0,0,100,0,0,0,0,0,0,0,0,0,0,0,0,0,0,0,0,0,0,0,0,82,0,0,0,0,0,0,100,0,0,0,0,0,0,0,0,0,0,0,0,82,0,0,0,0,0,0,0,0,0,0,0,0,0,0,0,0,0,0,0,0,0,0,0,82,
0,0,0,0,100,0,0,0,0,0,0,0,0,0,0,0,0,0,0,0,0,0,0,0,0,82,0,0,0,0,0,0,100,0,0,0,0,0,0,0,0,0,0,0,0,82,0,0,0,0,0,0,0,0,0,0,0,0,0,0,0,0,0,0,0,0,0,0,0,82,
77,101,101,101,73,0,0,0,0,0,0,0,0,0,0,0,0,0,0,0,0,0,0,0,0,82,0,0,0,0,0,0,68,0,0,0,0,0,0,0,0,0,0,0,0,82,0,0,0,0,0,0,0,0,0,0,0,127,123,123,124,0,0,0,0,0,0,0,0,82,
102,0,0,0,0,0,0,0,0,127,118,0,0,91,83,83,83,83,83,83,88,0,0,0,0,82,0,0,0,0,0,0,76,71,83,83,88,0,0,0,0,91,83,83,83,95,0,0,0,0,0,0,0,0,0,0,0,119,150,0,119,0,0,0,0,0,0,0,0,82,
64,136,0,0,0,0,0,0,0,122,165,0,0,82,0,0,0,0,0,0,80,0,0,0,0,82,0,0,0,0,0,0,0,0,0,0,80,0,0,0,0,82,0,0,0,0,0,0,0,0,0,0,0,0,0,0,0,0,0,0,0,0,0,0,0,0,0,0,0,82,
98,136,0,0,0,0,0,0,0,122,0,0,0,82,0,0,0,0,0,0,68,0,0,0,0,82,0,0,0,0,0,0,0,0,0,0,64,0,0,0,0,82,0,0,0,0,0,0,0,0,0,0,0,0,0,0,0,0,0,0,0,0,0,0,0,0,0,0,0,82,
68,0,0,0,0,0,0,0,0,119,137,137,0,82,0,0,0,0,0,0,106,0,0,0,0,90,81,69,99,65,101,103,101,65,99,69,73,0,0,0,0,90,81,69,99,78,0,0,77,65,103,97,105,97,103,65,73,0,0,0,0,0,0,0,0,0,0,0,0,82,
76,71,83,83,83,83,83,83,83,83,83,83,83,95,0,0,0,0,0,0,68,0,0,0,0,0,0,0,0,0,0,0,0,0,0,0,0,0,0,0,0,0,0,0,0,74,65,69,73,0,0,0,0,0,0,0,0,0,0,0,0,0,0,0,0,0,0,0,0,82,
0,0,0,0,0,0,0,0,0,0,0,0,0,0,0,0,0,0,0,0,102,0,0,0,0,0,0,0,0,0,0,0,0,0,0,0,0,0,0,0,0,0,0,0,0,0,0,281,0,0,0,0,0,0,0,0,0,0,0,0,0,0,0,0,0,0,0,0,0,82,
0,0,0,0,0,0,0,0,0,0,0,0,0,0,0,0,0,0,0,0,64,0,0,0,0,0,0,0,0,0,0,0,0,0,0,0,0,0,0,0,0,0,0,0,0,0,0,280,0,0,0,0,0,0,0,0,0,0,0,0,0,0,0,0,0,0,0,0,0,82,
0,0,0,0,0,0,0,0,0,0,0,0,0,0,0,0,0,0,0,0,106,0,0,0,0,0,0,0,0,0,0,0,0,0,0,0,0,0,0,0,0,0,0,0,0,91,83,83,88,0,0,0,0,0,0,0,0,0,0,0,0,0,0,0,0,0,0,0,0,82,
0,0,0,0,0,0,0,0,0,0,0,0,0,0,0,0,0,0,0,0,76,71,83,83,83,83,83,83,83,83,83,83,83,83,83,83,88,0,0,0,0,91,83,83,83,95,0,0,92,83,83,83,83,83,83,83,83,83,83,83,83,83,83,83,83,83,83,83,83,95,
0,0,0,0,0,0,0,0,0,0,0,0,0,0,0,0,0,0,0,0,0,0,0,0,0,0,0,0,0,0,0,0,0,0,0,0,80,0,0,0,0,82,0,0,0,0,0,0,0,0,0,0,0,0,0,0,0,0,0,0,0,0,0,0,0,0,0,0,0,0,
0,0,0,0,0,0,0,0,0,0,0,0,0,0,0,0,0,0,0,0,0,0,0,0,0,0,0,0,0,0,0,0,0,0,0,0,68,0,0,0,0,82,0,0,0,0,0,0,0,0,0,0,0,0,0,0,0,0,0,0,0,0,0,0,0,0,0,0,0,0,
0,0,0,0,0,0,0,0,0,0,0,0,0,0,0,0,0,0,0,0,0,0,0,0,0,0,0,0,0,0,0,0,0,0,77,107,73,0,0,0,0,90,107,78,0,0,0,0,0,0,0,0,0,0,0,0,0,0,0,0,0,0,0,0,0,0,0,0,0,0,
0,0,0,0,0,0,0,0,0,0,0,0,0,0,0,0,0,0,0,0,0,0,0,0,0,0,0,0,0,0,0,0,0,0,64,0,0,0,0,0,0,0,0,70,0,0,0,0,0,0,0,0,0,0,0,0,0,0,0,0,0,0,0,0,0,0,0,0,0,0,
0,0,0,0,0,0,0,0,0,0,0,0,0,0,0,0,0,0,0,0,0,0,0,0,0,0,0,0,0,0,0,0,0,0,102,0,128,0,0,0,0,130,0,82,0,0,0,0,0,0,0,0,0,0,0,0,0,0,0,0,0,0,0,0,0,0,0,0,0,0,
0,0,0,0,0,0,0,0,0,0,0,0,0,0,0,0,0,0,0,0,0,0,0,0,0,0,0,0,0,0,0,0,0,0,68,0,0,0,0,0,0,0,0,82,0,0,0,0,0,0,0,0,0,0,0,0,0,0,0,0,0,0,0,0,0,0,0,0,0,0,
0,0,0,0,0,0,0,0,0,0,0,0,0,0,0,0,0,0,0,0,0,0,0,0,0,0,0,0,0,0,0,0,0,0,106,0,128,0,0,0,0,130,0,82,0,0,0,0,0,0,0,0,0,0,0,0,0,0,0,0,0,0,0,0,0,0,0,0,0,0,
0,0,0,0,0,0,0,0,0,0,0,0,0,0,0,0,0,0,0,0,0,0,0,0,0,0,0,0,0,0,0,0,0,0,104,0,0,0,0,0,0,0,0,82,0,0,0,0,0,0,0,0,0,0,0,0,0,0,0,0,0,0,0,0,0,0,0,0,0,0,
0,0,0,0,0,0,0,0,0,0,0,0,0,0,0,0,0,0,0,0,0,0,0,0,0,0,0,0,0,0,0,0,0,0,68,0,0,0,0,0,0,0,0,82,0,0,0,0,0,0,0,0,0,0,0,0,0,0,0,0,0,0,0,0,0,0,0,0,0,0,
0,0,0,0,0,0,0,0,0,0,0,0,0,0,0,0,0,0,0,0,0,0,0,0,0,0,0,0,0,0,0,0,0,0,102,0,0,0,0,0,0,0,0,82,0,0,0,0,0,0,0,0,0,0,0,0,0,0,0,0,0,0,0,0,0,0,0,0,0,0,
0,0,0,0,0,0,0,0,0,0,0,0,0,0,0,0,0,0,0,0,0,0,0,0,0,0,0,0,0,0,0,0,0,0,64,0,0,0,0,0,0,0,0,82,0,0,0,0,0,0,0,0,0,0,0,0,0,0,0,0,0,0,0,0,0,0,0,0,0,0,
0,0,0,0,0,0,0,0,0,0,0,0,0,0,0,0,0,0,0,0,0,0,0,0,0,0,0,0,0,0,0,0,0,0,76,71,83,83,282,283,83,83,83,95,0,0,0,0,0,0,0,0,0,0,0,0,0,0,0,0,0,0,0,0,0,0,0,0,0,0

[layer]
type=collision
data=
3,3,3,3,3,3,3,3,3,3,3,3,3,3,3,3,3,3,3,3,1,1,1,1,1,1,3,3,3,3,3,3,1,1,1,1,1,1,1,1,1,1,1,1,1,3,3,3,3,3,3,1,1,1,1,1,1,1,1,1,1,1,1,1,1,1,1,1,1,1,
3,3,3,3,3,3,3,3,3,3,3,3,3,3,3,3,3,3,3,3,1,0,0,0,0,1,1,1,1,1,1,1,1,0,0,0,0,0,0,0,0,0,0,0,1,1,1,1,1,1,1,1,0,0,0,0,0,0,0,0,0,0,0,0,0,0,0,0,0,1,
3,3,3,3,3,3,3,3,3,3,3,3,3,3,3,3,3,3,3,3,1,0,0,0,0,0,0,0,0,0,0,0,0,0,0,0,0,0,0,0,0,0,0,0,0,0,0,0,0,0,0,0,0,0,0,0,0,0,0,0,0,0,0,0,0,0,0,0,0,1,
3,3,3,3,3,3,3,3,3,3,3,3,3,3,3,3,3,3,3,3,1,0,0,0,0,0,0,0,0,0,0,0,0,0,0,0,0,0,0,0,0,0,0,0,0,0,0,0,0,0,0,0,0,0,0,0,0,0,0,0,0,0,0,0,0,0,0,0,0,1,
1,1,1,1,1,1,1,1,1,1,1,1,1,1,3,3,3,3,3,3,1,0,0,0,0,1,1,1,1,1,1,1,1,0,0,0,0,0,0,0,0,0,0,0,1,1,1,1,1,1,1,1,0,0,0,0,0,0,0,0,0,0,0,0,0,0,0,0,0,1,
1,0,0,0,0,0,0,0,0,0,0,0,0,1,3,3,3,3,3,3,1,0,0,0,0,1,3,3,3,3,3,3,1,1,1,1,1,1,1,1,1,1,1,1,1,3,3,3,3,3,3,1,1,1,1,1,1,0,0,0,0,2,2,2,2,0,0,0,0,1,
1,0,0,0,0,0,0,0,0,0,0,0,0,1,3,3,3,3,3,3,1,0,0,0,0,1,3,3,3,3,3,3,3,3,3,3,3,3,3,3,3,3,3,3,3,3,3,3,3,3,3,3,3,3,3,3,2,0,0,0,0,2,3,3,2,0,0,0,0,1,
1,0,0,1,0,4,0,0,4,0,1,0,0,1,3,3,3,3,3,3,1,0,0,0,0,1,3,3,3,3,3,3,3,3,3,3,3,3,3,3,3,3,3,3,3,3,3,3,3,3,3,3,3,3,3,3,2,4,4,0,4,2,3,3,2,0,0,0,0,1,
1,0,0,0,0,0,0,0,0,0,0,0,0,1,1,1,1,1,1,1,1,0,0,0,0,1,3,3,3,3,3,3,3,3,3,3,3,3,3,3,3,3,3,3,3,3,3,3,3,3,3,3,3,3,3,3,2,4,4,4,4,2,3,3,2,0,0,0,0,1,
1,0,0,4,0,0,0,0,0,0,4,0,0,0,0,0,0,0,0,0,0,0,0,0,0,1,3,3,3,3,3,3,3,3,3,3,3,3,3,3,3,3,3,3,3,3,3,3,3,3,3,3,3,3,3,3,2,2,2,2,2,2,3,3,2,0,0,0,0,1,
1,0,0,0,0,0,4,0,0,0,0,0,0,0,0,0,0,0,0,0,0,0,0,0,0,1,3,3,3,3,3,3,3,3,3,3,3,3,3,3,3,3,3,3,3,3,3,3,3,3,3,3,3,3,3,3,3,3,3,3,3,3,3,3,2,0,0,0,0,1,
1,0,0,0,0,0,4,0,0,0,0,0,0,0,0,0,0,0,0,0,0,0,0,0,0,1,3,3,3,3,3,3,3,3,3,3,3,3,3,3,3,3,3,3,3,3,3,3,3,3,3,3,3,3,3,3,3,3,3,3,3,3,3,3,2,0,0,0,0,1,
1,0,0,4,0,0,0,0,0,0,4,0,0,0,0,0,0,0,0,0,0,0,0,0,0,1,3,3,3,3,3,3,3,3,1,1,1,1,1,1,1,1,1,1,3,3,3,3,3,3,3,3,3,3,3,3,2,2,2,2,2,2,3,3,2,0,0,0,0,1,
1,0,0,0,0,0,0,0,0,0,0,0,0,1,1,1,1,1,1,1,2,0,0,0,0,2,3,3,3,3,3,3,3,3,1,0,0,0,0,0,0,0,0,1,3,3,3,3,3,3,3,3,3,3,3,3,2,4,4,4,4,2,3,3,2,0,0,0,0,1,
1,0,0,1,0,4,0,0,4,0,1,0,0,1,3,3,3,3,3,3,2,0,0,0,0,2,3,3,3,3,3,3,3,3,1,0,0,0,0,0,0,0,0,1,3,3,3,3,3,3,3,3,3,3,3,3,2,4,0,4,4,2,3,3,2,0,0,0,0,1,
1,0,0,0,0,0,0,0,0,0,0,0,0,1,3,3,3,3,3,3,2,4,0,0,4,2,3,3,3,3,3,3,3,3,1,0,0,0,0,0,0,0,0,1,3,3,3,3,3,3,3,3,3,3,3,3,2,0,0,0,0,2,3,3,2,0,0,0,0,1,
1,0,0,0,0,0,0,0,0,0,0,0,0,1,3,3,3,3,3,3,2,4,0,0,4,2,3,3,3,3,3,3,3,3,1,0,0,1,0,0,1,0,0,1,3,3,3,3,3,3,3,3,3,3,3,3,2,0,0,0,0,2,2,2,2,0,0,0,0,1,
1,1,1,1,1,0,0,0,0,1,1,1,1,1,3,3,3,3,3,3,2,4,0,0,4,2,3,3,3,3,3,3,3,3,1,0,0,1,0,0,1,0,0,1,3,3,3,3,3,3,3,3,3,3,3,3,2,0,0,0,0,0,0,0,0,0,0,0,0,1,
3,3,3,3,1,1,0,0,1,1,3,3,3,3,3,3,3,3,3,3,2,0,0,0,0,2,3,3,3,3,3,3,3,3,1,0,0,1,1,1,1,0,0,1,3,3,3,3,3,3,3,3,3,3,3,3,2,0,0,0,0,0,0,0,0,0,0,0,0,1,
3,3,3,3,1,1,0,0,1,1,3,3,3,3,3,3,3,3,3,3,2,0,0,0,0,2,3,3,3,3,3,3,3,3,1,0,0,0,0,0,0,0,0,1,3,3,3,3,3,3,3,3,3,3,3,3,2,0,0,0,0,0,0,0,0,0,0,0,0,1,
3,3,3,3,1,1,0,0,1,1,3,3,3,3,3,3,3,3,3,3,2,4,0,0,4,2,3,3,3,3,3,3,3,3,1,0,0,0,0,0,0,0,0,1,3,3,3,3,3,3,3,3,2,2,2,2,2,0,0,0,0,0,0,0,0,0,0,0,0,1,
3,3,3,3,1,1,0,0,1,1,3,3,3,3,3,3,3,3,3,3,2,4,0,0,4,2,3,3,3,3,3,3,3,3,1,1,1,1,0,0,1,1,1,1,3,3,3,3,3,3,3,3,2,1,0,0,1,0,0,0,0,1,1,1,1,1,1,1,1,1,
3,3,3,3,1,0,0,0,0,1,3,3,3,3,3,3,3,3,3,3,2,4,0,0,4,2,3,3,3,3,3,3,3,3,3,3,3,1,1,1,1,3,3,3,3,3,3,3,3,3,3,3,2,0,0,0,0,0,0,0,0,1,3,3,3,3,3,3,3,3,
3,3,3,3,1,0,0,0,0,1,3,3,3,3,3,3,3,3,3,3,2,4,4,4,4,2,3,3,3,3,3,3,3,3,3,3,3,1,1,1,1,3,3,3,3,3,3,3,3,3,3,3,2,0,0,0,0,0,0,0,0,1,3,3,3,3,3,3,3,3,
3,3,3,3,1,0,0,0,0,1,3,3,3,3,3,3,3,3,3,3,2,4,4,4,4,2,3,3,3,3,3,3,1,1,1,1,1,1,0,0,1,1,1,1,1,1,3,3,3,3,3,3,2,1,0,0,0,0,0,0,0,1,3,3,3,3,3,3,3,3,
3,3,3,3,1,0,0,0,0,1,3,3,3,3,3,3,3,3,3,3,2,2,2,2,2,2,3,3,3,3,3,3,1,0,0,0,0,0,0,0,0,0,0,0,0,1,3,3,3,3,3,3,2,4,0,0,0,0,0,0,0,1,3,3,3,3,3,3,3,3,
3,3,3,3,1,0,0,0,0,1,3,3,3,3,3,3,3,3,3,3,3,3,3,3,3,3,3,3,3,3,3,3,1,0,0,0,0,0,0,0,0,0,0,0,0,1,3,3,3,3,3,3,2,4,0,0,0,0,0,0,0,1,3,3,3,3,3,3,3,3,
3,3,3,3,1,0,0,0,0,1,3,3,3,3,3,3,3,3,3,3,3,3,3,3,3,3,3,3,3,3,3,3,1,2,2,2,2,0,0,0,0,2,2,2,2,1,3,3,3,3,3,3,2,0,4,0,0,0,0,0,0,1,3,3,3,3,3,3,3,3,
3,3,3,3,1,0,0,0,0,1,3,3,3,3,3,3,3,3,3,3,3,3,3,3,3,3,3,3,3,3,3,3,1,2,4,0,0,0,0,0,0,0,0,4,2,1,3,3,3,3,3,3,2,4,0,0,0,0,0,0,0,1,3,3,3,3,3,3,3,3,
3,3,3,3,1,0,0,0,0,1,3,3,3,3,3,3,3,3,3,3,3,3,3,3,3,3,3,3,3,3,3,3,1,2,0,4,4,0,0,0,0,4,4,0,2,1,3,3,3,3,3,3,2,4,0,0,0,0,0,0,0,1,3,3,3,3,3,3,3,3,
3,3,3,3,1,0,0,0,0,1,3,3,3,3,3,3,3,3,3,3,3,3,3,3,3,3,3,3,3,3,3,3,1,2,0,4,4,0,0,0,0,4,4,0,2,1,3,3,3,3,3,3,2,0,4,0,0,0,0,0,0,1,3,3,3,3,3,3,3,3,
3,3,3,3,1,0,0,0,0,1,3,3,3,3,3,3,3,3,3,3,3,3,3,3,3,3,3,3,3,3,3,3,1,2,4,0,0,0,0,0,0,0,0,4,2,1,3,3,3,3,3,3,2,4,0,0,0,0,0,0,0,1,3,3,3,3,3,3,3,3,
3,3,3,3,1,0,0,0,0,1,3,3,3,3,3,3,3,3,3,3,2,2,2,2,2,2,3,3,3,3,3,3,1,2,2,2,2,0,0,0,0,2,2,2,2,1,3,3,3,3,3,3,2,4,0,0,0,0,0,0,0,1,3,3,3,3,3,3,3,3,
3,3,3,3,1,0,0,0,0,1,3,3,3,3,3,3,3,3,3,3,2,4,4,4,4,2,3,3,3,3,3,3,1,0,0,0,0,0,0,0,0,0,0,0,0,1,3,3,3,3,3,3,2,1,0,0,0,0,0,0,0,1,3,3,3,3,3,3,3,3,
3,3,3,3,1,0,0,0,0,1,3,3,3,3,3,3,3,3,3,3,2,4,0,4,4,2,3,3,3,3,3,3,1,0,0,0,0,0,0,0,0,0,0,0,0,1,3,3,3,3,3,3,2,0,0,0,0,0,0,0,0,1,3,3,3,3,3,3,3,3,
3,3,3,3,1,0,0,0,0,1,3,3,3,3,3,3,3,3,3,3,2,4,0,0,4,2,3,3,3,3,3,3,1,0,0,0,0,0,0,0,0,0,0,0,0,1,3,3,3,3,3,3,2,0,0,0,0,0,0,0,0,1,3,3,3,3,3,3,3,3,
3,3,3,3,1,1,0,0,1,1,3,3,3,3,3,3,3,3,3,3,2,4,0,0,4,2,3,3,3,3,3,3,1,0,0,0,0,0,0,0,0,0,0,0,0,1,3,3,3,3,3,3,2,1,0,0,1,0,0,0,0,1,1,1,1,1,1,1,1,1,
3,3,3,3,1,1,0,0,1,1,3,3,3,3,3,3,3,3,3,3,2,4,0,0,4,2,3,3,3,3,3,3,1,0,0,1,1,0,0,0,0,1,1,0,0,1,3,3,3,3,3,3,2,2,2,2,2,0,0,0,0,0,0,0,0,0,0,0,0,1,
3,3,3,3,1,1,0,0,1,1,3,3,3,3,3,3,3,3,3,3,2,0,0,0,0,2,3,3,3,3,3,3,1,0,0,1,1,0,0,0,0,1,1,0,0,1,3,3,3,3,3,3,3,3,3,3,2,0,0,0,0,0,0,0,0,0,0,0,0,1,
3,3,3,3,1,1,0,0,1,1,3,3,3,3,3,3,3,3,3,3,2,0,0,0,0,2,3,3,3,3,3,3,1,0,0,1,1,0,0,0,0,1,1,0,0,1,3,3,3,3,3,3,3,3,3,3,2,0,0,0,0,0,0,0,0,0,0,0,0,1,
1,1,1,1,1,0,0,0,0,1,1,1,1,1,3,3,3,3,3,3,2,4,0,0,4,2,3,3,3,3,3,3,1,0,0,1,1,0,0,0,0,1,1,0,0,1,3,3,3,3,3,3,3,3,3,3,2,0,0,0,0,0,0,0,0,0,0,0,0,1,
1,0,0,0,0,0,0,0,0,0,0,0,0,1,3,3,3,3,3,3,2,4,0,0,4,2,3,3,3,3,3,3,1,0,0,1,1,0,0,0,0,1,1,0,0,1,3,3,3,3,3,3,3,3,3,3,2,0,0,0,0,2,2,2,2,0,0,0,0,1,
1,4,0,0,0,0,0,0,0,0,0,0,4,1,3,3,3,3,3,3,2,4,0,0,4,2,3,3,3,3,3,3,1,0,0,1,1,0,0,0,0,1,1,0,0,1,3,3,3,3,3,3,3,3,3,3,2,4,0,4,4,2,3,3,2,0,0,0,0,1,
1,4,0,0,0,0,0,0,0,4,4,0,4,1,3,3,3,3,3,3,2,0,0,0,0,2,3,3,3,3,3,3,1,0,0,1,1,0,0,0,0,1,1,0,0,1,3,3,3,3,3,3,3,3,3,3,2,4,4,4,4,2,3,3,2,0,0,0,0,1,
1,0,0,0,0,0,0,0,0,4,4,4,4,1,1,1,1,1,1,1,2,0,0,0,0,2,3,3,3,3,3,3,1,0,0,1,1,0,0,0,0,1,1,0,0,1,3,3,3,3,3,3,3,3,3,3,2,2,2,2,2,2,3,3,2,0,0,0,0,1,
1,1,1,1,1,0,0,0,0,0,0,0,0,0,0,0,0,0,0,0,0,0,0,0,0,1,3,3,3,3,3,3,1,0,0,0,0,0,0,0,0,0,0,0,0,1,3,3,3,3,3,3,3,3,3,3,3,3,3,3,3,3,3,3,2,0,0,0,0,1,
3,3,3,3,1,0,0,0,0,0,0,0,0,0,0,0,0,0,0,0,0,0,0,0,0,1,3,3,3,3,3,3,1,0,0,0,0,0,0,0,0,0,0,0,0,1,3,3,3,3,3,3,3,3,3,3,3,3,3,3,3,3,3,3,2,0,0,0,0,1,
3,3,3,3,1,0,0,0,0,0,0,0,0,0,0,0,0,0,0,0,0,0,0,0,0,1,3,3,3,3,3,3,1,0,0,0,0,0,0,0,0,0,0,0,0,1,3,3,3,3,3,3,3,3,3,3,2,2,2,2,2,2,3,3,2,0,0,0,0,1,
1,1,1,1,1,0,0,0,0,0,0,0,0,0,0,0,0,0,0,0,0,0,0,0,0,1,3,3,3,3,3,3,1,0,0,0,0,0,0,0,0,0,0,0,0,1,3,3,3,3,3,3,3,3,3,3,2,4,4,4,4,2,3,3,2,0,0,0,0,1,
1,0,0,0,0,0,0,0,0,4,4,0,0,1,1,1,1,1,1,1,1,0,0,0,0,1,3,3,3,3,3,3,1,1,1,1,1,0,0,0,0,1,1,1,1,1,3,3,3,3,3,3,3,3,3,3,2,4,4,0,4,2,3,3,2,0,0,0,0,1,
1,4,0,0,0,0,0,0,0,4,4,0,0,1,3,3,3,3,3,3,1,0,0,0,0,1,3,3,3,3,3,3,3,3,3,3,1,0,0,0,0,1,3,3,3,3,3,3,3,3,3,3,3,3,3,3,2,0,0,0,0,2,3,3,2,0,0,0,0,1,
1,4,0,0,0,0,0,0,0,4,0,0,0,1,3,3,3,3,3,3,1,0,0,0,0,1,3,3,3,3,3,3,3,3,3,3,1,0,0,0,0,1,3,3,3,3,3,3,3,3,3,3,3,3,3,3,2,0,0,0,0,2,3,3,2,0,0,0,0,1,
1,0,0,0,0,0,0,0,0,4,4,4,0,1,3,3,3,3,3,3,1,0,0,0,0,1,1,1,1,1,1,1,1,1,1,1,1,0,0,0,0,1,1,1,1,1,3,3,1,1,1,1,1,1,1,1,1,0,0,0,0,2,2,2,2,0,0,0,0,1,
1,1,1,1,1,1,1,1,1,1,1,1,1,1,3,3,3,3,3,3,1,0,0,0,0,0,0,0,0,0,0,0,0,0,0,0,0,0,0,0,0,0,0,0,0,1,1,1,1,0,0,0,0,0,0,0,0,0,0,0,0,0,0,0,0,0,0,0,0,1,
3,3,3,3,3,3,3,3,3,3,3,3,3,3,3,3,3,3,3,3,1,0,0,0,0,0,0,0,0,0,0,0,0,0,0,0,0,0,0,0,0,0,0,0,0,0,1,1,0,0,0,0,0,0,0,0,0,0,0,0,0,0,0,0,0,0,0,0,0,1,
3,3,3,3,3,3,3,3,3,3,3,3,3,3,3,3,3,3,3,3,1,0,0,0,0,0,0,0,0,0,0,0,0,0,0,0,0,0,0,0,0,0,0,0,0,0,1,1,0,0,0,0,0,0,0,0,0,0,0,0,0,0,0,0,0,0,0,0,0,1,
3,3,3,3,3,3,3,3,3,3,3,3,3,3,3,3,3,3,3,3,1,0,0,0,0,0,0,0,0,0,0,0,0,0,0,0,0,0,0,0,0,0,0,0,0,1,1,1,1,0,0,0,0,0,0,0,0,0,0,0,0,0,0,0,0,0,0,0,0,1,
3,3,3,3,3,3,3,3,3,3,3,3,3,3,3,3,3,3,3,3,1,1,1,1,1,1,1,1,1,1,1,1,1,1,1,1,1,0,0,0,0,1,1,1,1,1,3,3,1,1,1,1,1,1,1,1,1,1,1,1,1,1,1,1,1,1,1,1,1,1,
3,3,3,3,3,3,3,3,3,3,3,3,3,3,3,3,3,3,3,3,3,3,3,3,3,3,3,3,3,3,3,3,3,3,3,3,1,0,0,0,0,1,3,3,3,3,3,3,3,3,3,3,3,3,3,3,3,3,3,3,3,3,3,3,3,3,3,3,3,3,
3,3,3,3,3,3,3,3,3,3,3,3,3,3,3,3,3,3,3,3,3,3,3,3,3,3,3,3,3,3,3,3,3,3,3,3,1,0,0,0,0,1,3,3,3,3,3,3,3,3,3,3,3,3,3,3,3,3,3,3,3,3,3,3,3,3,3,3,3,3,
3,3,3,3,3,3,3,3,3,3,3,3,3,3,3,3,3,3,3,3,3,3,3,3,3,3,3,3,3,3,3,3,3,3,1,1,1,0,0,0,0,1,1,1,3,3,3,3,3,3,3,3,3,3,3,3,3,3,3,3,3,3,3,3,3,3,3,3,3,3,
3,3,3,3,3,3,3,3,3,3,3,3,3,3,3,3,3,3,3,3,3,3,3,3,3,3,3,3,3,3,3,3,3,3,1,0,0,0,0,0,0,0,0,1,3,3,3,3,3,3,3,3,3,3,3,3,3,3,3,3,3,3,3,3,3,3,3,3,3,3,
3,3,3,3,3,3,3,3,3,3,3,3,3,3,3,3,3,3,3,3,3,3,3,3,3,3,3,3,3,3,3,3,3,3,1,0,1,0,0,0,0,1,0,1,3,3,3,3,3,3,3,3,3,3,3,3,3,3,3,3,3,3,3,3,3,3,3,3,3,3,
3,3,3,3,3,3,3,3,3,3,3,3,3,3,3,3,3,3,3,3,3,3,3,3,3,3,3,3,3,3,3,3,3,3,1,0,0,0,0,0,0,0,0,1,3,3,3,3,3,3,3,3,3,3,3,3,3,3,3,3,3,3,3,3,3,3,3,3,3,3,
3,3,3,3,3,3,3,3,3,3,3,3,3,3,3,3,3,3,3,3,3,3,3,3,3,3,3,3,3,3,3,3,3,3,1,0,1,0,0,0,0,1,0,1,3,3,3,3,3,3,3,3,3,3,3,3,3,3,3,3,3,3,3,3,3,3,3,3,3,3,
3,3,3,3,3,3,3,3,3,3,3,3,3,3,3,3,3,3,3,3,3,3,3,3,3,3,3,3,3,3,3,3,3,3,1,0,0,0,0,0,0,0,0,1,3,3,3,3,3,3,3,3,3,3,3,3,3,3,3,3,3,3,3,3,3,3,3,3,3,3,
3,3,3,3,3,3,3,3,3,3,3,3,3,3,3,3,3,3,3,3,3,3,3,3,3,3,3,3,3,3,3,3,3,3,1,0,0,0,0,0,0,0,0,1,3,3,3,3,3,3,3,3,3,3,3,3,3,3,3,3,3,3,3,3,3,3,3,3,3,3,
3,3,3,3,3,3,3,3,3,3,3,3,3,3,3,3,3,3,3,3,3,3,3,3,3,3,3,3,3,3,3,3,3,3,1,0,0,0,0,0,0,0,0,1,3,3,3,3,3,3,3,3,3,3,3,3,3,3,3,3,3,3,3,3,3,3,3,3,3,3,
3,3,3,3,3,3,3,3,3,3,3,3,3,3,3,3,3,3,3,3,3,3,3,3,3,3,3,3,3,3,3,3,3,3,1,0,0,0,0,0,0,0,0,1,3,3,3,3,3,3,3,3,3,3,3,3,3,3,3,3,3,3,3,3,3,3,3,3,3,3,
3,3,3,3,3,3,3,3,3,3,3,3,3,3,3,3,3,3,3,3,3,3,3,3,3,3,3,3,3,3,3,3,3,3,1,1,1,1,1,1,1,1,1,1,3,3,3,3,3,3,3,3,3,3,3,3,3,3,3,3,3,3,3,3,3,3,3,3,3,3

[event]
# to Lochport
type=on_trigger
location=38,68,2,2
hotspot=location
intermap=maps/lochport.txt,7,43
tooltip=Lochport

[event]
# open loop door
type=on_trigger
location=58,49,1,1
hotspot=location
mapmod=collision,46,54,0;collision,47,54,0;collision,46,55,0;collision,47,55,0;object,47,54,0;object,47,55,0;object,46,53,213;object,46,56,219;object,58,49,166
repeat=false
soundfx=soundfx/door_open.ogg
tooltip=Switch

[event]
# to St. Maria: Prison
type=on_trigger
location=37,15,4,4
hotspot=location
intermap=maps/st_maria_2.txt,0,0
tooltip=St. Maria: Prison

[event]
type=on_trigger
location=22,23,1,1
hotspot=location
loot=loot/level_3.txt
mapmod=object,22,23,163
repeat=false
soundfx=soundfx/wood_open.ogg
tooltip=Crate

[event]
type=on_trigger
location=54,27,1,1
hotspot=location
loot=loot/level_3.txt
loot_count=3,4
mapmod=object,54,27,160
repeat=false
soundfx=soundfx/wood_open.ogg
tooltip=Treasure Chest

[event]
type=on_trigger
location=54,30,1,1
hotspot=location
loot=loot/level_3.txt
loot_count=3,4
mapmod=object,54,30,160
repeat=false
soundfx=soundfx/wood_open.ogg
tooltip=Treasure Chest

[event]
type=on_trigger
location=58,7,1,1
hotspot=location
loot=loot/level_3.txt
mapmod=object,58,7,162
repeat=false
soundfx=soundfx/wood_open.ogg
tooltip=Barrel

[event]
type=on_trigger
location=59,42,1,1
hotspot=location
loot=loot/level_3.txt
mapmod=object,59,42,162
repeat=false
soundfx=soundfx/wood_open.ogg
tooltip=Barrel

[event]
type=on_trigger
location=59,14,1,1
hotspot=location
loot=loot/level_3.txt
mapmod=object,59,14,163
repeat=false
soundfx=soundfx/wood_open.ogg
tooltip=Crate

[enemy]
type=skeleton_mage
location=37,50,1,1
direction=7
level=3
number=1
wander_radius=0

[enemy]
type=skeleton_mage
location=40,50,1,1
direction=7
level=3
number=1
wander_radius=0

[enemy]
type=undead
location=21,53,4,4
level=3
number=2
wander_radius=2

[enemy]
type=undead
location=22,35,2,6
level=3
number=2
wander_radius=2

[enemy]
type=undead
location=1,49,4,4
level=3
number=1
wander_radius=2

[enemy]
type=undead
location=10,50,3,3
level=3
number=1
wander_radius=2

[enemy]
type=undead
location=9,41,3,3
level=3
number=1
wander_radius=2

[enemy]
type=undead
location=5,24,4,10
level=3
number=3
wander_radius=2

[enemy]
type=undead
location=1,41,4,4
level=3
number=1
wander_radius=2

[enemy]
type=undead
location=3,7,8,8
level=3
number=3
wander_radius=2

[enemy]
type=undead
location=22,17,2,6
level=3
number=2
wander_radius=2

[enemy]
type=undead
location=33,1,12,4
level=3
number=3
wander_radius=2

[enemy]
type=undead
location=65,3,4,4
level=3
number=1,2
wander_radius=2

[enemy]
type=undead
location=65,39,4,4
level=3
number=1,2
wander_radius=2

[enemy]
type=undead
location=55,32,4,4
level=3
number=2
wander_radius=2

[enemy]
type=undead
location=57,4,4,4
level=3
number=1,2
wander_radius=2

[enemy]
type=undead
location=65,15,4,4
level=3
number=1,2
wander_radius=2

[enemy]
type=undead
location=55,22,4,4
level=3
number=2
wander_radius=2

[enemy]
type=undead
location=65,51,4,4
level=3
number=1,2
wander_radius=2

[enemy]
type=undead
location=51,53,4,4
level=3
number=1,2
wander_radius=2

[enemy]
type=undead
location=21,1,4,4
level=3
number=2
wander_radius=2

[enemy]
type=skeleton_knight
location=37,31,1,1
direction=7
level=3
number=1
wander_radius=0

[enemy]
type=skeleton_knight
location=40,31,1,1
direction=7
level=3
number=1
wander_radius=0

[enemy]
type=undead
location=37,38,4,6
level=3
number=2
wander_radius=2

