[header]
width=100
height=80
tilewidth=64
tileheight=32
orientation=isometric
background_color=0,0,0,255
hero_pos=2,8
music=music/forest_theme.ogg
tileset=tilesetdefs/tileset_grassland.txt
title=Stonewood

[tilesets]
tileset=../../../tiled/grassland/tiled_collision.png,64,32,0,0
tileset=../../../tiled/grassland/grassland.png,64,128,0,0
tileset=../../../tiled/grassland/grassland_water.png,64,64,0,32
tileset=../../../tiled/grassland/grassland_structures.png,64,256,0,0
tileset=../../../tiled/grassland/grassland_trees.png,128,256,-32,0
tileset=../../../tiled/grassland/set_rules.png,64,32,0,0
tileset=../../../tiled/grassland/tiled_grassland_2x2.png,128,64,0,16
tileset=../../../tiled/dungeon/tiled_collision.png,64,32,0,0

[layer]
type=background
data=
0,0,0,0,0,0,0,0,0,0,0,0,0,0,0,0,0,0,0,0,0,0,0,0,0,0,0,0,0,0,0,0,0,0,0,0,0,0,0,0,0,0,0,0,0,0,0,0,0,0,0,0,0,0,0,0,0,0,0,0,0,0,0,0,0,0,0,0,0,0,0,0,0,0,0,0,0,0,0,0,0,0,0,0,0,0,0,0,0,0,0,0,0,0,0,0,0,0,0,0,
0,0,0,0,0,0,0,0,0,0,0,0,0,0,0,0,0,0,0,0,0,0,0,0,0,0,0,0,0,0,0,0,0,0,0,0,0,0,0,0,0,16,144,176,177,178,179,150,0,0,0,0,0,0,0,0,0,0,0,0,0,0,0,0,0,0,0,0,0,0,0,0,0,0,0,0,0,0,0,0,0,0,0,0,0,0,0,0,0,0,0,0,0,0,0,0,0,0,0,0,
0,0,0,0,0,16,0,0,0,0,0,0,0,0,0,0,0,0,0,0,0,0,0,0,0,0,0,0,0,0,0,0,0,0,0,0,0,0,0,0,0,16,144,180,181,182,183,146,0,0,0,0,0,0,0,0,0,0,0,0,0,0,0,0,0,0,0,0,0,0,0,0,0,0,0,0,0,0,0,0,0,0,0,0,0,0,0,0,0,0,0,0,0,0,0,0,0,0,0,0,
0,0,0,0,23,20,21,22,23,0,0,0,0,0,0,0,0,0,0,0,0,0,0,0,0,0,0,0,0,0,0,0,0,0,0,0,0,0,0,0,0,16,155,163,185,186,187,146,0,0,0,0,0,0,0,0,0,0,0,0,0,0,0,0,0,0,0,0,0,0,0,0,0,0,0,0,0,0,0,0,0,0,0,0,0,0,0,0,0,0,0,0,0,0,0,0,0,0,0,0,
0,0,0,26,27,24,25,26,27,24,0,0,0,0,0,0,0,0,0,0,0,0,0,0,0,0,0,0,0,0,0,0,27,0,0,0,0,0,0,0,0,0,16,159,163,190,191,150,16,0,0,0,0,0,0,0,0,0,0,0,0,0,0,0,0,0,0,0,0,0,0,0,0,0,0,0,0,0,0,0,0,0,0,0,0,0,0,0,0,0,0,0,0,0,0,0,0,0,0,0,
0,28,29,30,31,28,29,30,31,28,29,30,0,0,0,0,0,0,0,0,0,0,0,0,0,0,0,0,0,0,0,30,31,0,0,0,0,0,0,0,0,0,0,16,148,178,179,165,153,16,17,18,0,0,0,0,0,0,0,0,0,0,0,0,0,0,0,0,0,0,0,0,0,0,0,0,0,0,0,0,0,0,0,0,0,0,0,0,0,0,0,0,0,0,0,0,0,0,0,0,
0,16,17,18,19,16,17,18,19,16,17,18,19,16,0,0,0,0,0,0,0,0,17,18,0,0,0,0,0,0,17,18,19,0,0,0,0,0,0,0,0,0,0,16,155,163,183,180,146,20,21,22,0,0,0,0,0,0,0,0,0,0,0,0,0,0,21,22,0,0,0,0,0,0,0,0,0,0,0,0,0,0,0,0,0,0,0,0,0,0,0,0,0,0,0,0,0,0,0,0,
0,20,21,22,23,20,21,22,23,20,21,22,23,20,21,0,0,0,0,0,23,20,21,22,23,20,0,0,0,20,21,22,23,20,21,0,0,0,0,0,0,0,0,0,16,148,187,184,161,153,25,26,27,24,25,26,0,0,0,0,0,0,0,0,0,24,25,26,27,24,25,0,0,0,0,0,0,0,0,0,0,0,0,0,0,0,0,0,0,0,0,0,0,0,0,0,0,0,0,0,
0,24,25,26,27,24,25,26,27,24,25,26,27,24,25,0,0,0,0,26,27,24,25,26,27,24,0,0,27,24,25,26,27,24,25,26,27,0,0,0,0,0,0,0,16,148,191,188,189,165,157,30,31,28,29,30,0,0,0,0,0,28,29,0,0,28,29,30,31,28,29,0,0,0,0,0,0,0,0,0,0,0,0,0,0,0,0,0,0,0,0,0,0,0,0,0,0,0,0,0,
0,28,29,30,31,28,29,30,31,28,29,30,31,28,29,0,0,0,29,30,31,28,29,30,31,28,29,30,31,28,29,30,31,28,29,30,31,0,0,0,0,0,0,0,16,159,167,176,177,178,161,157,19,16,17,18,19,0,0,0,19,16,17,18,19,16,17,18,19,16,17,0,0,0,0,0,0,0,0,0,0,0,0,0,0,0,0,0,0,0,0,0,0,0,0,0,0,0,0,0,
0,0,0,18,19,16,17,18,19,16,17,18,19,16,17,0,0,0,17,18,19,16,17,18,19,16,17,18,19,16,17,18,19,16,17,18,19,0,0,0,0,0,0,0,0,16,148,180,181,182,166,158,23,20,21,22,23,20,0,0,0,20,21,22,23,20,21,22,23,20,21,0,0,0,0,0,0,0,0,0,0,0,0,0,0,0,0,0,0,0,0,0,0,0,0,0,0,0,0,0,
0,0,0,0,23,20,21,22,23,20,21,22,23,20,21,0,0,0,0,0,23,20,21,22,23,20,21,22,23,20,21,22,23,20,21,22,23,20,0,0,0,0,0,0,0,16,144,163,185,186,150,26,27,24,25,26,27,24,0,0,0,24,25,26,27,24,25,26,27,24,0,0,0,0,0,0,0,0,0,0,0,0,0,0,27,0,0,0,0,0,0,0,0,0,0,0,0,0,0,0,
0,0,0,0,0,24,25,26,27,24,25,26,27,24,25,0,0,0,0,0,27,24,25,26,27,24,0,0,0,24,25,26,27,24,25,26,27,24,0,0,0,0,0,0,0,0,25,148,189,190,146,30,31,28,29,30,31,28,29,0,0,28,29,30,31,28,29,30,31,28,0,0,0,0,0,0,0,0,0,0,0,0,0,30,31,28,29,0,0,0,0,0,0,0,0,0,0,0,0,0,
0,0,0,0,0,28,29,30,31,28,29,30,31,28,0,0,0,0,0,0,0,28,29,30,31,28,0,0,0,0,0,30,31,28,29,30,31,0,0,0,0,0,29,0,0,0,29,144,177,178,146,18,19,16,17,18,19,16,17,18,19,16,17,18,19,16,17,18,19,16,17,18,0,0,0,0,0,0,0,0,0,0,17,18,19,16,17,18,0,0,0,0,0,0,0,0,0,0,0,0,
0,0,0,0,0,16,17,18,19,16,17,18,19,16,0,0,0,0,0,18,19,16,17,18,19,16,17,18,0,0,0,18,19,16,17,18,19,0,0,0,0,16,17,18,19,16,17,148,181,182,165,149,153,20,21,22,23,20,21,22,23,20,21,22,23,20,21,22,23,20,21,22,0,0,0,0,0,0,0,0,0,20,21,22,23,20,21,22,0,0,0,0,0,0,0,0,0,0,0,0,
0,0,0,0,0,0,21,22,23,20,21,22,0,0,0,0,0,0,21,22,23,20,21,22,23,20,21,22,23,0,0,0,23,20,21,22,23,20,21,22,23,20,21,22,23,20,156,164,185,186,187,184,150,24,25,26,27,24,25,26,27,24,25,26,27,24,25,26,27,24,25,26,27,0,0,0,0,0,0,26,0,24,25,26,27,24,25,26,27,0,0,0,0,0,0,0,0,0,0,0,
0,0,0,0,0,0,0,0,27,24,25,26,0,0,0,0,0,24,25,26,27,24,25,26,27,24,25,26,27,24,0,0,0,0,25,26,27,24,25,26,27,24,25,26,27,24,192,200,198,200,204,200,194,28,29,30,31,28,29,30,31,28,29,30,31,28,29,30,31,28,29,30,31,0,0,0,31,28,29,30,31,28,29,30,31,28,29,30,31,28,0,0,0,0,0,0,0,0,0,0,
0,0,0,0,0,0,0,0,31,28,29,30,31,0,0,0,31,28,29,30,31,28,29,30,0,0,29,30,31,28,0,0,0,0,29,30,31,28,29,30,31,28,29,30,31,28,148,176,177,178,179,176,150,16,17,18,19,16,17,18,0,0,17,18,19,16,17,18,19,16,17,18,0,0,0,18,19,16,17,18,19,16,17,18,19,16,17,18,19,16,0,0,0,0,0,0,0,0,0,0,
0,0,0,0,0,0,0,0,0,16,17,18,19,0,0,0,0,16,17,18,19,16,17,18,0,0,0,0,19,16,0,0,0,0,0,18,19,16,17,18,19,16,0,18,19,152,160,180,181,182,183,180,146,20,21,22,23,20,21,22,0,0,0,22,23,20,21,22,23,20,21,0,0,0,0,22,23,20,21,22,23,20,21,22,23,20,21,22,23,20,21,0,0,0,0,0,0,0,0,0,
0,0,0,0,0,0,0,0,0,0,21,22,23,0,0,0,0,20,21,22,23,20,21,22,0,0,0,0,0,0,0,0,0,0,0,22,23,20,21,22,0,0,0,0,23,148,187,184,185,186,187,184,161,157,25,26,27,24,25,26,0,0,0,26,27,24,25,26,27,24,25,26,0,0,25,26,27,24,25,26,27,24,25,26,27,24,25,26,27,24,25,0,0,0,0,0,0,0,0,0,
0,0,0,0,0,0,0,0,0,0,25,26,27,24,25,0,0,24,25,26,27,24,25,26,27,0,0,0,0,0,0,0,0,0,0,0,0,0,0,0,0,0,0,0,27,144,191,188,189,190,191,188,189,150,29,30,31,28,29,0,0,0,0,30,31,28,0,0,31,28,29,30,0,0,0,30,31,28,29,30,31,28,29,30,31,28,29,30,31,28,29,30,0,0,0,0,0,0,0,0,
0,0,0,0,0,0,0,0,0,0,29,30,31,28,29,30,31,28,29,30,31,28,29,30,31,28,29,0,0,0,0,0,0,0,0,0,0,0,0,0,0,0,0,0,31,159,167,176,177,178,179,176,177,146,17,18,19,16,0,0,0,0,0,0,0,0,0,0,19,16,17,18,19,0,0,18,19,16,17,18,19,16,17,18,19,16,17,18,19,16,17,18,0,0,0,0,0,0,0,0,
0,0,0,0,0,0,0,0,0,0,0,18,19,16,17,18,19,16,17,18,19,16,17,18,19,16,17,18,0,0,0,0,0,0,0,0,0,0,0,0,0,0,0,0,0,16,148,180,181,182,183,180,181,150,21,22,23,0,0,0,0,0,0,0,0,0,0,0,23,20,21,22,23,20,21,22,23,20,21,22,0,0,0,22,23,20,21,22,23,20,21,22,0,0,0,0,0,0,0,0,
0,0,0,0,0,0,0,0,0,0,0,22,23,20,21,22,23,20,21,22,23,0,0,22,23,20,21,22,23,0,0,0,0,0,0,0,0,0,0,0,0,0,0,0,0,16,159,163,185,186,187,184,185,150,0,0,0,0,0,0,0,0,0,0,0,0,0,0,0,0,25,26,27,24,25,26,27,24,25,26,0,0,0,0,0,24,25,26,27,24,25,26,0,0,0,0,0,0,0,0,
0,0,0,0,0,0,0,0,0,0,0,0,27,24,25,26,27,24,25,26,0,0,0,0,0,24,25,26,27,0,0,0,0,0,0,0,0,0,0,0,0,0,0,0,0,0,16,159,167,190,191,188,189,190,0,0,0,0,0,0,0,0,0,0,0,0,0,0,0,0,29,30,31,28,29,30,31,28,29,0,0,0,0,0,0,0,29,30,31,0,0,0,0,0,0,0,0,0,0,0,
0,0,0,0,0,0,0,0,0,0,0,30,31,28,29,30,31,28,29,0,0,0,0,0,0,28,29,30,31,28,0,0,0,0,0,0,0,0,0,0,0,0,0,0,0,0,0,17,144,178,179,176,177,178,0,0,0,0,0,0,0,0,0,0,0,0,0,0,0,0,17,18,19,16,17,18,19,16,17,0,0,0,0,0,0,0,0,18,19,16,0,0,0,0,0,0,0,0,0,0,
0,0,0,0,0,0,0,0,0,0,17,18,19,16,17,18,19,16,17,0,0,0,0,0,0,0,17,18,19,16,17,0,0,0,0,0,0,0,0,0,0,0,0,0,0,23,20,21,155,163,183,180,181,182,0,0,0,0,0,0,23,20,0,0,0,0,0,0,0,0,0,22,23,20,21,22,23,20,21,0,0,0,0,0,0,0,0,22,23,20,0,0,0,0,0,0,0,0,0,0,
0,0,0,0,0,0,0,0,0,0,21,22,23,20,21,22,23,20,21,0,0,0,0,0,0,0,21,22,23,20,21,0,0,0,0,0,0,0,0,0,0,0,0,0,26,27,24,25,26,148,187,184,185,186,187,0,0,24,25,26,27,24,25,0,0,0,0,0,0,0,0,26,27,24,25,26,27,24,25,26,27,0,0,0,0,0,0,26,27,24,25,0,0,0,0,0,0,0,0,0,
0,0,0,0,0,0,0,0,0,0,0,26,27,24,25,26,27,24,25,0,0,0,0,0,0,0,0,26,27,24,25,0,0,0,0,0,0,0,0,0,0,0,0,29,30,31,28,29,152,160,191,188,189,190,146,30,31,28,29,30,31,28,29,0,0,0,0,0,0,0,0,30,31,28,29,30,31,28,29,30,31,28,29,0,0,0,29,30,31,28,29,30,0,0,0,0,0,0,0,0,
0,0,0,0,0,0,0,0,0,0,0,0,0,28,29,30,31,28,29,30,31,0,0,0,0,0,0,30,31,28,29,0,0,0,0,0,0,0,16,0,0,0,16,17,18,19,16,17,159,167,179,176,177,178,146,18,19,16,17,18,19,16,17,0,0,0,0,0,0,0,17,18,19,16,17,18,19,16,17,18,19,16,17,18,19,0,0,18,19,16,17,18,19,16,0,0,0,0,0,0,
0,0,0,0,0,0,0,0,0,0,0,0,0,16,17,18,19,16,17,18,19,16,0,0,0,0,0,18,19,16,0,0,0,0,0,0,22,23,20,21,22,23,20,21,22,23,20,21,22,148,183,180,181,182,161,157,23,20,21,22,23,20,21,22,0,0,0,0,0,0,0,22,23,20,21,22,23,0,0,0,23,20,21,22,23,20,21,22,23,20,21,22,23,20,0,0,0,0,0,0,
0,0,0,0,0,0,0,0,0,0,0,0,0,0,21,22,23,0,21,22,23,20,0,0,0,20,21,22,23,20,0,0,0,0,0,25,26,27,24,25,26,27,24,25,26,27,24,25,26,192,206,198,200,198,200,194,27,24,25,26,27,24,25,26,0,0,0,0,0,0,0,26,27,24,0,0,0,0,0,0,27,24,25,26,27,24,25,26,27,24,25,26,27,24,0,0,0,0,0,0,
0,0,0,0,0,0,0,0,0,31,28,0,0,0,0,0,0,0,25,26,27,24,25,26,27,24,25,26,27,24,0,0,0,0,28,29,30,31,28,29,30,31,28,29,30,31,28,29,30,159,163,188,189,190,191,150,31,28,29,30,31,28,29,30,31,28,0,0,0,0,0,0,0,0,0,0,0,0,0,0,0,28,29,30,31,28,29,30,31,28,29,30,0,0,0,0,0,0,0,0,
0,0,0,0,0,0,0,0,18,19,16,17,18,0,0,0,0,0,0,30,31,28,29,30,31,28,29,30,0,0,0,0,0,19,16,17,18,19,16,0,0,19,16,17,18,19,16,17,18,19,144,176,177,178,179,150,19,16,17,18,19,16,17,18,19,16,0,0,0,0,0,0,0,0,0,0,0,0,17,0,0,16,17,18,19,16,17,18,19,16,0,0,0,0,0,0,0,0,0,0,
0,0,0,0,0,0,0,21,22,21,21,21,17,0,0,0,0,0,0,0,0,0,17,18,19,16,17,18,0,0,0,0,0,0,20,21,22,23,20,0,0,0,0,21,22,23,20,21,22,23,148,180,181,182,183,150,23,20,21,22,23,20,21,22,23,20,0,0,0,0,0,0,0,0,0,0,0,20,21,0,0,20,21,22,23,20,21,22,23,20,0,0,0,0,0,0,0,0,0,0,
0,0,0,0,0,0,0,25,19,34,33,35,24,18,24,25,0,0,0,0,0,0,0,22,23,20,21,22,0,0,0,0,0,0,24,25,26,27,24,0,0,0,0,0,26,27,24,25,26,152,160,184,185,186,187,150,27,24,25,26,27,24,25,26,27,24,0,0,0,0,0,0,0,0,25,26,27,24,25,26,27,24,25,26,27,24,25,26,27,24,0,0,0,0,0,0,0,0,0,0,
0,0,0,0,0,0,0,29,20,26,38,39,27,18,28,29,30,31,28,0,0,0,0,0,0,0,25,26,0,0,0,0,0,0,28,29,30,31,28,29,0,0,0,0,0,0,28,29,30,144,191,188,189,190,191,165,157,28,29,30,31,28,29,30,31,28,0,0,0,0,0,0,0,28,29,30,31,28,29,30,31,28,29,30,31,28,29,30,31,28,29,0,0,0,0,0,0,0,0,0,
0,0,0,0,0,0,0,17,20,38,34,37,19,26,16,17,18,19,16,17,18,0,0,0,0,0,0,0,0,0,0,0,0,0,16,17,18,19,16,17,18,0,0,0,0,0,0,0,18,148,179,176,177,178,179,176,150,16,17,18,19,16,17,18,19,16,17,0,0,0,0,0,19,16,17,18,19,16,17,18,19,16,17,18,19,16,17,18,19,16,17,0,0,0,0,0,0,0,0,0,
0,0,0,0,0,0,0,0,20,21,22,18,21,21,20,21,22,23,20,21,22,23,0,0,0,0,0,0,0,0,0,0,0,0,0,21,22,23,20,21,22,23,0,0,0,0,0,0,22,148,183,180,181,182,183,180,146,20,21,0,0,20,21,22,23,20,21,22,0,0,0,22,23,20,21,22,0,0,0,22,23,20,21,22,23,20,21,22,23,20,21,0,0,0,0,0,0,0,0,0,
0,0,0,0,0,0,0,0,26,19,17,20,20,27,24,25,26,27,24,25,26,27,0,0,0,0,0,0,0,27,24,0,0,0,0,0,0,0,24,25,26,27,0,0,0,0,0,0,26,144,187,184,185,186,187,166,158,24,25,0,0,0,0,26,27,24,25,26,27,24,25,26,27,24,25,26,0,0,0,0,0,0,25,26,27,24,25,26,27,24,25,0,0,0,0,0,0,0,0,0,
0,0,0,0,0,0,0,0,0,0,28,29,30,31,0,0,30,31,28,29,30,31,0,0,0,0,0,0,30,31,28,29,0,0,0,0,0,0,0,29,30,31,28,29,0,0,0,0,30,155,167,188,189,190,191,146,31,28,29,0,0,0,0,0,0,28,29,30,31,28,29,30,31,28,29,0,0,0,0,0,0,0,29,30,31,28,29,30,31,28,0,0,0,0,0,0,0,0,0,0,
0,0,0,0,0,0,0,0,0,0,0,0,0,0,0,0,0,0,0,17,18,19,0,0,0,0,0,17,18,19,16,17,0,0,0,0,0,0,0,0,18,19,16,17,0,0,0,17,18,19,148,176,177,178,179,150,19,16,17,18,19,0,0,0,0,16,17,18,19,16,17,18,19,16,0,0,0,0,0,0,0,0,0,18,19,16,17,18,19,0,0,0,0,0,0,0,0,0,0,0,
0,0,0,0,0,0,0,0,0,0,0,0,0,0,0,0,0,0,0,21,22,23,20,0,0,0,0,21,22,23,20,21,22,23,0,0,0,0,0,0,22,23,20,21,0,0,0,0,22,23,144,180,181,182,183,165,157,20,21,22,23,20,0,0,0,0,21,22,23,20,21,22,23,20,0,0,0,0,0,0,0,0,0,0,0,20,21,22,0,0,0,0,0,0,0,0,0,0,0,0,
0,0,0,0,0,0,0,0,0,0,0,0,0,0,0,0,0,0,0,25,26,27,24,0,0,0,0,0,26,27,24,25,26,27,0,0,0,0,0,0,26,27,24,25,0,0,0,0,26,27,148,184,185,186,187,162,158,24,25,26,27,24,25,0,0,0,25,26,27,24,25,26,27,24,0,0,0,0,0,0,0,0,0,0,0,0,0,0,0,0,0,0,0,0,0,0,0,0,0,0,
0,0,0,0,0,0,0,0,30,31,0,0,0,0,0,0,0,0,0,29,30,31,28,29,30,0,0,0,30,31,28,29,30,31,28,0,0,0,0,0,30,31,28,29,0,0,0,0,0,31,159,163,189,190,162,158,31,28,29,0,0,28,29,30,0,0,0,30,31,28,29,30,31,28,0,0,0,0,0,0,0,0,0,0,0,0,0,0,0,0,0,0,0,0,0,0,0,0,0,0,
0,0,0,0,0,0,0,17,18,19,16,17,18,19,0,0,0,0,16,17,18,19,16,17,18,19,16,17,18,19,16,17,18,19,16,17,18,19,16,17,18,19,16,17,0,0,0,0,0,19,16,148,177,178,146,18,19,16,17,264,0,16,17,18,0,0,0,0,19,16,17,18,19,0,0,0,0,0,0,0,0,0,0,0,0,0,0,0,0,0,0,0,0,0,0,0,0,0,0,0,
0,0,0,0,0,0,20,21,22,23,20,21,22,23,20,21,22,23,20,21,22,23,20,21,22,23,20,21,22,23,20,21,22,23,20,21,22,23,20,21,22,23,20,0,0,0,0,0,0,23,20,148,181,182,150,22,23,20,21,22,23,20,21,22,23,0,0,0,0,0,0,0,0,0,0,0,0,0,0,0,0,0,0,0,0,0,0,0,0,0,0,0,0,0,0,0,0,0,0,0,
0,0,0,0,0,0,24,25,26,27,24,25,26,27,24,25,26,27,24,25,26,27,24,25,26,27,24,25,26,27,24,25,26,27,24,25,26,27,24,25,26,27,0,0,0,0,0,0,0,27,24,148,185,186,161,153,27,24,25,26,27,24,25,26,27,0,0,0,0,0,0,0,0,0,0,0,0,0,0,0,0,0,0,0,0,0,0,0,0,0,0,0,0,0,0,0,0,0,0,0,
0,0,0,0,0,0,0,29,30,31,28,29,30,31,28,29,30,31,28,29,30,31,28,29,30,31,28,29,30,31,28,29,30,31,28,29,30,31,28,29,30,31,28,0,0,0,0,0,30,31,156,160,189,190,191,161,157,28,29,30,31,28,29,30,31,0,0,0,0,0,0,0,0,0,0,0,0,0,0,0,0,0,0,0,0,0,0,0,0,0,0,0,0,0,0,0,0,0,0,0,
0,0,0,0,0,0,0,0,0,19,16,17,18,19,16,17,18,19,16,17,18,19,16,17,18,19,16,17,18,19,16,17,18,19,16,17,18,19,16,17,18,19,16,0,0,0,0,0,0,19,159,167,177,178,179,176,150,0,0,0,0,16,17,18,0,0,0,0,0,0,0,0,0,0,0,0,0,0,0,0,0,0,0,0,0,0,0,0,0,0,0,0,0,0,0,0,0,0,0,0,
0,0,0,0,0,0,0,0,0,23,20,21,22,23,20,21,22,23,20,21,22,23,20,21,22,23,0,0,0,0,0,21,22,23,20,21,22,23,20,21,22,23,20,0,0,0,0,0,0,0,16,159,163,182,183,180,146,0,0,0,0,0,0,0,0,0,0,0,0,0,0,0,0,0,0,0,0,0,0,0,0,0,0,0,0,0,0,0,0,0,0,0,0,0,0,0,0,0,0,0,
0,0,0,0,0,0,0,0,0,27,24,25,26,27,0,25,26,27,24,25,26,27,24,25,26,27,24,0,0,0,0,0,0,27,24,25,26,27,24,25,26,27,0,0,0,0,0,0,0,0,0,16,148,186,187,184,150,16,0,0,0,0,0,0,0,0,0,0,0,0,0,0,0,0,0,0,0,0,0,0,0,0,0,0,0,0,0,0,0,0,0,0,0,0,0,0,0,0,0,0,
0,0,0,0,0,0,0,0,30,31,28,29,30,31,0,0,0,31,28,29,30,31,28,29,30,31,28,0,0,0,0,0,0,31,28,29,30,31,28,29,0,0,0,0,0,0,0,0,0,0,0,16,159,167,191,188,165,153,0,0,0,0,0,0,0,0,0,0,0,0,0,0,0,0,0,0,0,0,0,0,0,0,0,0,0,0,0,0,0,0,0,0,0,0,0,0,0,0,0,0,
0,0,0,0,0,0,0,17,18,19,16,17,18,19,0,0,0,0,16,17,18,19,16,17,18,19,16,17,0,0,0,0,0,19,16,17,18,19,16,17,0,0,0,0,0,0,0,0,0,0,0,0,16,144,179,176,177,150,0,0,0,0,0,0,0,0,0,0,0,0,0,0,0,0,0,0,0,0,0,0,0,0,0,0,0,0,0,0,0,0,0,0,0,0,0,0,0,0,0,0,
0,0,0,0,0,0,20,21,22,23,20,21,22,23,20,0,0,0,0,0,0,0,0,21,22,23,20,21,0,0,0,0,0,0,20,21,22,23,20,21,0,0,0,0,0,0,0,0,0,0,0,0,16,144,183,180,181,150,0,0,0,0,0,0,0,0,0,0,0,0,0,0,0,0,0,0,0,0,0,0,0,0,0,0,0,0,0,0,0,0,0,0,0,0,0,0,0,0,0,0,
0,0,0,0,0,0,0,25,26,27,24,25,26,27,24,0,0,0,0,0,0,0,0,25,26,27,24,25,26,0,0,0,0,0,0,25,26,27,24,0,0,0,0,0,0,0,0,0,0,0,0,0,16,144,187,184,185,146,0,0,0,0,0,0,0,0,0,0,0,0,0,0,0,0,0,0,0,0,0,0,0,0,0,0,0,0,0,0,0,0,0,0,0,0,0,0,0,0,0,0,
0,0,0,0,0,0,0,29,30,31,28,0,0,0,0,0,0,0,0,0,0,0,0,0,30,31,28,29,30,31,28,0,0,0,0,0,0,0,0,0,0,0,0,0,0,0,0,0,0,0,0,0,16,144,191,188,189,150,16,16,0,0,0,0,0,0,0,0,0,0,0,0,0,0,0,0,0,0,0,0,0,0,0,0,0,0,0,0,0,0,0,0,0,0,0,0,0,0,0,0,
0,0,0,0,0,0,0,17,18,19,16,17,0,0,0,0,0,0,16,0,0,0,0,0,0,0,0,17,18,19,16,17,0,0,0,0,0,0,0,0,0,0,0,0,0,0,0,0,0,0,0,0,16,159,167,176,177,161,149,153,16,0,0,0,0,0,0,0,0,0,0,0,0,0,0,0,0,0,0,0,0,0,0,0,0,0,0,0,0,0,0,0,0,0,0,0,0,0,0,0,
0,0,0,0,0,0,0,0,0,23,20,21,22,23,0,0,0,23,20,21,22,0,0,0,0,0,0,21,22,23,20,21,0,0,0,0,0,0,0,0,0,0,0,0,0,0,20,21,22,23,0,0,0,23,148,180,181,182,183,161,157,16,16,0,0,0,0,0,0,0,0,0,0,0,0,0,0,0,0,0,0,0,0,0,0,0,0,0,0,0,0,0,0,0,0,0,0,0,0,0,
0,0,0,0,0,0,0,0,0,0,24,25,26,27,0,0,26,27,24,25,26,27,0,0,0,0,0,25,26,27,24,25,0,0,0,0,0,0,24,25,26,27,0,0,0,27,24,25,26,27,24,0,0,27,144,184,185,186,187,184,165,149,153,16,0,0,0,0,0,0,0,0,0,0,0,0,0,0,0,0,0,0,0,0,0,0,0,0,0,0,0,0,0,0,0,0,0,0,0,0,
0,0,0,0,0,0,0,0,0,0,28,29,30,31,28,0,30,31,28,29,30,31,28,0,0,0,0,0,30,31,28,0,0,0,0,0,0,31,28,29,30,31,28,29,30,31,28,29,30,31,28,29,30,31,144,188,189,190,191,188,189,190,165,153,16,0,0,0,0,0,0,0,0,0,0,0,0,0,0,0,0,0,0,0,0,0,0,0,0,0,0,0,0,0,0,0,0,0,0,0,
0,0,0,0,0,0,0,0,0,0,16,17,18,19,16,17,18,19,16,25,25,21,16,17,0,0,0,0,0,19,16,17,0,0,0,0,18,19,16,17,18,19,16,17,18,19,16,17,18,19,16,17,18,152,164,176,177,178,162,151,151,163,176,161,153,16,0,0,0,0,0,0,0,0,0,0,0,0,0,0,0,0,0,0,0,0,0,0,0,0,0,0,0,0,0,0,0,0,0,0,
0,0,0,0,0,0,0,0,0,0,0,0,22,23,20,21,22,23,20,18,20,18,20,21,22,23,20,0,0,23,20,21,22,0,0,0,22,23,20,21,22,23,20,21,22,23,20,21,22,23,20,21,22,144,183,180,181,182,146,18,19,159,163,176,161,150,0,0,0,0,0,0,0,0,0,0,0,0,0,0,0,0,0,0,0,0,0,0,0,0,0,0,0,0,0,0,0,0,0,0,
0,0,0,0,0,0,0,0,0,0,0,0,0,27,24,25,26,27,24,19,16,21,24,25,26,27,24,25,26,27,24,25,26,27,0,0,26,27,24,25,26,0,0,0,26,27,24,25,26,27,24,25,156,160,187,184,162,151,154,22,23,20,144,180,181,146,0,0,0,0,0,0,0,0,0,0,0,0,0,0,0,0,0,0,0,0,0,0,0,0,0,0,0,0,0,0,0,0,0,0,
0,0,0,0,0,0,0,0,0,0,0,0,0,31,28,29,30,31,28,29,30,21,28,29,30,31,28,29,30,31,28,29,30,31,28,29,30,31,28,29,30,31,0,0,0,0,28,29,30,31,28,29,155,163,191,188,150,24,25,26,27,24,159,167,185,150,16,0,0,0,0,0,0,0,0,0,0,0,0,0,0,0,0,0,0,0,0,0,0,0,0,0,0,0,0,0,0,0,0,0,
0,0,0,0,0,0,0,0,0,0,0,0,0,0,16,17,18,19,16,17,18,19,16,17,18,19,16,17,18,19,16,17,18,19,16,17,18,19,16,17,18,19,16,0,0,0,0,17,18,19,16,17,18,148,179,176,150,28,29,30,31,28,29,155,167,162,158,0,0,0,0,0,0,0,0,0,0,0,0,0,0,0,0,0,0,0,0,0,0,0,0,0,0,0,0,0,0,0,0,0,
0,0,0,0,0,0,0,0,0,0,0,0,0,0,20,21,22,23,20,21,22,23,20,21,22,23,20,21,22,23,20,21,22,23,20,21,22,23,20,21,22,23,20,0,0,0,0,0,22,23,20,21,22,148,183,180,165,157,17,18,19,16,17,18,144,146,0,0,0,0,0,0,0,0,0,0,0,0,0,0,0,0,0,0,0,0,0,0,0,0,0,0,0,0,0,0,0,0,0,0,
0,0,0,0,0,0,0,0,0,0,0,0,0,0,24,25,26,27,24,0,0,27,24,25,26,27,24,25,26,27,24,25,26,27,24,25,26,27,24,25,26,27,24,25,0,0,0,0,26,27,24,25,26,159,167,184,185,146,21,22,23,20,21,22,144,150,16,0,0,0,0,0,0,0,0,0,0,0,0,0,0,0,0,0,0,0,0,0,0,0,0,0,0,0,0,0,0,0,0,0,
0,0,0,0,0,0,0,0,0,0,0,0,0,0,0,0,30,31,28,0,0,31,28,29,30,31,28,29,0,0,28,29,30,31,28,29,30,31,28,29,30,31,28,29,0,0,0,0,0,31,28,29,30,31,159,163,189,161,145,145,153,24,25,26,144,161,157,16,0,0,0,0,0,0,0,0,0,0,0,0,0,0,0,0,0,0,0,0,0,0,0,0,0,0,0,0,0,0,0,0,
0,0,0,0,0,0,0,0,0,0,0,0,0,0,0,0,0,0,0,0,0,19,16,17,18,19,16,0,0,0,0,17,18,19,16,17,18,19,16,17,18,0,0,0,0,0,0,0,0,19,16,17,18,19,16,144,177,178,179,176,161,145,145,149,160,178,165,153,0,0,0,0,0,0,0,0,0,0,0,0,0,0,0,0,0,0,0,0,0,0,0,0,0,0,0,0,0,0,0,0,
0,0,0,0,0,0,0,0,0,0,0,0,0,0,0,0,0,0,0,0,0,0,20,21,22,23,20,0,0,0,0,0,0,23,20,21,22,23,20,21,22,0,0,0,0,0,0,0,0,23,20,21,22,23,20,144,181,182,183,180,181,182,183,180,181,182,183,150,16,0,0,0,0,0,0,0,0,0,0,0,0,0,0,0,0,0,0,0,0,0,0,0,0,0,0,0,0,0,0,0,
0,0,0,0,0,0,0,0,0,0,0,0,0,0,0,0,0,0,0,0,0,0,0,0,0,0,0,0,0,0,0,0,0,0,0,0,26,27,24,25,26,27,0,0,0,0,0,0,0,27,24,25,26,27,152,160,185,186,187,184,185,186,187,184,166,147,151,161,158,0,0,0,0,0,0,0,0,0,0,0,0,0,0,0,0,0,0,0,0,0,0,0,0,0,0,0,0,0,0,0,
0,0,0,0,0,0,0,0,0,0,0,0,0,0,0,0,0,0,0,0,0,0,0,0,0,0,0,0,0,0,0,0,0,0,0,0,0,31,28,29,30,31,28,0,0,0,0,0,0,31,28,29,30,31,144,188,189,190,191,188,189,190,191,162,158,0,0,0,0,0,0,0,0,0,0,0,0,0,0,0,0,0,0,0,0,0,0,0,0,0,0,0,0,0,0,0,0,0,0,0,
0,0,0,0,0,0,0,0,0,0,0,0,0,0,0,0,0,0,0,0,0,0,0,0,0,0,0,0,0,0,0,0,0,0,0,0,0,0,16,17,18,19,16,0,0,0,0,0,0,19,16,17,18,156,164,176,177,178,179,176,177,178,179,146,0,0,0,0,0,0,0,0,0,0,0,0,0,0,0,0,0,0,0,0,0,0,0,0,0,0,0,0,0,0,0,0,0,0,0,0,
0,0,0,0,0,0,0,0,0,0,0,0,0,0,0,0,0,0,0,0,0,0,0,0,0,0,0,0,0,0,0,0,0,0,0,0,0,0,0,0,22,23,20,0,0,0,0,0,0,0,20,21,22,155,163,180,181,182,183,180,181,182,166,158,0,0,0,0,0,0,0,0,0,0,0,0,0,0,0,0,0,0,0,0,0,0,0,0,0,0,0,0,0,0,0,0,0,0,0,0,
0,0,0,0,0,0,0,0,0,0,0,0,0,0,0,0,0,0,0,0,0,0,0,0,0,0,0,0,0,0,0,0,0,0,0,0,0,0,0,0,0,0,0,0,0,0,0,0,0,0,24,25,26,27,155,167,185,186,187,184,185,186,150,0,0,0,0,0,0,0,0,0,0,0,0,0,0,0,0,0,0,0,0,0,0,0,0,0,0,0,0,0,0,0,0,0,0,0,0,0,
0,0,0,0,0,0,0,0,0,0,0,0,0,0,0,0,0,0,0,0,0,0,0,0,0,0,0,0,0,0,0,0,0,0,0,0,0,0,0,0,0,0,0,0,0,0,0,0,0,0,28,29,30,31,28,144,189,190,191,188,189,190,146,0,0,0,0,0,0,0,0,0,0,0,0,0,0,0,0,0,0,0,0,0,0,0,0,0,0,0,0,0,0,0,0,0,0,0,0,0,
0,0,0,0,0,0,0,0,0,0,0,0,0,0,0,0,0,0,0,0,0,0,0,0,0,0,0,0,0,0,0,0,0,0,0,0,0,0,0,0,0,0,0,0,0,0,0,0,0,0,16,17,18,19,16,144,177,178,179,176,177,178,146,0,0,0,0,0,0,0,0,0,0,0,0,0,0,0,0,0,0,0,0,0,0,0,0,0,0,0,0,0,0,0,0,0,0,0,0,0,
0,0,0,0,0,0,0,0,0,0,0,0,0,0,0,0,0,0,0,0,0,0,0,0,0,0,0,0,0,0,0,0,0,0,0,0,0,0,0,0,0,0,0,0,0,0,0,0,0,0,0,0,0,0,0,0,0,0,0,0,0,0,0,0,0,0,0,0,0,0,0,0,0,0,0,0,0,0,0,0,0,0,0,0,0,0,0,0,0,0,0,0,0,0,0,0,0,0,0,0,
0,0,0,0,0,0,0,0,0,0,0,0,0,0,0,0,0,0,0,0,0,0,0,0,0,0,0,0,0,0,0,0,0,0,0,0,0,0,0,0,0,0,0,0,0,0,0,0,0,0,0,0,0,0,0,0,0,0,0,0,0,0,0,0,0,0,0,0,0,0,0,0,0,0,0,0,0,0,0,0,0,0,0,0,0,0,0,0,0,0,0,0,0,0,0,0,0,0,0,0

[layer]
type=object
data=
0,0,0,0,0,0,0,0,0,0,0,0,0,0,0,0,0,0,0,0,0,0,0,0,0,0,0,0,0,0,0,0,0,0,0,0,0,0,0,0,0,0,0,0,0,0,0,0,0,0,0,0,0,0,0,0,0,0,0,0,0,0,0,0,0,0,0,0,0,0,0,0,0,0,0,0,0,0,0,0,0,0,0,0,0,0,0,0,0,0,0,0,0,0,0,0,0,0,0,0,
0,0,0,0,0,0,0,0,0,0,0,0,0,0,0,0,0,0,0,0,0,0,0,0,0,0,0,0,0,0,0,0,0,0,0,0,0,0,0,0,0,52,0,0,0,0,0,0,54,0,0,0,0,0,0,0,0,0,0,0,0,0,0,0,0,0,0,0,0,0,0,0,0,0,0,0,0,0,0,0,0,0,0,0,0,0,0,0,0,0,0,0,0,0,0,0,0,0,0,0,
0,0,0,0,56,53,57,0,0,0,0,0,0,0,0,0,0,0,0,0,0,0,0,0,0,0,0,0,0,0,0,0,0,0,0,0,0,0,0,0,0,48,0,0,0,0,0,0,54,0,0,0,0,0,0,0,0,0,0,0,0,0,0,0,0,0,0,0,0,0,0,0,0,0,0,0,0,0,0,0,0,0,0,0,0,0,0,0,0,0,0,0,0,0,0,0,0,0,0,0,
0,0,0,0,48,0,65,53,53,57,0,0,0,0,0,0,0,0,0,0,0,0,0,0,0,0,0,0,0,0,0,0,0,0,0,0,0,0,0,0,0,48,0,249,0,0,0,251,50,0,0,0,0,0,0,0,0,0,0,0,0,0,0,0,0,0,0,0,0,0,0,0,0,0,0,0,0,0,0,0,0,0,0,0,0,0,0,0,0,0,0,0,0,0,0,0,0,0,0,0,
0,0,56,53,64,0,0,0,0,69,61,0,0,0,0,0,0,0,0,0,0,0,0,0,0,0,0,0,0,0,0,56,53,57,0,0,0,0,0,0,0,59,67,0,0,0,0,0,65,61,0,0,0,0,0,0,0,0,0,0,0,0,0,0,0,0,0,0,0,0,0,0,0,0,0,0,0,0,0,0,0,0,0,0,0,0,0,0,0,0,0,0,0,0,0,0,0,0,0,0,
0,49,64,254,0,121,0,0,254,0,65,49,0,0,0,0,0,0,0,0,0,0,0,0,0,0,0,0,0,0,60,68,0,54,0,0,0,0,0,0,0,0,59,67,0,0,0,0,0,69,53,49,61,0,0,0,0,0,0,0,0,0,0,0,0,0,0,0,0,0,0,0,0,0,0,0,0,0,0,0,0,0,0,0,0,0,0,0,0,0,0,0,0,0,0,0,0,0,0,0,
0,92,127,0,0,0,0,0,0,126,0,252,69,49,61,0,0,0,0,0,0,60,53,49,57,0,0,0,0,56,68,248,0,50,0,0,0,0,0,0,0,0,0,48,0,0,0,0,0,0,253,0,54,0,0,0,0,0,0,0,0,0,0,0,0,56,49,53,57,0,0,0,0,0,0,0,0,0,0,0,0,0,0,0,0,0,0,0,0,0,0,0,0,0,0,0,0,0,0,0,
0,92,0,120,0,249,122,0,251,0,0,0,0,0,69,61,0,0,0,56,49,64,0,0,69,53,61,0,60,64,0,113,0,69,53,57,0,0,0,0,0,0,0,59,71,255,0,0,0,0,120,0,69,49,53,49,61,0,0,0,0,0,0,0,0,48,0,0,65,53,53,57,0,0,0,0,0,0,0,0,0,0,0,0,0,0,0,0,0,0,0,0,0,0,0,0,0,0,0,0,
0,92,0,0,0,0,124,112,0,117,127,0,0,0,0,50,0,0,60,68,243,112,0,251,114,129,54,0,52,0,254,0,0,0,0,65,49,57,0,0,0,0,0,0,52,124,0,0,0,0,0,0,0,0,0,114,50,0,0,0,60,53,49,57,0,48,0,0,0,116,0,54,0,0,0,0,0,0,0,0,0,0,0,0,0,0,0,0,0,0,0,0,0,0,0,0,0,0,0,0,
0,92,0,112,0,0,0,0,0,0,0,0,0,252,0,50,0,0,52,0,0,121,0,126,127,123,69,49,68,115,122,0,124,117,0,248,0,54,0,0,0,0,0,0,48,0,0,0,0,0,0,0,0,245,0,124,65,61,0,0,48,0,250,65,53,68,118,0,251,0,0,54,0,0,0,0,0,0,0,0,0,0,0,0,0,0,0,0,0,0,0,0,0,0,0,0,0,0,0,0,
0,55,55,67,127,0,0,0,0,0,0,0,115,123,0,54,0,0,52,0,252,0,126,0,0,0,0,0,0,0,0,0,0,0,0,114,0,54,0,0,0,0,0,0,59,67,0,128,0,0,0,240,122,0,0,243,121,65,61,0,59,67,0,0,0,0,123,124,0,0,0,54,0,0,0,0,0,0,0,0,0,0,0,0,0,0,0,0,0,0,0,0,0,0,0,0,0,0,0,0,
0,0,0,59,67,0,0,0,125,0,0,0,124,117,0,50,0,0,59,51,71,0,0,125,0,0,0,0,0,126,0,0,0,127,0,0,123,69,61,0,0,0,0,0,0,52,0,0,0,0,0,122,0,0,0,0,0,0,50,0,0,52,0,0,0,0,0,0,116,0,70,62,0,0,0,0,0,0,0,0,0,0,0,56,53,57,0,0,0,0,0,0,0,0,0,0,0,0,0,0,
0,0,0,0,59,71,0,0,0,0,0,0,0,0,0,50,0,0,0,0,48,122,0,0,0,0,66,51,51,67,0,0,0,0,124,0,0,0,54,0,0,0,0,0,0,0,67,249,0,0,0,124,0,0,0,0,0,0,69,57,0,48,121,0,254,0,0,0,0,0,54,0,0,0,0,0,0,0,0,0,0,0,56,68,0,69,49,61,0,0,0,0,0,0,0,0,0,0,0,0,
0,0,0,0,0,48,0,0,250,0,0,0,251,0,70,58,0,0,0,0,59,71,126,0,0,0,54,0,0,63,55,67,0,0,0,0,0,66,58,0,0,60,49,57,0,0,52,124,0,0,0,0,0,0,116,0,0,250,0,69,49,64,0,126,0,117,0,248,0,0,69,49,61,0,0,0,0,0,0,0,0,60,68,248,0,0,0,65,57,0,0,0,0,0,0,0,0,0,0,0,
0,0,0,0,0,52,255,0,114,0,0,0,0,0,54,0,0,0,60,49,49,64,0,0,0,0,65,49,57,0,0,52,0,254,115,0,121,50,0,0,56,68,0,69,49,49,68,0,0,0,0,114,0,0,0,0,126,0,0,116,127,0,0,0,0,0,0,0,0,114,0,0,54,0,0,0,0,0,0,0,0,52,0,0,0,0,0,253,50,0,0,0,0,0,0,0,0,0,0,0,
0,0,0,0,0,59,67,0,0,0,0,0,66,51,62,0,0,60,64,0,113,130,0,0,125,0,0,0,69,61,0,63,71,0,0,126,0,65,49,49,64,0,251,126,114,125,0,253,0,0,0,0,0,0,0,0,0,0,0,0,0,0,0,0,127,0,0,125,126,0,0,240,69,61,0,0,0,0,56,49,61,52,113,241,121,245,0,123,65,57,0,0,0,0,0,0,0,0,0,0,
0,0,0,0,0,0,63,55,71,0,0,0,50,0,0,0,60,64,0,0,0,127,0,0,0,0,0,253,123,69,61,0,59,51,71,0,0,0,0,125,0,116,0,0,0,0,0,0,0,0,0,0,0,0,0,0,0,127,0,0,0,0,0,0,0,0,0,0,0,116,0,0,0,50,0,60,53,53,64,253,65,64,116,0,0,0,127,0,122,65,61,0,0,0,0,0,0,0,0,0,
0,0,0,0,0,0,0,0,48,254,0,0,69,57,0,0,48,248,112,0,255,0,0,0,70,55,71,114,126,0,54,0,0,0,52,0,0,0,125,0,0,0,0,127,0,124,115,0,0,0,0,0,113,126,0,0,0,113,0,0,70,51,71,0,0,126,0,0,0,126,0,0,66,62,0,48,0,249,0,0,118,126,127,0,96,0,0,73,116,0,54,0,0,0,0,0,0,0,0,0,
0,0,0,0,0,0,0,0,59,67,0,0,0,54,0,0,59,71,122,0,0,0,0,0,54,0,59,51,67,0,50,0,0,0,63,71,249,113,0,0,0,0,70,67,0,123,131,123,0,0,0,0,0,0,0,0,0,0,120,0,54,0,59,67,123,245,0,0,0,0,0,70,62,0,56,68,113,0,0,0,247,0,0,0,0,0,0,72,101,0,65,57,0,0,0,0,0,0,0,0,
0,0,0,0,0,0,0,0,0,63,67,0,0,54,0,0,0,48,0,0,0,0,0,0,50,0,0,0,59,55,58,0,0,0,0,52,0,0,0,0,66,51,62,63,71,0,114,0,0,0,0,0,0,0,0,0,0,253,0,0,54,0,0,52,120,0,0,0,0,0,0,65,61,0,52,251,125,125,0,249,0,0,0,0,0,102,0,0,0,127,0,54,0,0,0,0,0,0,0,0,
0,0,0,0,0,0,0,0,0,0,48,0,0,69,49,61,0,48,0,0,0,0,0,0,69,57,0,0,0,0,0,0,0,0,0,59,55,51,55,55,62,0,0,0,48,0,0,130,0,0,0,0,0,0,0,0,0,0,0,66,62,0,0,52,0,0,66,55,67,0,0,0,54,0,63,71,116,125,126,0,0,0,0,0,124,0,0,0,0,98,0,65,57,0,0,0,0,0,0,0,
0,0,0,0,0,0,0,0,0,0,52,131,0,0,255,69,53,64,0,0,0,126,0,0,0,65,53,57,0,0,0,0,0,0,0,0,0,0,0,0,0,0,0,0,48,0,255,0,0,0,0,0,0,0,116,124,243,0,70,62,0,0,0,63,51,51,62,0,52,0,0,0,65,57,0,52,0,0,0,0,0,0,114,246,121,0,114,0,127,0,127,0,54,0,0,0,0,0,0,0,
0,0,0,0,0,0,0,0,0,0,59,67,126,0,126,116,0,249,0,0,252,0,0,0,0,0,115,69,0,0,0,0,0,0,0,0,0,0,0,0,0,0,0,0,63,67,0,0,0,0,0,0,0,0,0,0,0,66,62,0,0,0,0,0,0,0,0,0,52,121,0,250,0,69,49,64,123,127,119,0,70,51,55,71,120,0,0,0,74,75,122,0,54,0,0,0,0,0,0,0,
0,0,0,0,0,0,0,0,0,0,0,52,121,0,0,0,0,124,0,0,0,70,55,71,0,249,0,122,69,57,0,0,0,0,0,0,0,0,0,0,0,0,0,0,0,52,249,0,0,0,0,0,0,0,70,51,51,58,0,0,0,0,0,0,0,0,0,0,59,55,67,124,124,123,0,243,0,0,0,0,54,0,0,63,51,67,0,0,128,0,0,0,54,0,0,0,0,0,0,0,
0,0,0,0,0,0,0,0,0,0,0,59,67,0,124,0,0,0,0,0,70,62,0,59,51,71,0,126,0,50,0,0,0,0,0,0,0,0,0,0,0,0,0,0,0,59,71,0,0,0,0,0,0,0,0,0,0,0,0,0,0,0,0,0,0,0,0,0,0,0,48,0,0,0,0,125,0,0,0,66,62,0,0,0,0,63,71,0,0,66,51,51,58,0,0,0,0,0,0,0,
0,0,0,0,0,0,0,0,0,0,56,49,64,0,0,0,0,122,0,66,58,0,0,0,0,48,0,0,0,65,57,0,0,0,0,0,0,0,0,0,0,0,0,0,0,0,63,71,0,0,0,0,0,0,254,0,0,0,0,0,0,0,0,0,0,0,0,0,0,0,48,0,119,0,0,0,0,114,0,54,0,0,0,0,0,0,63,67,252,65,61,0,0,0,0,0,0,0,0,0,
0,0,0,0,0,0,0,0,0,0,52,249,0,113,125,0,0,121,0,50,0,0,0,0,0,59,67,0,0,121,65,57,0,0,0,0,0,0,0,0,0,0,0,0,60,53,53,68,241,0,0,0,0,0,0,0,0,0,0,60,53,49,61,0,0,0,0,0,0,0,63,71,0,0,0,0,0,0,0,50,0,0,0,0,0,0,0,52,0,0,54,0,0,0,0,0,0,0,0,0,
0,0,0,0,0,0,0,0,0,0,52,0,0,0,0,0,0,127,0,54,0,0,0,0,0,0,48,252,124,122,0,54,0,0,0,0,0,0,0,0,0,0,0,60,64,0,0,0,0,126,0,0,0,0,0,0,56,53,53,68,0,0,69,57,0,0,0,0,0,0,0,52,0,251,121,0,0,0,0,69,49,57,0,0,0,0,56,68,0,0,69,57,0,0,0,0,0,0,0,0,
0,0,0,0,0,0,0,0,0,0,59,71,0,253,0,0,0,0,0,54,0,0,0,0,0,0,59,67,113,0,0,54,0,0,0,0,0,0,0,0,0,0,60,64,126,0,0,251,127,126,0,0,0,0,0,69,68,114,120,127,121,243,0,50,0,0,0,0,0,0,56,68,0,0,0,115,0,255,0,122,0,69,49,57,0,0,48,119,243,0,0,65,61,0,0,0,0,0,0,0,
0,0,0,0,0,0,0,0,0,0,0,59,51,71,0,0,0,0,0,69,53,61,0,0,0,0,0,48,0,0,0,54,0,0,0,0,0,60,53,61,0,60,68,0,0,0,0,0,0,0,0,0,0,0,0,0,0,244,0,0,0,114,117,54,0,0,0,0,0,0,48,241,120,0,0,0,0,0,0,119,0,117,250,65,53,57,59,67,246,127,0,0,65,53,61,0,0,0,0,0,
0,0,0,0,0,0,0,0,0,0,0,0,0,52,0,0,249,0,0,0,120,69,57,0,0,0,56,64,115,0,66,62,0,0,0,60,49,64,251,69,49,64,0,249,0,0,0,0,0,0,0,0,0,0,0,0,242,123,0,0,121,0,0,65,61,0,0,0,0,0,59,71,246,0,0,251,0,70,55,55,71,0,0,0,117,69,53,68,117,0,0,0,255,0,50,0,0,0,0,0,
0,0,0,0,0,0,0,0,0,0,0,0,0,59,71,246,0,70,67,0,0,0,54,0,60,53,64,0,127,0,54,0,0,0,56,64,0,0,0,0,0,0,0,0,0,0,127,0,0,0,0,0,0,0,0,0,0,125,126,126,0,0,0,0,54,0,0,0,0,0,0,48,0,0,66,51,55,62,0,0,52,0,0,0,124,0,0,0,125,0,126,0,0,0,50,0,0,0,0,0,
0,0,0,0,0,0,0,0,60,49,49,57,0,0,59,55,51,58,48,0,248,0,69,49,64,254,117,0,0,0,50,0,0,60,68,246,127,0,0,0,127,0,127,0,0,0,0,0,0,126,0,0,0,0,0,0,0,0,0,0,0,126,0,0,69,49,57,0,0,0,0,63,55,51,58,0,0,0,0,0,59,71,0,0,0,0,0,0,0,0,0,0,70,51,62,0,0,0,0,0,
0,0,0,0,0,0,0,56,68,0,247,65,53,57,0,0,0,0,63,67,0,117,127,0,0,0,127,0,70,55,58,0,0,48,254,0,112,0,0,0,0,0,0,0,0,0,0,0,124,0,0,0,0,0,0,0,0,0,0,0,0,127,0,0,245,0,50,0,0,0,0,0,0,0,0,0,0,56,49,57,0,52,120,241,0,0,0,0,0,0,70,55,58,0,0,0,0,0,0,0,
0,0,0,0,0,0,0,48,125,122,240,244,0,50,0,0,0,0,0,63,55,55,67,121,0,0,0,0,54,0,0,0,0,59,67,127,0,127,0,0,66,55,51,71,0,0,0,0,0,0,0,0,0,0,0,0,122,126,0,0,0,0,0,121,0,0,54,0,0,0,0,0,0,0,0,0,56,64,242,54,0,52,122,126,0,0,124,0,0,0,54,0,0,0,0,0,0,0,0,0,
0,0,0,0,0,0,0,52,241,124,0,112,0,65,49,53,57,0,0,0,0,0,59,71,0,0,250,0,54,0,0,0,0,0,52,0,0,0,0,70,58,0,0,59,67,0,255,0,0,0,126,0,0,0,0,0,120,124,0,0,0,0,0,0,0,0,50,0,0,0,0,0,0,60,49,53,64,0,116,65,53,64,0,0,0,0,0,0,0,0,50,0,0,0,0,0,0,0,0,0,
0,0,0,0,0,0,0,48,0,103,96,0,124,0,245,117,69,49,53,57,0,0,0,59,51,55,71,0,50,0,0,0,0,0,52,0,0,0,0,65,57,0,0,0,63,55,67,0,0,0,0,0,0,0,0,0,122,0,125,0,0,0,0,0,0,0,54,0,0,0,0,0,0,48,244,114,0,0,0,0,0,0,126,0,0,0,0,0,0,0,65,57,0,0,0,0,0,0,0,0,
0,0,0,0,0,0,0,48,245,0,117,0,0,123,0,0,0,0,0,65,49,61,0,0,0,0,63,55,58,0,0,0,0,0,48,0,255,0,0,0,65,61,0,0,0,0,63,55,67,0,0,0,0,0,0,0,0,0,0,0,0,0,240,0,0,125,65,57,0,0,0,56,49,68,0,0,0,0,127,0,0,0,0,0,0,0,125,0,117,242,0,54,0,0,0,0,0,0,0,0,
0,0,0,0,0,0,0,59,67,113,0,125,0,0,0,0,127,0,0,245,116,65,57,0,0,0,0,0,0,0,0,0,0,0,63,67,0,0,125,0,0,69,61,0,0,0,0,0,52,0,254,0,0,0,0,0,0,125,0,70,55,71,0,0,240,0,116,65,57,0,60,64,124,127,121,0,66,51,55,67,0,0,0,0,0,0,0,0,122,113,0,54,0,0,0,0,0,0,0,0,
0,0,0,0,0,0,0,0,48,0,122,0,0,0,0,0,0,0,125,0,0,0,54,0,0,0,0,0,56,49,49,57,0,0,0,63,55,55,67,0,0,248,54,0,0,0,0,0,48,0,0,0,0,0,0,0,0,0,0,50,0,63,55,247,0,125,0,124,65,49,68,113,0,117,0,0,54,0,0,59,51,55,71,0,0,0,0,0,121,0,0,54,0,0,0,0,0,0,0,0,
0,0,0,0,0,0,0,0,63,55,67,0,0,0,66,51,67,247,0,0,0,0,54,0,0,0,0,56,64,0,0,69,57,0,0,0,0,0,63,67,125,0,69,49,57,0,0,60,68,0,0,0,0,0,0,0,247,0,0,50,0,0,0,59,55,67,120,127,0,0,0,0,125,0,0,70,62,0,0,0,0,0,52,0,249,0,253,0,0,0,66,62,0,0,0,0,0,0,0,0,
0,0,0,0,0,0,0,0,0,0,59,51,51,55,58,0,63,55,51,67,0,0,54,0,0,0,0,52,0,246,0,0,50,0,0,0,0,0,0,63,67,0,0,0,50,0,0,52,0,241,124,0,0,0,0,0,120,0,0,65,53,61,0,0,0,52,0,0,0,127,0,0,0,0,66,62,0,0,0,0,0,0,59,71,120,114,123,0,247,70,58,0,0,0,0,0,0,0,0,0,
0,0,0,0,0,0,0,0,0,0,0,0,0,0,0,0,0,0,0,52,0,244,69,57,0,0,0,48,0,0,0,0,65,49,61,0,0,0,0,0,52,0,124,0,242,57,0,63,67,0,0,0,0,0,0,0,127,0,0,126,123,65,57,0,0,0,67,244,125,0,0,0,0,0,54,0,0,0,0,0,0,0,0,59,55,71,0,0,70,58,0,0,0,0,0,0,0,0,0,0,
0,0,0,0,0,0,0,0,0,0,0,0,0,0,0,0,0,0,0,52,116,0,0,54,0,0,0,63,71,246,0,0,240,0,54,0,0,0,0,0,52,0,126,112,0,54,0,0,48,241,126,0,0,0,0,0,122,0,0,0,125,125,69,57,0,0,52,0,127,0,127,0,0,243,54,0,0,0,0,0,0,0,0,0,0,59,55,55,62,0,0,0,0,0,0,0,0,0,0,0,
0,0,0,0,0,0,0,56,49,49,61,0,0,0,0,0,0,0,56,64,0,0,0,65,49,61,0,0,52,121,0,240,0,116,69,57,0,0,0,60,64,0,0,0,0,54,0,0,63,67,0,0,0,0,0,0,124,0,124,0,0,0,135,69,57,0,59,67,241,115,117,123,0,0,54,0,0,0,0,0,0,0,0,0,0,0,0,0,0,0,0,0,0,0,0,0,0,0,0,0,
0,0,0,0,0,0,60,64,0,0,69,53,49,53,57,0,0,0,48,0,242,120,0,127,0,69,53,49,68,116,127,241,0,0,0,69,49,53,53,68,0,0,0,244,0,54,0,0,0,48,0,125,0,0,0,0,0,0,0,0,0,0,123,119,54,0,0,59,67,0,0,0,0,70,58,0,0,0,0,0,0,0,0,0,0,0,0,0,0,0,0,0,0,0,0,0,0,0,0,0,
0,0,0,0,0,0,48,0,116,242,121,0,245,117,69,49,49,53,68,117,243,125,0,0,0,247,116,0,0,0,0,120,0,0,244,0,0,0,0,0,0,0,0,0,0,50,0,0,0,52,0,0,116,0,0,0,0,0,0,0,0,0,133,127,69,61,0,0,63,55,55,51,55,62,0,0,0,0,0,0,0,0,0,0,0,0,0,0,0,0,0,0,0,0,0,0,0,0,0,0,
0,0,0,0,0,0,48,241,126,112,124,117,0,124,121,112,121,0,0,116,121,0,0,126,0,0,0,127,0,0,243,0,127,0,0,0,125,0,0,0,242,0,0,0,70,58,0,0,56,64,0,0,0,0,0,249,0,240,0,0,134,0,118,115,0,50,0,0,0,0,0,0,0,0,0,0,0,0,0,0,0,0,0,0,0,0,0,0,0,0,0,0,0,0,0,0,0,0,0,0,
0,0,0,0,0,0,59,67,121,0,0,0,0,0,0,114,121,126,241,0,127,0,0,0,0,0,126,0,0,112,124,0,0,0,0,0,0,0,126,0,0,0,0,70,62,0,0,0,52,0,0,255,0,0,0,116,0,0,0,0,122,120,0,0,0,54,0,0,0,0,0,0,0,0,0,0,0,0,0,0,0,0,0,0,0,0,0,0,0,0,0,0,0,0,0,0,0,0,0,0,
0,0,0,0,0,0,0,59,55,71,0,0,0,0,127,121,0,0,0,0,0,0,0,0,0,0,0,0,0,0,0,0,0,0,0,0,0,0,0,0,0,0,0,54,0,0,0,0,59,71,116,0,0,0,0,0,0,66,55,51,55,67,0,0,66,58,0,0,0,0,0,0,0,0,0,0,0,0,0,0,0,0,0,0,0,0,0,0,0,0,0,0,0,0,0,0,0,0,0,0,
0,0,0,0,0,0,0,0,0,48,0,0,0,66,67,0,0,0,0,0,127,0,0,0,0,0,240,0,0,246,0,0,0,0,125,0,0,0,0,0,125,241,0,241,61,0,0,0,0,63,67,0,130,0,0,0,0,54,0,0,0,59,51,55,62,0,0,0,0,0,0,0,0,0,0,0,0,0,0,0,0,0,0,0,0,0,0,0,0,0,0,0,0,0,0,0,0,0,0,0,
0,0,0,0,0,0,0,0,0,48,0,241,0,50,59,67,0,0,124,0,0,0,0,0,0,240,0,66,51,51,55,51,51,67,241,117,0,0,0,117,0,0,0,0,50,0,0,0,0,0,63,71,0,0,0,0,0,69,61,0,0,0,0,0,0,0,0,0,0,0,0,0,0,0,0,0,0,0,0,0,0,0,0,0,0,0,0,0,0,0,0,0,0,0,0,0,0,0,0,0,
0,0,0,0,0,0,0,56,49,68,117,0,0,65,61,59,51,71,244,0,0,0,120,246,0,0,0,50,0,0,0,0,0,48,121,124,0,0,246,127,0,244,0,66,62,0,0,0,0,0,0,48,0,0,0,0,0,0,50,0,0,0,0,0,0,0,0,0,0,0,0,0,0,0,0,0,0,0,0,0,0,0,0,0,0,0,0,0,0,0,0,0,0,0,0,0,0,0,0,0,
0,0,0,0,0,0,56,68,244,0,121,127,126,0,50,0,0,59,71,0,0,0,121,117,120,0,0,65,61,0,0,0,0,52,0,0,0,0,0,241,0,66,51,58,0,0,0,0,0,0,0,63,71,0,0,0,0,0,50,0,0,0,0,0,0,0,0,0,0,0,0,0,0,0,0,0,0,0,0,0,0,0,0,0,0,0,0,0,0,0,0,0,0,0,0,0,0,0,0,0,
0,0,0,0,0,0,48,247,116,113,0,0,0,0,65,57,0,0,63,51,55,51,55,67,0,0,0,245,50,0,0,0,0,63,71,245,0,0,0,0,0,54,0,0,0,0,0,0,0,0,0,0,52,131,0,0,0,0,50,0,0,0,0,0,0,0,0,0,0,0,0,0,0,0,0,0,0,0,0,0,0,0,0,0,0,0,0,0,0,0,0,0,0,0,0,0,0,0,0,0,
0,0,0,0,0,0,59,67,0,124,0,0,0,0,244,50,0,0,0,0,0,0,0,52,0,0,0,0,65,61,0,0,0,0,63,67,0,0,240,0,245,54,0,0,0,0,0,0,0,0,0,0,52,0,0,0,0,0,54,0,0,0,0,0,0,0,0,0,0,0,0,0,0,0,0,0,0,0,0,0,0,0,0,0,0,0,0,0,0,0,0,0,0,0,0,0,0,0,0,0,
0,0,0,0,0,0,0,52,0,0,0,66,51,55,55,62,0,0,0,0,0,0,0,63,71,246,0,127,0,65,49,61,0,0,0,59,51,55,71,0,70,58,0,0,0,0,0,0,0,0,0,0,48,0,0,0,0,0,69,49,57,0,0,0,0,0,0,0,0,0,0,0,0,0,0,0,0,0,0,0,0,0,0,0,0,0,0,0,0,0,0,0,0,0,0,0,0,0,0,0,
0,0,0,0,0,0,0,52,242,117,0,65,61,0,0,0,0,56,49,61,0,0,0,0,63,55,51,67,113,0,0,65,57,0,0,0,0,0,63,51,62,0,0,0,0,0,0,0,0,0,0,0,52,0,243,0,0,0,251,0,65,57,0,0,0,0,0,0,0,0,0,0,0,0,0,0,0,0,0,0,0,0,0,0,0,0,0,0,0,0,0,0,0,0,0,0,0,0,0,0,
0,0,0,0,0,0,0,63,55,67,0,0,65,53,61,0,56,68,0,65,49,61,0,0,0,0,0,52,120,0,0,244,54,0,0,0,0,0,0,0,0,0,0,0,0,60,53,49,53,49,61,0,63,67,116,0,0,0,0,0,128,69,53,61,0,0,0,0,0,0,0,0,0,0,0,0,0,0,0,0,0,0,0,0,0,0,0,0,0,0,0,0,0,0,0,0,0,0,0,0,
0,0,0,0,0,0,0,0,0,59,67,0,0,0,54,0,48,247,0,253,121,65,61,0,0,0,0,52,246,117,0,0,50,0,0,0,0,56,53,49,53,49,61,0,60,68,0,0,0,253,69,57,0,48,0,0,0,0,0,0,120,0,0,69,61,0,0,0,0,0,0,0,0,0,0,0,0,0,0,0,0,0,0,0,0,0,0,0,0,0,0,0,0,0,0,0,0,0,0,0,
0,0,0,0,0,0,0,0,0,0,48,0,121,0,65,61,52,120,112,0,0,0,69,61,0,0,0,59,67,120,120,66,62,0,0,0,56,64,0,245,116,126,69,53,68,0,0,251,0,0,0,69,53,68,114,0,0,0,0,0,0,0,0,0,69,57,0,0,0,0,0,0,0,0,0,0,0,0,0,0,0,0,0,0,0,0,0,0,0,0,0,0,0,0,0,0,0,0,0,0,
0,0,0,0,0,0,0,0,0,0,52,245,117,0,247,69,68,0,117,0,0,127,245,65,61,0,0,0,59,71,114,65,57,0,0,0,52,241,0,0,0,0,0,0,0,126,0,0,0,0,0,0,0,0,0,0,0,0,0,0,0,0,0,0,246,65,0,0,0,0,0,0,0,0,0,0,0,0,0,0,0,0,0,0,0,0,0,0,0,0,0,0,0,0,0,0,0,0,0,0,
0,0,0,0,0,0,0,0,0,0,59,55,67,0,124,0,0,0,0,127,0,117,125,121,69,49,53,0,56,68,66,67,65,61,0,0,52,0,126,126,0,0,0,0,0,0,0,0,0,252,0,0,252,241,0,121,0,0,0,0,249,116,0,0,120,0,54,0,0,0,0,0,0,0,0,0,0,0,0,0,0,0,0,0,0,0,0,0,0,0,0,0,0,0,0,0,0,0,0,0,
0,0,0,0,0,0,0,0,0,0,0,0,59,67,0,125,0,246,0,125,0,0,0,0,0,116,246,69,68,244,65,64,244,65,61,56,64,0,0,0,0,70,51,51,67,124,0,0,127,0,0,0,0,0,0,0,0,125,126,124,127,0,126,0,0,0,54,0,0,0,0,0,0,0,0,0,0,0,0,0,0,0,0,0,0,0,0,0,0,0,0,0,0,0,0,0,0,0,0,0,
0,0,0,0,0,0,0,0,0,0,0,0,0,48,244,0,0,0,0,0,0,0,0,0,0,125,0,0,112,0,0,117,0,120,65,68,0,244,0,0,0,69,61,0,63,51,67,0,0,126,0,0,0,114,0,0,0,124,116,102,0,137,125,121,0,0,65,61,0,0,0,0,0,0,0,0,0,0,0,0,0,0,0,0,0,0,0,0,0,0,0,0,0,0,0,0,0,0,0,0,
0,0,0,0,0,0,0,0,0,0,0,0,0,63,71,0,121,113,0,0,0,0,125,0,0,125,0,0,0,126,0,124,127,0,117,124,244,124,0,0,0,117,69,61,0,0,63,67,0,0,0,0,127,0,0,0,0,0,124,0,0,126,0,0,0,0,0,54,0,0,0,0,0,0,0,0,0,0,0,0,0,0,0,0,0,0,0,0,0,0,0,0,0,0,0,0,0,0,0,0,
0,0,0,0,0,0,0,0,0,0,0,0,0,0,48,116,246,0,0,0,0,0,0,0,124,0,0,0,0,0,0,0,0,0,126,0,0,124,0,0,0,0,0,54,0,0,0,59,67,126,0,0,0,120,0,0,0,0,0,0,136,0,0,0,0,0,66,62,0,0,0,0,0,0,0,0,0,0,0,0,0,0,0,0,0,0,0,0,0,0,0,0,0,0,0,0,0,0,0,0,
0,0,0,0,0,0,0,0,0,0,0,0,0,0,52,126,121,0,0,66,55,67,0,0,0,120,116,0,0,0,0,0,0,0,0,0,0,0,0,125,0,246,117,69,57,0,0,0,52,0,127,0,125,0,0,0,0,0,0,0,124,0,0,0,0,0,65,57,0,0,0,0,0,0,0,0,0,0,0,0,0,0,0,0,0,0,0,0,0,0,0,0,0,0,0,0,0,0,0,0,
0,0,0,0,0,0,0,0,0,0,0,0,0,0,59,55,71,0,244,54,0,48,244,121,0,116,0,0,66,55,245,117,0,127,0,127,0,0,0,0,0,0,0,0,54,0,0,0,63,71,0,0,0,0,0,0,0,0,242,250,126,124,0,0,0,0,253,69,57,0,0,0,0,0,0,0,0,0,0,0,0,0,0,0,0,0,0,0,0,0,0,0,0,0,0,0,0,0,0,0,
0,0,0,0,0,0,0,0,0,0,0,0,0,0,0,0,59,55,55,62,0,48,116,0,121,244,0,70,62,0,63,71,0,0,117,0,0,0,0,117,0,70,51,51,62,0,0,0,0,48,0,0,0,0,244,0,0,0,115,0,0,121,0,243,126,0,0,0,54,0,0,0,0,0,0,0,0,0,0,0,0,0,0,0,0,0,0,0,0,0,0,0,0,0,0,0,0,0,0,0,
0,0,0,0,0,0,0,0,0,0,0,0,0,0,0,0,0,0,0,0,0,63,71,0,0,0,0,50,0,0,0,59,51,67,0,0,117,0,0,0,0,54,0,0,0,0,0,0,0,52,0,0,125,0,0,0,0,0,0,0,0,121,0,0,127,0,0,0,65,61,0,0,0,0,0,0,0,0,0,0,0,0,0,0,0,0,0,0,0,0,0,0,0,0,0,0,0,0,0,0,
0,0,0,0,0,0,0,0,0,0,0,0,0,0,0,0,0,0,0,0,0,0,63,51,55,51,55,62,0,0,0,0,0,63,51,51,71,124,0,0,0,65,61,0,0,0,0,0,0,52,0,117,0,0,0,0,0,0,0,0,0,0,0,0,0,0,0,0,0,54,0,0,0,0,0,0,0,0,0,0,0,0,0,0,0,0,0,0,0,0,0,0,0,0,0,0,0,0,0,0,
0,0,0,0,0,0,0,0,0,0,0,0,0,0,0,0,0,0,0,0,0,0,0,0,0,0,0,0,0,0,0,0,0,0,0,0,59,67,247,246,0,245,65,57,0,0,0,0,0,48,0,126,0,127,0,0,0,0,0,0,0,0,0,0,0,66,55,51,55,62,0,0,0,0,0,0,0,0,0,0,0,0,0,0,0,0,0,0,0,0,0,0,0,0,0,0,0,0,0,0,
0,0,0,0,0,0,0,0,0,0,0,0,0,0,0,0,0,0,0,0,0,0,0,0,0,0,0,0,0,0,0,0,0,0,0,0,0,63,67,244,0,249,0,50,0,0,0,0,0,52,254,0,0,0,121,120,0,0,0,0,0,0,0,0,70,58,0,0,0,0,0,0,0,0,0,0,0,0,0,0,0,0,0,0,0,0,0,0,0,0,0,0,0,0,0,0,0,0,0,0,
0,0,0,0,0,0,0,0,0,0,0,0,0,0,0,0,0,0,0,0,0,0,0,0,0,0,0,0,0,0,0,0,0,0,0,0,0,0,63,55,71,244,0,54,0,0,0,0,0,63,71,0,0,0,114,0,0,0,0,0,0,0,0,0,54,0,0,0,0,0,0,0,0,0,0,0,0,0,0,0,0,0,0,0,0,0,0,0,0,0,0,0,0,0,0,0,0,0,0,0,
0,0,0,0,0,0,0,0,0,0,0,0,0,0,0,0,0,0,0,0,0,0,0,0,0,0,0,0,0,0,0,0,0,0,0,0,0,0,0,0,59,51,51,58,0,0,0,0,0,0,48,125,0,0,0,0,0,0,0,0,0,0,0,70,58,0,0,0,0,0,0,0,0,0,0,0,0,0,0,0,0,0,0,0,0,0,0,0,0,0,0,0,0,0,0,0,0,0,0,0,
0,0,0,0,0,0,0,0,0,0,0,0,0,0,0,0,0,0,0,0,0,0,0,0,0,0,0,0,0,0,0,0,0,0,0,0,0,0,0,0,0,0,0,0,0,0,0,0,0,0,48,0,0,0,124,0,114,0,0,0,0,0,0,54,0,0,0,0,0,0,0,0,0,0,0,0,0,0,0,0,0,0,0,0,0,0,0,0,0,0,0,0,0,0,0,0,0,0,0,0,
0,0,0,0,0,0,0,0,0,0,0,0,0,0,0,0,0,0,0,0,0,0,0,0,0,0,0,0,0,0,0,0,0,0,0,0,0,0,0,0,0,0,0,0,0,0,0,0,0,0,48,95,95,95,95,0,0,0,0,0,0,0,0,50,0,0,0,0,0,0,0,0,0,0,0,0,0,0,0,0,0,0,0,0,0,0,0,0,0,0,0,0,0,0,0,0,0,0,0,0,
0,0,0,0,0,0,0,0,0,0,0,0,0,0,0,0,0,0,0,0,0,0,0,0,0,0,0,0,0,0,0,0,0,0,0,0,0,0,0,0,0,0,0,0,0,0,0,0,0,0,0,0,0,0,0,0,0,134,0,134,0,134,0,0,0,0,0,0,0,0,0,0,0,0,0,0,0,0,0,0,0,0,0,0,0,0,0,0,0,0,0,0,0,0,0,0,0,0,0,0,
0,0,0,0,0,0,0,0,0,0,0,0,0,0,0,0,0,0,0,0,0,0,0,0,0,0,0,0,0,0,0,0,0,0,0,0,0,0,0,0,0,0,0,0,0,0,0,0,0,0,0,0,0,0,0,0,0,0,0,0,0,0,0,0,0,0,0,0,0,0,0,0,0,0,0,0,0,0,0,0,0,0,0,0,0,0,0,0,0,0,0,0,0,0,0,0,0,0,0,0

[layer]
type=collision
data=
3,3,3,3,3,3,3,3,3,3,3,3,3,3,3,3,3,3,3,3,3,3,3,3,3,3,3,3,3,3,3,3,3,3,3,3,3,3,3,3,3,3,3,3,3,3,3,3,3,3,3,3,3,3,3,3,3,3,3,3,3,3,3,3,3,3,3,3,3,3,3,3,3,3,3,3,3,3,3,3,3,3,3,3,3,3,3,3,3,3,3,3,3,3,3,3,3,3,3,3,
3,3,3,3,3,3,3,3,3,3,3,3,3,3,3,3,3,3,3,3,3,3,3,3,3,3,3,3,3,3,3,3,3,3,3,3,3,3,3,3,3,1,2,2,2,2,2,2,1,3,3,3,3,3,3,3,3,3,3,3,3,3,3,3,3,3,3,3,3,3,3,3,3,3,3,3,3,3,3,3,3,3,3,3,3,3,3,3,3,3,3,3,3,3,3,3,3,3,3,3,
3,3,3,3,1,1,1,3,3,3,3,3,3,3,3,3,3,3,3,3,3,3,3,3,3,3,3,3,3,3,3,3,3,3,3,3,3,3,3,3,3,1,2,2,2,2,2,2,1,3,3,3,3,3,3,3,3,3,3,3,3,3,3,3,3,3,3,3,3,3,3,3,3,3,3,3,3,3,3,3,3,3,3,3,3,3,3,3,3,3,3,3,3,3,3,3,3,3,3,3,
3,3,3,3,1,0,1,1,1,1,3,3,3,3,3,3,3,3,3,3,3,3,3,3,3,3,3,3,3,3,3,3,3,3,3,3,3,3,3,3,3,1,2,1,2,2,2,2,1,3,3,3,3,3,3,3,3,3,3,3,3,3,3,3,3,3,3,3,3,3,3,3,3,3,3,3,3,3,3,3,3,3,3,3,3,3,3,3,3,3,3,3,3,3,3,3,3,3,3,3,
3,3,1,1,1,0,0,0,0,1,1,3,3,3,3,3,3,3,3,3,3,3,3,3,3,3,3,3,3,3,3,1,1,1,3,3,3,3,3,3,3,1,1,2,2,2,2,2,1,1,3,3,3,3,3,3,3,3,3,3,3,3,3,3,3,3,3,3,3,3,3,3,3,3,3,3,3,3,3,3,3,3,3,3,3,3,3,3,3,3,3,3,3,3,3,3,3,3,3,3,
3,1,1,1,0,0,0,0,1,0,1,1,3,3,3,3,3,3,3,3,3,3,3,3,3,3,3,3,3,3,1,1,0,1,3,3,3,3,3,3,3,3,1,1,2,2,2,2,2,1,1,1,1,3,3,3,3,3,3,3,3,3,3,3,3,3,3,3,3,3,3,3,3,3,3,3,3,3,3,3,3,3,3,3,3,3,3,3,3,3,3,3,3,3,3,3,3,3,3,3,
3,0,0,0,0,0,0,0,0,0,0,1,1,1,1,3,3,3,3,3,3,1,1,1,1,3,3,3,3,1,1,1,0,1,3,3,3,3,3,3,3,3,3,1,2,2,2,2,2,0,1,0,1,3,3,3,3,3,3,3,3,3,3,3,3,1,1,1,1,3,3,3,3,3,3,3,3,3,3,3,3,3,3,3,3,3,3,3,3,3,3,3,3,3,3,3,3,3,3,3,
3,0,0,0,0,1,0,0,1,0,0,0,0,0,1,1,3,3,3,1,1,1,0,0,1,1,1,3,1,1,0,0,0,1,1,1,3,3,3,3,3,3,3,1,1,1,2,2,2,2,0,0,1,1,1,1,1,3,3,3,3,3,3,3,3,1,0,0,1,1,1,1,3,3,3,3,3,3,3,3,3,3,3,3,3,3,3,3,3,3,3,3,3,3,3,3,3,3,3,3,
3,0,0,0,0,0,0,0,0,0,0,0,0,0,0,1,3,3,1,1,1,0,0,1,0,4,1,3,1,0,1,0,0,0,0,1,1,1,3,3,3,3,3,3,1,2,2,2,2,2,2,0,0,0,0,0,1,3,3,3,1,1,1,1,3,1,0,0,0,0,0,1,3,3,3,3,3,3,3,3,3,3,3,3,3,3,3,3,3,3,3,3,3,3,3,3,3,3,3,3,
3,0,0,0,0,0,0,0,0,0,0,0,0,1,0,1,3,3,1,0,0,0,0,0,0,0,1,1,1,0,0,0,0,0,0,1,0,1,3,3,3,3,3,3,1,2,2,2,2,2,2,2,0,1,0,0,1,1,3,3,1,0,1,1,1,1,0,0,1,0,0,1,3,3,3,3,3,3,3,3,3,3,3,3,3,3,3,3,3,3,3,3,3,3,3,3,3,3,3,3,
3,1,1,1,0,0,0,0,0,0,0,0,0,0,0,1,3,3,1,0,1,0,0,0,0,0,0,0,0,0,0,0,0,0,0,0,0,1,3,3,3,3,3,3,1,1,2,2,2,2,2,1,0,0,0,1,0,1,1,3,1,1,0,0,0,0,0,0,0,0,0,1,3,3,3,3,3,3,3,3,3,3,3,3,3,3,3,3,3,3,3,3,3,3,3,3,3,3,3,3,
3,3,3,1,1,0,0,0,0,0,0,0,0,0,0,1,1,3,1,1,1,0,0,0,0,0,0,0,0,0,0,0,0,0,0,0,0,1,1,3,3,3,3,3,3,1,2,2,2,2,2,0,0,0,0,0,0,0,1,3,3,1,0,0,0,0,0,0,0,0,1,1,3,3,3,3,3,3,3,3,3,3,3,1,1,1,3,3,3,3,3,3,3,3,3,3,3,3,3,3,
3,3,3,3,1,1,0,0,0,0,0,0,0,0,0,1,1,3,3,3,1,0,0,0,0,0,1,1,1,1,0,0,0,0,0,0,0,0,1,3,3,3,3,3,3,3,1,2,2,2,2,0,0,0,0,0,0,0,1,1,3,1,0,0,1,0,0,0,0,0,1,3,3,3,3,3,3,3,3,3,3,3,1,1,0,1,1,1,3,3,3,3,3,3,3,3,3,3,3,3,
3,3,3,3,3,1,0,0,1,0,0,0,1,0,1,1,3,3,3,3,1,1,0,0,0,0,1,3,3,1,1,1,0,0,0,0,0,1,1,3,3,1,1,1,3,3,1,2,2,2,2,0,0,0,0,0,0,1,0,1,1,1,0,0,0,0,0,1,0,0,1,1,1,3,3,3,3,3,3,3,3,1,1,1,0,0,0,1,1,3,3,3,3,3,3,3,3,3,3,3,
3,3,3,3,3,1,1,0,0,0,0,0,0,0,1,3,3,3,1,1,1,1,0,0,0,0,1,1,1,3,3,1,0,1,0,0,0,1,3,3,1,1,0,1,1,1,1,2,2,2,2,2,2,0,0,0,0,0,0,0,0,0,0,0,0,0,0,0,0,0,0,0,1,3,3,3,3,3,3,3,3,1,0,0,0,0,0,1,1,3,3,3,3,3,3,3,3,3,3,3,
3,3,3,3,3,1,1,0,0,0,0,0,1,1,1,3,3,1,1,0,0,4,0,0,0,0,0,0,1,1,3,1,1,0,0,0,0,1,1,1,1,0,1,0,0,0,2,1,2,2,2,2,2,0,0,0,0,0,0,0,0,0,0,0,0,0,0,0,0,0,0,1,1,1,3,3,3,3,1,1,1,1,0,1,0,1,0,0,1,1,3,3,3,3,3,3,3,3,3,3,
3,3,3,3,3,3,1,1,1,0,0,0,1,3,3,3,1,1,0,0,0,0,0,0,0,0,0,1,0,1,1,3,1,1,1,0,0,0,0,0,0,0,0,0,0,0,0,0,0,0,0,0,0,0,0,0,0,0,0,0,0,0,0,0,0,0,0,0,0,0,0,0,0,1,3,1,1,1,1,0,1,1,0,0,0,0,0,0,0,1,1,3,3,3,3,3,3,3,3,3,
3,3,3,3,3,3,3,3,1,1,0,0,1,1,3,3,1,1,0,0,1,0,0,0,1,1,1,0,0,0,1,3,3,3,1,0,0,0,0,0,0,0,0,0,0,0,2,2,2,2,2,2,2,0,0,0,0,0,0,0,1,1,1,0,0,0,0,0,0,0,0,0,1,1,3,1,0,0,0,0,0,0,0,0,4,0,0,4,0,0,1,3,3,3,3,3,3,3,3,3,
3,3,3,3,3,3,3,3,1,1,0,0,0,1,3,3,1,1,0,0,0,0,0,0,1,3,1,1,1,0,1,3,3,3,1,1,1,0,0,0,0,0,1,1,0,2,2,2,2,2,2,2,2,0,0,0,0,0,0,0,1,3,1,1,0,1,0,0,0,0,0,1,1,3,1,1,0,0,0,0,1,0,0,0,0,0,0,4,4,0,1,1,3,3,3,3,3,3,3,3,
3,3,3,3,3,3,3,3,3,1,1,0,0,1,3,3,3,1,0,0,0,0,0,0,1,3,3,3,1,1,1,3,3,3,3,1,0,0,0,0,1,1,1,1,1,2,2,2,2,2,2,2,2,2,0,0,0,1,0,0,1,3,3,1,0,0,0,0,0,0,0,1,1,3,1,1,0,0,0,1,0,0,0,0,0,4,0,0,0,0,0,1,3,3,3,3,3,3,3,3,
3,3,3,3,3,3,3,3,3,3,1,0,0,1,1,1,3,1,0,0,0,0,0,0,1,1,3,3,3,3,3,3,3,3,3,1,1,1,1,1,1,3,3,3,1,2,2,2,2,2,2,2,2,2,0,0,0,0,0,1,1,3,3,1,0,0,1,1,1,0,0,0,1,3,1,1,0,0,0,0,0,0,0,0,0,0,0,0,0,4,0,1,1,3,3,3,3,3,3,3,
3,3,3,3,3,3,3,3,3,3,1,0,0,0,1,1,1,1,0,0,0,0,0,0,0,1,1,1,3,3,3,3,3,3,3,3,3,3,3,3,3,3,3,3,1,2,1,2,2,2,2,2,2,2,0,0,1,0,1,1,3,3,3,1,1,1,1,3,1,0,0,0,1,1,3,1,0,0,0,0,0,0,0,1,0,0,0,0,0,0,0,0,1,3,3,3,3,3,3,3,
3,3,3,3,3,3,3,3,3,3,1,1,0,0,0,0,0,1,0,0,1,0,0,0,0,0,0,1,3,3,3,3,3,3,3,3,3,3,3,3,3,3,3,3,1,1,2,2,2,2,2,2,2,2,0,0,0,1,1,3,3,3,3,3,3,3,3,3,1,0,0,1,0,1,1,1,0,0,0,0,1,1,1,1,0,0,0,0,4,4,0,0,1,3,3,3,3,3,3,3,
3,3,3,3,3,3,3,3,3,3,3,1,0,0,0,0,0,0,0,0,0,1,1,1,0,1,0,0,1,1,3,3,3,3,3,3,3,3,3,3,3,3,3,3,3,1,2,2,2,2,2,2,2,2,1,1,1,1,3,3,3,3,3,3,3,3,3,3,1,1,1,0,0,0,0,1,0,0,0,0,1,1,3,1,1,1,0,0,299,0,0,0,1,3,3,3,3,3,3,3,
3,3,3,3,3,3,3,3,3,3,3,1,1,0,0,0,0,0,0,0,1,1,3,1,1,1,0,0,0,1,3,3,3,3,3,3,3,3,3,3,3,3,3,3,3,1,1,2,2,2,2,2,2,2,3,3,3,3,3,3,3,3,3,3,3,3,3,3,3,3,1,0,0,0,0,0,0,0,0,1,1,3,3,3,3,1,1,0,0,1,1,1,1,3,3,3,3,3,3,3,
3,3,3,3,3,3,3,3,3,3,1,1,1,0,0,0,0,0,0,1,1,3,3,3,3,1,0,0,0,1,1,3,3,3,3,3,3,3,3,3,3,3,3,3,3,3,1,1,2,2,2,2,2,2,1,3,3,3,3,3,3,3,3,3,3,3,3,3,3,3,1,0,0,0,0,0,0,0,0,1,3,3,3,3,3,3,1,1,1,1,1,3,3,3,3,3,3,3,3,3,
3,3,3,3,3,3,3,3,3,3,1,1,0,0,0,0,0,0,0,1,3,3,3,3,3,1,1,0,0,0,1,1,3,3,3,3,3,3,3,3,3,3,3,1,1,1,1,1,2,2,2,2,2,2,3,3,3,3,3,1,1,1,1,3,3,3,3,3,3,3,1,1,0,1,0,0,0,0,0,1,3,3,3,3,3,3,1,1,0,0,1,1,3,3,3,3,3,3,3,3,
3,3,3,3,3,3,3,3,3,3,1,0,0,0,0,0,0,0,0,1,3,3,3,3,3,3,1,1,0,0,0,1,3,3,3,3,3,3,3,3,3,3,3,1,1,0,0,0,0,2,2,2,2,2,2,3,1,1,1,1,0,0,1,1,3,3,3,3,3,3,3,1,0,0,0,0,0,0,0,1,1,1,3,3,3,3,1,1,0,0,1,1,3,3,3,3,3,3,3,3,
3,3,3,3,3,3,3,3,3,3,1,1,0,1,0,0,0,0,0,1,3,3,3,3,3,3,1,1,0,0,0,1,3,3,3,3,3,3,3,3,3,3,1,1,0,0,0,1,2,2,2,2,2,2,2,1,1,0,0,0,0,1,0,1,3,3,3,3,3,3,1,1,0,0,0,0,0,1,0,0,0,1,1,1,3,3,1,0,1,0,0,1,1,3,3,3,3,3,3,3,
3,3,3,3,3,3,3,3,3,3,3,1,1,1,0,0,0,0,0,1,1,1,3,3,3,3,3,1,0,0,0,1,3,3,3,3,3,1,1,1,3,1,1,0,0,0,0,0,2,2,2,2,2,2,2,0,0,1,0,0,0,0,0,1,3,3,3,3,3,3,1,0,0,0,0,0,0,0,0,0,0,0,1,1,1,1,1,1,1,0,0,0,1,1,1,3,3,3,3,3,
3,3,3,3,3,3,3,3,3,3,3,3,3,1,0,0,1,0,0,0,0,1,1,3,3,3,1,1,0,0,1,1,3,3,3,1,1,1,1,1,1,1,0,1,0,0,0,0,0,2,2,2,2,2,2,2,1,0,0,0,0,0,0,1,1,3,3,3,3,3,1,1,1,0,0,1,0,1,1,1,1,0,0,0,0,1,1,1,0,0,0,0,1,0,1,3,3,3,3,3,
3,3,3,3,3,3,3,3,3,3,3,3,3,1,1,1,0,1,1,0,0,0,1,3,1,1,1,0,0,0,1,3,3,3,1,1,0,0,0,0,0,0,0,0,0,0,0,0,0,0,0,0,0,0,0,0,0,0,0,0,0,0,0,0,1,3,3,3,3,3,3,1,0,0,1,1,1,1,3,3,1,0,0,0,0,0,0,0,0,0,0,0,0,0,1,3,3,3,3,3,
3,3,3,3,3,3,3,3,1,1,1,1,3,3,1,1,1,1,1,0,1,0,1,1,1,1,0,0,0,0,1,3,3,1,1,1,0,0,0,0,0,0,0,0,0,0,0,0,0,2,2,2,2,2,2,2,0,0,0,0,0,0,0,0,1,1,1,3,3,3,3,1,1,1,1,3,3,3,3,3,1,1,0,0,0,0,0,0,0,0,0,0,1,1,1,3,3,3,3,3,
3,3,3,3,3,3,3,1,1,0,1,1,1,1,3,3,3,3,1,1,0,0,0,0,0,0,0,0,1,1,1,3,3,1,1,0,0,0,0,0,0,0,0,0,0,0,0,0,0,0,2,2,2,2,2,2,0,0,0,0,0,0,0,0,1,0,1,3,3,3,3,3,3,3,3,3,3,1,1,1,3,1,0,1,0,0,0,0,0,0,1,1,1,3,3,3,3,3,3,3,
3,3,3,3,3,3,3,1,0,0,1,0,0,1,3,3,3,3,3,1,1,1,1,0,0,0,0,0,1,3,3,3,3,1,1,0,0,0,0,0,1,1,1,1,0,0,0,0,0,0,2,2,2,2,2,2,0,0,0,0,0,0,0,0,0,0,1,3,3,3,3,3,3,3,3,3,1,1,1,1,3,1,0,0,0,0,0,0,0,0,1,3,3,3,3,3,3,3,3,3,
3,3,3,3,3,3,3,1,1,0,0,0,0,1,1,1,1,3,3,3,3,3,1,1,0,0,1,0,1,3,3,3,3,3,1,0,0,0,0,1,1,3,3,1,1,0,1,0,0,2,2,2,2,2,2,2,0,0,0,0,0,0,0,0,0,0,1,3,3,3,3,3,3,1,1,1,1,0,0,1,1,1,0,0,0,0,0,0,0,0,1,3,3,3,3,3,3,3,3,3,
3,3,3,3,3,3,3,1,0,4,4,0,0,0,1,0,1,1,1,1,3,3,3,1,1,1,1,1,1,3,3,3,3,3,1,0,0,0,0,1,1,3,3,3,1,1,1,0,0,2,2,2,2,2,2,2,2,0,0,0,0,0,0,0,0,0,1,3,3,3,3,3,3,1,1,0,0,0,0,0,0,0,0,0,0,0,0,0,0,0,1,1,3,3,3,3,3,3,3,3,
3,3,3,3,3,3,3,1,1,0,0,0,0,0,0,0,0,0,0,1,1,1,3,3,3,3,1,1,1,3,3,3,3,3,1,0,1,0,0,0,1,1,3,3,3,3,1,1,1,2,2,2,2,2,2,2,2,0,0,0,0,0,1,0,0,0,1,1,3,3,3,1,1,1,0,0,0,0,0,0,0,0,0,0,0,0,0,0,0,1,0,1,3,3,3,3,3,3,3,3,
3,3,3,3,3,3,3,1,1,0,0,0,0,0,0,0,0,0,0,1,0,1,1,3,3,3,3,3,3,3,3,3,3,3,1,1,0,0,0,0,0,1,1,3,3,3,3,3,1,2,1,2,2,2,2,2,2,0,0,1,1,1,0,0,1,0,0,1,1,3,1,1,0,0,0,0,1,1,1,1,0,0,0,0,0,0,0,0,0,0,0,1,3,3,3,3,3,3,3,3,
3,3,3,3,3,3,3,3,1,0,0,0,0,0,0,0,0,0,0,0,0,0,1,3,3,3,3,3,1,1,1,1,3,3,3,1,1,1,1,0,0,1,1,3,3,3,3,3,1,2,2,2,2,2,2,2,2,0,0,1,3,1,1,1,0,0,0,0,1,1,1,0,0,0,0,0,1,3,3,1,1,1,1,0,0,0,0,0,0,0,0,1,1,3,3,3,3,3,3,3,
3,3,3,3,3,3,3,3,1,1,1,0,1,0,1,1,1,1,0,0,0,0,1,3,3,3,3,1,1,0,0,1,1,3,3,3,3,3,1,1,0,0,1,1,1,3,3,1,1,2,2,2,2,2,2,2,1,0,0,1,3,3,3,1,1,1,0,0,0,0,0,0,0,0,0,1,1,3,3,3,3,3,1,0,1,0,1,0,0,0,1,1,1,3,3,3,3,3,3,3,
3,3,3,3,3,3,3,3,3,3,1,1,1,1,1,3,1,1,1,1,0,0,1,3,3,3,3,1,0,1,0,0,1,3,3,3,3,3,3,1,1,0,0,1,1,3,3,1,0,1,2,2,2,2,2,2,0,0,0,1,1,1,3,3,3,1,0,0,0,0,0,0,0,0,1,1,3,3,3,3,3,3,1,1,0,0,0,0,1,1,1,3,3,3,3,3,3,3,3,3,
3,3,3,3,3,3,3,3,3,3,3,3,3,3,3,3,3,3,3,1,0,1,1,1,3,3,3,1,0,0,0,0,1,1,1,3,3,3,3,3,1,0,0,0,1,1,3,1,1,0,2,2,2,2,2,2,2,0,0,0,0,1,1,3,3,3,1,1,0,0,0,0,0,0,1,3,3,3,3,3,3,3,3,1,1,1,0,0,1,1,3,3,3,3,3,3,3,3,3,3,
3,3,3,3,3,3,3,3,3,3,3,3,3,3,3,3,3,3,3,1,0,0,0,1,3,3,3,1,1,0,0,0,1,0,1,3,3,3,3,3,1,0,0,0,0,1,3,3,1,1,2,2,2,2,2,2,2,0,0,0,0,0,1,1,3,3,1,0,0,0,0,0,0,1,1,3,3,3,3,3,3,3,3,3,3,1,1,1,1,3,3,3,3,3,3,3,3,3,3,3,
3,3,3,3,3,3,3,1,1,1,1,3,3,3,3,3,3,3,1,1,0,0,0,1,1,1,3,3,1,0,0,1,0,0,1,1,3,3,3,1,1,0,0,0,0,1,3,3,1,1,2,2,2,2,2,2,0,0,0,0,0,0,1,1,1,3,1,1,1,0,0,0,0,0,1,3,3,3,3,3,3,3,3,3,3,3,3,3,3,3,3,3,3,3,3,3,3,3,3,3,
3,3,3,3,3,3,1,1,0,0,1,1,1,1,1,3,3,3,1,0,1,0,0,0,0,1,1,1,1,0,0,1,0,0,0,1,1,1,1,1,0,0,0,1,0,1,3,3,3,1,0,2,2,2,2,0,0,0,0,0,0,0,0,0,1,3,3,1,1,0,0,0,0,1,1,3,3,3,3,3,3,3,3,3,3,3,3,3,3,3,3,3,3,3,3,3,3,3,3,3,
3,3,3,3,3,3,1,0,0,1,0,0,1,0,1,1,1,1,1,0,1,0,0,0,0,1,0,0,0,0,0,0,0,0,1,0,0,0,0,0,0,0,0,0,0,1,3,3,3,1,0,2,2,2,2,0,0,0,0,0,0,0,1,0,1,1,3,3,1,1,1,1,1,1,3,3,3,3,3,3,3,3,3,3,3,3,3,3,3,3,3,3,3,3,3,3,3,3,3,3,
3,3,3,3,3,3,1,1,0,0,0,0,0,0,0,0,0,0,0,0,0,0,0,0,0,0,0,0,0,0,1,0,0,0,0,0,0,0,0,0,1,0,0,0,1,1,3,3,1,1,0,2,2,2,2,1,0,1,0,0,1,0,0,0,0,1,3,3,3,3,3,3,3,3,3,3,3,3,3,3,3,3,3,3,3,3,3,3,3,3,3,3,3,3,3,3,3,3,3,3,
3,3,3,3,3,3,1,1,0,0,0,0,0,0,0,0,0,0,1,0,0,0,0,0,0,0,0,0,0,0,0,0,0,0,0,0,0,0,0,0,0,0,0,1,1,3,3,3,1,0,2,1,2,2,2,2,2,0,0,0,0,0,0,0,0,1,3,3,3,3,3,3,3,3,3,3,3,3,3,3,3,3,3,3,3,3,3,3,3,3,3,3,3,3,3,3,3,3,3,3,
3,3,3,3,3,3,3,1,1,1,0,0,0,0,0,0,0,0,0,0,0,0,0,0,0,0,0,0,0,0,0,0,0,0,0,0,0,0,0,0,0,0,1,1,3,3,3,3,1,1,2,2,2,2,2,2,2,1,1,1,1,1,0,0,1,1,3,3,3,3,3,3,3,3,3,3,3,3,3,3,3,3,3,3,3,3,3,3,3,3,3,3,3,3,3,3,3,3,3,3,
3,3,3,3,3,3,3,3,3,1,0,0,0,1,1,0,0,0,0,0,0,0,0,0,0,0,1,0,0,1,0,0,0,0,0,0,0,0,0,0,0,1,0,1,1,3,3,3,3,1,1,2,2,2,2,2,2,1,3,3,3,1,1,1,1,3,3,3,3,3,3,3,3,3,3,3,3,3,3,3,3,3,3,3,3,3,3,3,3,3,3,3,3,3,3,3,3,3,3,3,
3,3,3,3,3,3,3,3,3,1,0,1,0,1,1,1,0,0,0,0,0,0,0,0,0,1,0,1,1,1,1,1,1,1,1,0,0,0,0,0,0,0,0,0,1,3,3,3,3,3,1,1,2,2,2,2,2,1,1,3,3,3,3,3,3,3,3,3,3,3,3,3,3,3,3,3,3,3,3,3,3,3,3,3,3,3,3,3,3,3,3,3,3,3,3,3,3,3,3,3,
3,3,3,3,3,3,3,1,1,1,0,0,0,1,1,1,1,1,1,0,0,0,0,1,0,0,0,1,3,3,3,3,3,1,0,0,0,0,1,0,0,1,0,1,1,3,3,3,3,3,3,1,2,2,2,2,2,2,1,3,3,3,3,3,3,3,3,3,3,3,3,3,3,3,3,3,3,3,3,3,3,3,3,3,3,3,3,3,3,3,3,3,3,3,3,3,3,3,3,3,
3,3,3,3,3,3,1,1,1,0,0,0,0,0,1,1,3,1,1,0,0,0,0,0,0,0,0,1,1,3,3,3,3,1,0,0,0,0,0,1,0,1,1,1,3,3,3,3,3,3,3,1,1,2,2,2,2,2,1,3,3,3,3,3,3,3,3,3,3,3,3,3,3,3,3,3,3,3,3,3,3,3,3,3,3,3,3,3,3,3,3,3,3,3,3,3,3,3,3,3,
3,3,3,3,3,3,1,1,0,0,0,0,0,0,0,1,3,3,1,1,1,1,1,1,0,0,0,1,1,3,3,3,3,1,1,1,0,0,0,0,0,1,3,3,3,3,3,3,3,3,3,3,1,2,2,2,2,2,1,3,3,3,3,3,3,3,3,3,3,3,3,3,3,3,3,3,3,3,3,3,3,3,3,3,3,3,3,3,3,3,3,3,3,3,3,3,3,3,3,3,
3,3,3,3,3,3,1,1,0,0,0,0,0,0,1,1,3,3,3,1,1,3,3,1,0,0,0,0,1,1,3,3,3,3,1,1,0,0,1,0,1,1,3,3,3,3,3,3,3,3,3,3,1,2,2,2,2,2,1,3,3,3,3,3,3,3,3,3,3,3,3,3,3,3,3,3,3,3,3,3,3,3,3,3,3,3,3,3,3,3,3,3,3,3,3,3,3,3,3,3,
3,3,3,3,3,3,3,1,0,0,0,1,1,1,1,1,3,3,3,3,3,3,3,1,1,0,0,0,0,1,1,1,3,3,3,1,1,1,1,0,1,1,3,3,3,3,3,3,3,3,3,3,1,2,2,2,2,2,1,1,1,3,3,3,3,3,3,3,3,3,3,3,3,3,3,3,3,3,3,3,3,3,3,3,3,3,3,3,3,3,3,3,3,3,3,3,3,3,3,3,
3,3,3,3,3,3,3,1,1,0,0,1,1,3,3,3,3,1,1,1,3,3,3,3,1,1,1,1,0,0,1,1,1,3,3,3,3,3,1,1,1,3,3,3,3,3,3,3,3,3,3,3,1,2,2,2,2,2,1,2,1,1,3,3,3,3,3,3,3,3,3,3,3,3,3,3,3,3,3,3,3,3,3,3,3,3,3,3,3,3,3,3,3,3,3,3,3,3,3,3,
3,3,3,3,3,3,3,1,1,1,0,0,1,1,1,3,1,1,0,1,1,1,3,3,3,3,3,1,0,0,0,0,1,3,3,3,3,3,3,3,3,3,3,3,3,1,1,1,1,1,1,3,1,1,2,2,2,2,2,2,2,1,1,1,3,3,3,3,3,3,3,3,3,3,3,3,3,3,3,3,3,3,3,3,3,3,3,3,3,3,3,3,3,3,3,3,3,3,3,3,
3,3,3,3,3,3,3,3,3,1,1,0,0,0,1,3,1,1,0,1,0,1,1,3,3,3,3,1,1,0,0,0,1,3,3,3,3,1,1,1,1,1,1,3,1,1,0,0,0,0,1,1,3,1,2,2,2,2,2,2,2,2,2,1,1,3,3,3,3,3,3,3,3,3,3,3,3,3,3,3,3,3,3,3,3,3,3,3,3,3,3,3,3,3,3,3,3,3,3,3,
3,3,3,3,3,3,3,3,3,3,1,0,0,0,1,1,1,0,0,0,0,0,1,1,3,3,3,1,1,0,0,1,1,3,3,3,1,1,0,1,0,0,1,1,1,0,0,0,0,0,1,1,1,1,2,2,2,2,2,2,2,2,2,2,1,1,3,3,3,3,3,3,3,3,3,3,3,3,3,3,3,3,3,3,3,3,3,3,3,3,3,3,3,3,3,3,3,3,3,3,
3,3,3,3,3,3,3,3,3,3,1,1,0,0,1,1,1,0,0,0,0,0,1,1,1,3,3,3,1,1,0,1,1,3,3,3,1,1,0,0,0,0,0,0,0,0,0,0,0,0,0,0,0,2,2,2,2,2,2,2,2,2,2,2,1,1,3,3,3,3,3,3,3,3,3,3,3,3,3,3,3,3,3,3,3,3,3,3,3,3,3,3,3,3,3,3,3,3,3,3,
3,3,3,3,3,3,3,3,3,3,1,1,1,0,0,0,0,0,0,0,0,0,0,0,1,1,1,3,1,1,1,1,1,1,3,3,1,0,0,0,0,0,0,0,0,0,0,0,0,1,0,0,1,1,2,2,2,2,2,0,1,2,2,2,2,2,1,3,3,3,3,3,3,3,3,3,3,3,3,3,3,3,3,3,3,3,3,3,3,3,3,3,3,3,3,3,3,3,3,3,
3,3,3,3,3,3,3,3,3,3,3,3,1,1,0,0,0,1,0,0,0,0,0,0,0,0,1,1,1,1,1,1,1,1,1,1,1,0,0,0,0,1,1,1,1,0,0,0,0,0,0,0,2,2,2,2,2,2,2,0,0,0,2,2,2,2,1,3,3,3,3,3,3,3,3,3,3,3,3,3,3,3,3,3,3,3,3,3,3,3,3,3,3,3,3,3,3,3,3,3,
3,3,3,3,3,3,3,3,3,3,3,3,3,1,1,0,0,0,0,0,0,0,0,0,0,0,0,0,0,0,0,0,0,0,1,1,0,1,0,0,0,1,1,3,1,1,1,0,0,0,0,0,2,2,2,2,2,0,0,4,0,4,2,2,2,2,1,1,3,3,3,3,3,3,3,3,3,3,3,3,3,3,3,3,3,3,3,3,3,3,3,3,3,3,3,3,3,3,3,3,
3,3,3,3,3,3,3,3,3,3,3,3,3,1,1,0,0,0,0,0,0,0,0,0,0,0,0,0,0,0,0,0,0,0,0,0,1,0,0,0,0,0,1,1,3,3,1,1,0,0,0,0,0,2,2,2,2,0,0,0,0,0,0,2,2,2,2,1,1,3,3,3,3,3,3,3,3,3,3,3,3,3,3,3,3,3,3,3,3,3,3,3,3,3,3,3,3,3,3,3,
3,3,3,3,3,3,3,3,3,3,3,3,3,3,1,0,1,0,0,0,0,0,0,0,0,0,0,0,0,0,0,0,0,0,0,0,0,0,0,0,0,0,0,1,3,3,3,1,1,0,0,0,0,2,2,2,2,0,0,0,4,0,0,0,2,2,1,1,1,3,3,3,3,3,3,3,3,3,3,3,3,3,3,3,3,3,3,3,3,3,3,3,3,3,3,3,3,3,3,3,
3,3,3,3,3,3,3,3,3,3,3,3,3,3,1,0,0,0,0,1,1,1,0,0,0,0,0,0,0,0,0,0,0,0,0,0,0,0,0,0,0,1,0,1,1,3,3,3,1,0,0,0,0,2,2,2,2,2,0,0,0,0,0,0,2,2,1,1,3,3,3,3,3,3,3,3,3,3,3,3,3,3,3,3,3,3,3,3,3,3,3,3,3,3,3,3,3,3,3,3,
3,3,3,3,3,3,3,3,3,3,3,3,3,3,1,1,1,0,1,1,3,1,1,0,0,0,0,0,1,1,1,0,0,0,0,0,0,0,0,0,0,0,0,0,1,3,3,3,1,1,0,0,0,0,2,2,2,2,1,1,2,0,0,0,2,2,1,1,1,3,3,3,3,3,3,3,3,3,3,3,3,3,3,3,3,3,3,3,3,3,3,3,3,3,3,3,3,3,3,3,
3,3,3,3,3,3,3,3,3,3,3,3,3,3,3,3,1,1,1,1,3,1,0,0,0,1,0,1,1,3,1,1,0,0,0,0,0,0,0,0,0,1,1,1,1,3,3,3,3,1,0,0,0,0,1,2,2,2,2,2,2,2,2,2,1,2,2,2,1,3,3,3,3,3,3,3,3,3,3,3,3,3,3,3,3,3,3,3,3,3,3,3,3,3,3,3,3,3,3,3,
3,3,3,3,3,3,3,3,3,3,3,3,3,3,3,3,3,3,3,3,3,1,1,0,0,0,0,1,3,3,3,1,1,1,0,0,0,0,0,0,0,1,3,1,1,3,3,3,3,1,0,0,0,0,0,2,2,2,2,2,2,2,2,2,2,2,2,2,1,1,3,3,3,3,3,3,3,3,3,3,3,3,3,3,3,3,3,3,3,3,3,3,3,3,3,3,3,3,3,3,
3,3,3,3,3,3,3,3,3,3,3,3,3,3,3,3,3,3,3,3,3,3,1,1,1,1,1,1,3,3,3,3,1,1,1,1,1,0,0,0,0,1,1,3,3,3,3,3,3,1,0,0,0,0,2,2,2,2,2,2,2,2,2,2,2,2,2,2,2,1,1,3,3,3,3,3,3,3,3,3,3,3,3,3,3,3,3,3,3,3,3,3,3,3,3,3,3,3,3,3,
3,3,3,3,3,3,3,3,3,3,3,3,3,3,3,3,3,3,3,3,3,3,3,3,3,3,3,3,3,3,3,3,3,3,3,3,1,1,0,0,0,1,1,1,3,3,3,3,3,1,0,0,0,0,2,2,2,2,2,2,2,2,2,2,2,1,1,1,1,1,1,3,3,3,3,3,3,3,3,3,3,3,3,3,3,3,3,3,3,3,3,3,3,3,3,3,3,3,3,3,
3,3,3,3,3,3,3,3,3,3,3,3,3,3,3,3,3,3,3,3,3,3,3,3,3,3,3,3,3,3,3,3,3,3,3,3,3,1,1,1,0,0,0,1,3,3,3,3,3,1,1,0,0,2,2,2,2,2,2,2,2,2,2,2,1,1,3,3,1,1,3,3,3,3,3,3,3,3,3,3,3,3,3,3,3,3,3,3,3,3,3,3,3,3,3,3,3,3,3,3,
3,3,3,3,3,3,3,3,3,3,3,3,3,3,3,3,3,3,3,3,3,3,3,3,3,3,3,3,3,3,3,3,3,3,3,3,3,3,1,1,1,1,1,1,3,3,3,3,3,1,1,0,0,2,2,2,2,2,2,2,2,2,2,2,1,3,3,3,3,3,3,3,3,3,3,3,3,3,3,3,3,3,3,3,3,3,3,3,3,3,3,3,3,3,3,3,3,3,3,3,
3,3,3,3,3,3,3,3,3,3,3,3,3,3,3,3,3,3,3,3,3,3,3,3,3,3,3,3,3,3,3,3,3,3,3,3,3,3,3,3,1,1,1,1,3,3,3,3,3,3,1,0,0,0,2,2,2,2,2,2,2,2,2,1,1,3,3,3,3,3,3,3,3,3,3,3,3,3,3,3,3,3,3,3,3,3,3,3,3,3,3,3,3,3,3,3,3,3,3,3,
3,3,3,3,3,3,3,3,3,3,3,3,3,3,3,3,3,3,3,3,3,3,3,3,3,3,3,3,3,3,3,3,3,3,3,3,3,3,3,3,3,3,3,3,3,3,3,3,3,3,1,0,0,0,0,2,2,2,2,2,2,2,2,1,3,3,3,3,3,3,3,3,3,3,3,3,3,3,3,3,3,3,3,3,3,3,3,3,3,3,3,3,3,3,3,3,3,3,3,3,
3,3,3,3,3,3,3,3,3,3,3,3,3,3,3,3,3,3,3,3,3,3,3,3,3,3,3,3,3,3,3,3,3,3,3,3,3,3,3,3,3,3,3,3,3,3,3,3,3,3,1,0,0,0,0,2,2,2,2,2,2,2,2,1,3,3,3,3,3,3,3,3,3,3,3,3,3,3,3,3,3,3,3,3,3,3,3,3,3,3,3,3,3,3,3,3,3,3,3,3,
3,3,3,3,3,3,3,3,3,3,3,3,3,3,3,3,3,3,3,3,3,3,3,3,3,3,3,3,3,3,3,3,3,3,3,3,3,3,3,3,3,3,3,3,3,3,3,3,3,3,3,3,3,3,3,3,3,1,3,1,3,1,3,3,3,3,3,3,3,3,3,3,3,3,3,3,3,3,3,3,3,3,3,3,3,3,3,3,3,3,3,3,3,3,3,3,3,3,3,3,
3,3,3,3,3,3,3,3,3,3,3,3,3,3,3,3,3,3,3,3,3,3,3,3,3,3,3,3,3,3,3,3,3,3,3,3,3,3,3,3,3,3,3,3,3,3,3,3,3,3,3,3,3,3,3,3,3,3,3,3,3,3,3,3,3,3,3,3,3,3,3,3,3,3,3,3,3,3,3,3,3,3,3,3,3,3,3,3,3,3,3,3,3,3,3,3,3,3,3,3

[event]
# to Salted Field
type=event
location=1,6,1,4
activate=on_trigger
hotspot=location
intermap=maps/salted_field.txt,56,12
tooltip=Salted Field

[event]
# to Goblin Camp
type=event
location=51,77,4,1
activate=on_trigger
hotspot=location
intermap=maps/goblin_camp.txt,5,2
tooltip=Goblin Camp

[event]
# to Hyperspace
type=event
location=59,44,2,2
activate=on_trigger
hotspot=location
intermap=maps/hyperspace.txt,17,10
requires_status=emp_waypoint_1
soundfx=soundfx/environment/teleporter.ogg,0,0
tooltip=Hyperspace

[event]
# Supplies
type=event
location=84,17,1,1
activate=on_trigger
hotspot=location
loot=loot/level_1.txt
mapmod=object,84,17,97
repeat=false
soundfx=soundfx/wood_open.ogg
tooltip=Supplies

[event]
# Supplies
type=event
location=89,20,1,1
activate=on_trigger
hotspot=location
loot=loot/level_1.txt
mapmod=object,89,20,99
repeat=false
soundfx=soundfx/wood_open.ogg
tooltip=Supplies

[event]
# Supplies
type=event
location=10,36,1,1
activate=on_trigger
hotspot=location
loot=loot/level_1.txt
mapmod=object,10,36,97
repeat=false
soundfx=soundfx/wood_open.ogg
tooltip=Supplies

[event]
# Wind and crickets sound effect
type=event
location=0,0,1,1
activate=on_load
soundfx=soundfx/environment/wind_loop.ogg

[event]
# Bird twitter
type=event
location=9,8,1,1
activate=on_load
soundfx=soundfx/environment/bird_twitter_loop.ogg

[event]
# Bird twitter
type=event
location=42,15,1,1
activate=on_load
soundfx=soundfx/environment/bird_twitter_loop.ogg

[event]
# Bird twitter
type=event
location=74,29,1,1
activate=on_load
soundfx=soundfx/environment/bird_twitter_loop.ogg

[event]
# Bird twitter
type=event
location=46,35,1,1
activate=on_load
soundfx=soundfx/environment/bird_twitter_loop.ogg

[event]
# Bird twitter
type=event
location=7,47,1,1
activate=on_load
soundfx=soundfx/environment/bird_twitter_loop.ogg

[event]
# Bird twitter
type=event
location=49,59,1,1
activate=on_load
soundfx=soundfx/environment/bird_twitter_loop.ogg

[event]
# River sound
type=event
location=58,73,1,1
activate=on_load
soundfx=soundfx/environment/river_loop.ogg

[event]
# River sound
type=event
location=56,58,1,1
activate=on_load
soundfx=soundfx/environment/river_loop.ogg

[event]
# River sound
type=event
location=53,39,1,1
activate=on_load
soundfx=soundfx/environment/river_loop.ogg

[event]
# River sound
type=event
location=51,24,1,1
activate=on_load
soundfx=soundfx/environment/river_loop.ogg

[event]
# River sound
type=event
location=48,10,1,1
activate=on_load
soundfx=soundfx/environment/river_loop.ogg

[event]
# Forrest owl sound effect
type=event
location=20,25,1,1
activate=on_load
soundfx=soundfx/environment/forest_owl_loop.ogg

[event]
# Forrest owl sound effect
type=event
location=64,12,1,1
activate=on_load
soundfx=soundfx/environment/forest_owl_loop.ogg

[event]
# Forrest owl sound effect
type=event
location=86,40,1,1
activate=on_load
soundfx=soundfx/environment/forest_owl_loop.ogg

[event]
# Forrest owl sound effect
type=event
location=36,37,1,1
activate=on_load
soundfx=soundfx/environment/forest_owl_loop.ogg

[event]
# Forrest owl sound effect
type=event
location=25,51,1,1
activate=on_load
soundfx=soundfx/environment/forest_owl_loop.ogg

[event]
# Forrest owl sound effect
type=event
location=39,73,1,1
activate=on_load
soundfx=soundfx/environment/forest_owl_loop.ogg

[event]
# Raven sound effect
type=event
location=37,64,1,1
activate=on_load
soundfx=soundfx/environment/raven_loop.ogg

[event]
# Raven sound effect
type=event
location=11,61,1,1
activate=on_load
soundfx=soundfx/environment/raven_loop.ogg

[event]
# Raven sound effect
type=event
location=31,43,1,1
activate=on_load
soundfx=soundfx/environment/raven_loop.ogg

[event]
# Raven sound effect
type=event
location=64,33,1,1
activate=on_load
soundfx=soundfx/environment/raven_loop.ogg

[event]
# Raven sound effect
type=event
location=80,18,1,1
activate=on_load
soundfx=soundfx/environment/raven_loop.ogg

[event]
# Raven sound effect
type=event
location=23,8,1,1
activate=on_load
soundfx=soundfx/environment/raven_loop.ogg

[event]
# Unlock waypoint
type=event
location=57,42,6,6
activate=on_trigger
mapmod=background,59,45,265
msg=Stonewood waypoint discovered.
repeat=false
requires_not_status=emp_waypoint_1
set_status=emp_waypoint_1

[event]
# Unlock waypoint (on_load)
type=event
location=57,49,1,1
activate=on_load
mapmod=background,59,45,265
requires_status=emp_waypoint_1

[enemy]
type=enemy
location=14,23,5,5
category=grassland
level=1
number=2

[enemy]
type=enemy
location=23,8,9,4
category=grassland
level=1
number=2,3

[enemy]
type=enemy
location=41,15,5,3
category=grassland
level=1
number=1,2

[enemy]
type=enemy
location=84,14,7,9
category=goblin
level=1
number=3

[enemy]
type=enemy
location=82,32,6,6
category=grassland
level=1
number=2,3

[enemy]
type=enemy
location=67,40,6,5
category=grassland
level=1
number=2

[enemy]
type=enemy
location=26,22,4,7
category=grassland
level=1
number=2

[enemy]
type=enemy
location=36,31,7,4
category=grassland
level=1
number=3

[enemy]
type=enemy
location=19,47,6,5
category=undead
level=1
number=2,3

[enemy]
type=enemy
location=35,46,7,4
category=grassland
level=1
number=2

[enemy]
type=enemy
location=14,61,8,6
category=grassland
level=1
number=3

[enemy]
type=enemy
location=34,64,9,7
category=grassland
level=1
number=2

[enemy]
type=enemy
location=8,34,6,6
category=undead
level=1
number=2,3

[enemy]
type=enemy
location=53,13,8,4
category=grassland
level=1
number=2,3

