[header]
width=100
height=100
tilewidth=64
tileheight=32
orientation=isometric
music=music/cave_theme.ogg
tileset=tilesetdefs/tileset_cave.txt
title=The Breach

[tilesets]
tileset=../../../tiled/cave/tiled_collision.png,64,32,0,0
tileset=../../../tiled/cave/tiled_cave.png,64,128,0,0
tileset=../../../tiled/cave/set_rules.png,64,32,0,0
tileset=../../../tiled/cave/tiled_cave_2x2.png,128,64,0,16

[layer]
type=background
data=
0,0,0,0,0,0,0,0,0,0,0,0,0,0,0,0,0,0,0,0,0,0,0,0,0,0,0,0,0,0,0,0,0,0,0,0,0,0,0,0,0,0,0,0,0,0,0,0,0,0,0,0,0,0,0,0,0,0,0,0,0,0,0,0,0,0,0,0,0,0,0,0,0,0,0,0,0,0,0,0,0,0,0,0,0,0,0,0,0,0,0,0,0,0,0,0,0,0,0,0,
0,0,0,0,0,0,0,0,0,0,0,0,0,0,0,0,0,0,0,0,0,0,0,0,0,0,0,0,0,0,0,0,0,0,0,0,0,0,0,0,0,0,0,0,0,0,0,0,0,0,0,0,0,0,0,0,0,0,0,0,0,0,0,0,0,0,0,0,0,0,0,0,0,0,0,0,0,0,0,0,0,0,0,0,0,0,0,0,0,0,0,0,0,0,0,0,0,0,0,0,
0,0,0,0,0,0,0,0,0,0,0,0,0,0,0,0,0,0,0,0,0,0,0,0,0,0,0,0,0,0,0,0,0,0,0,0,0,0,0,0,0,0,0,0,0,0,0,0,0,0,0,0,0,0,0,0,0,0,0,0,0,0,0,0,0,0,0,0,0,0,0,0,0,0,0,0,0,0,0,0,0,0,0,0,0,0,0,0,0,0,0,0,0,0,0,0,0,0,0,0,
0,0,0,0,0,0,0,0,0,0,0,0,0,0,0,0,0,0,0,0,0,0,0,0,0,0,0,0,0,0,0,0,0,0,0,0,0,0,0,0,0,0,0,0,0,0,0,0,0,0,0,0,0,0,0,0,0,0,0,0,0,0,0,0,0,0,0,0,0,0,0,0,0,0,0,0,0,0,0,0,0,0,0,0,0,0,0,0,0,0,0,0,0,0,0,0,0,0,0,0,
0,0,0,0,0,0,0,0,0,0,0,0,0,0,0,0,0,0,0,0,0,0,0,0,0,0,0,0,0,0,0,0,0,0,0,0,0,0,0,0,0,0,0,0,0,0,0,0,0,0,0,0,0,0,0,0,0,0,0,0,0,0,0,0,0,0,0,0,0,0,0,0,0,0,0,0,0,0,0,0,0,0,0,0,0,0,0,0,0,0,0,0,0,0,0,0,0,0,0,0,
0,0,0,0,0,0,0,0,0,0,0,0,0,0,0,0,0,0,0,0,0,0,0,0,0,0,0,0,0,0,0,0,0,0,0,0,0,0,0,0,0,0,0,0,0,0,0,0,0,0,0,0,0,0,0,0,0,0,0,0,0,0,0,0,0,0,0,0,0,0,0,0,0,0,0,0,0,0,0,0,0,0,0,0,0,0,0,0,0,0,0,0,0,0,0,0,0,0,0,0,
0,0,0,0,0,0,0,0,0,0,0,0,0,0,0,0,0,0,0,0,0,0,0,0,0,0,0,0,0,0,0,0,0,0,0,0,0,0,0,0,0,0,0,0,0,0,0,0,0,0,0,0,0,0,0,0,0,0,0,0,0,0,0,0,0,0,0,0,0,0,0,0,0,0,0,19,16,17,18,19,57,0,0,0,0,0,0,0,0,0,0,0,0,0,0,0,0,0,0,0,
0,0,0,0,0,0,0,0,0,0,0,0,0,0,0,0,0,0,0,0,0,0,0,0,0,0,0,0,0,0,0,0,0,0,0,0,0,0,0,0,0,0,0,0,0,0,0,0,0,0,0,0,0,0,0,0,0,0,0,0,0,0,0,0,0,0,0,0,0,0,0,0,0,21,22,23,20,21,22,23,20,57,22,23,57,0,0,0,0,0,0,0,0,0,0,0,0,0,0,0,
0,0,0,0,0,0,0,0,0,0,0,0,0,0,0,0,0,0,0,0,0,0,0,0,0,0,0,0,0,0,0,0,0,0,0,0,0,0,0,0,0,0,0,0,0,0,0,0,0,0,0,0,0,0,0,0,0,0,0,0,0,0,0,0,0,0,0,0,0,0,0,0,24,25,26,27,24,25,26,27,24,25,26,27,24,57,0,0,0,0,0,0,0,0,0,0,0,0,0,0,
0,0,0,0,0,0,0,0,0,0,0,0,0,0,0,0,0,0,0,0,0,0,0,0,0,0,0,0,0,0,0,0,0,0,0,0,0,0,0,0,0,0,0,0,0,0,0,0,0,0,0,0,0,0,0,0,0,0,0,0,0,0,0,0,0,0,0,0,0,0,0,31,28,29,30,31,28,29,30,31,28,29,30,31,28,29,57,0,0,0,0,0,0,0,0,0,0,0,0,0,
0,0,0,0,0,0,0,0,0,0,0,0,0,0,0,0,0,0,0,0,0,0,0,0,0,0,0,0,0,0,0,0,0,0,0,0,0,0,0,0,0,0,0,0,0,0,0,0,0,0,0,0,0,0,0,0,0,0,0,0,0,0,0,0,0,0,0,0,0,0,0,19,16,17,18,19,16,17,18,19,16,17,18,19,16,17,18,57,0,0,0,0,0,0,0,0,0,0,0,0,
0,0,0,0,0,0,0,0,0,0,0,0,0,0,0,0,0,0,0,0,0,0,22,23,20,21,22,57,0,0,0,0,0,0,0,0,0,0,0,0,0,0,0,0,0,0,0,0,0,0,0,0,0,0,0,0,0,0,0,0,0,0,0,0,0,0,0,0,0,0,22,23,20,21,22,23,20,21,22,23,20,21,22,23,20,21,22,23,57,0,0,0,0,0,0,0,0,0,0,0,
0,0,0,0,0,0,0,0,0,0,0,0,0,0,0,0,0,0,0,0,0,25,26,27,24,25,26,27,57,25,26,27,24,25,57,0,0,0,26,27,24,25,26,57,0,0,0,0,0,0,0,0,24,25,26,27,24,25,26,27,24,57,0,0,0,0,0,0,0,0,26,27,24,25,26,27,24,25,0,0,0,0,56,27,24,25,26,27,24,0,0,0,0,0,0,0,0,0,0,0,
0,0,0,0,0,0,0,0,0,0,0,0,0,0,0,0,0,0,0,0,0,29,30,31,28,29,30,31,28,29,30,31,28,29,30,57,28,29,30,31,28,29,30,31,57,57,0,0,0,0,30,31,28,29,30,31,28,29,30,31,28,29,57,57,0,0,0,0,0,0,30,31,28,29,30,31,28,0,0,0,0,0,0,56,28,29,30,31,28,0,0,0,0,0,0,0,0,0,0,0,
0,0,0,0,0,0,0,0,0,0,0,0,0,0,0,0,0,0,0,0,0,17,18,19,16,17,18,19,16,17,18,19,16,17,18,19,16,17,18,19,16,17,18,19,16,17,57,19,16,17,18,19,16,17,18,19,16,17,18,19,16,17,18,19,57,0,0,0,0,0,56,19,16,17,18,19,16,0,0,0,0,0,0,0,56,17,18,19,16,0,0,0,0,0,0,0,0,0,0,0,
0,0,0,0,0,0,0,0,0,0,0,0,0,0,0,0,0,0,0,0,0,21,22,23,20,21,22,23,20,21,22,23,20,21,22,23,20,21,22,23,20,21,22,23,20,21,22,23,20,21,22,23,20,21,22,23,20,21,22,23,20,21,22,23,20,57,0,0,0,0,0,56,20,21,22,23,20,0,0,0,0,0,0,0,0,56,22,23,20,57,0,0,0,0,0,0,0,0,0,0,
0,0,26,27,24,25,26,27,24,57,0,0,0,0,0,0,0,0,0,0,0,56,26,27,24,25,26,27,24,25,26,27,24,25,26,27,24,25,26,27,24,25,26,27,24,25,26,27,24,25,26,27,24,25,26,27,24,25,26,27,24,25,26,27,24,25,57,0,0,0,0,27,24,25,26,27,24,0,0,0,0,0,0,0,0,25,26,27,24,25,0,0,0,0,0,0,0,0,0,0,
0,29,30,31,28,29,30,31,28,29,57,31,57,0,0,0,0,0,0,0,0,0,56,31,28,29,30,31,28,29,30,31,28,0,0,0,0,56,30,31,28,29,30,31,28,29,30,31,28,29,30,31,28,29,30,31,28,0,0,56,28,29,30,31,28,29,30,57,57,0,0,31,28,29,30,31,28,0,0,0,0,0,0,0,0,29,30,31,28,29,57,0,0,0,0,0,0,0,0,0,
0,17,18,19,16,17,18,19,16,17,18,19,16,57,57,0,0,0,0,0,0,0,0,56,16,17,18,19,16,17,18,19,0,0,0,0,0,0,56,19,16,17,18,19,16,17,18,19,16,17,18,19,16,17,18,19,0,0,0,0,0,56,18,19,16,17,18,19,16,57,18,19,16,17,18,19,16,0,0,0,0,0,0,0,0,56,18,19,16,17,18,0,0,0,0,0,0,0,0,0,
0,21,22,23,20,21,22,23,20,21,22,23,20,21,22,57,0,0,0,0,0,0,0,56,20,21,22,23,20,21,22,23,0,0,0,0,0,0,0,56,20,21,22,23,20,21,22,23,20,0,0,0,0,0,0,0,0,0,0,0,0,0,0,56,20,21,22,23,20,21,22,23,20,21,22,23,20,0,0,0,0,0,0,0,0,0,56,23,20,21,22,57,0,0,0,0,0,0,0,0,
0,25,26,27,24,25,0,0,0,56,26,27,24,25,26,27,57,0,0,0,0,0,0,0,56,25,26,27,24,25,26,0,0,0,0,0,0,0,0,56,24,25,26,27,24,25,26,27,24,0,0,0,0,0,0,0,0,0,0,0,0,0,0,0,0,56,26,27,24,25,26,27,24,25,26,27,24,0,0,0,0,0,0,0,0,0,26,27,24,25,26,27,0,0,0,0,0,0,0,0,
0,29,30,31,28,29,0,0,0,0,0,0,56,29,30,31,28,57,57,0,0,0,0,0,28,29,30,31,28,29,0,0,0,0,0,0,0,0,0,0,56,29,30,31,28,29,30,31,28,0,0,0,0,0,0,0,0,0,0,0,0,0,0,0,0,56,30,31,28,29,30,31,28,29,30,31,28,0,0,0,0,0,0,0,0,0,30,31,28,29,30,31,0,0,0,0,0,0,0,0,
0,56,18,19,16,17,0,0,0,0,0,0,56,17,18,19,16,17,18,0,0,0,0,0,16,17,18,19,16,17,0,0,0,0,0,0,0,0,0,0,0,56,18,19,16,17,18,19,16,0,0,0,0,0,0,0,0,0,0,0,0,0,0,0,0,0,0,56,16,17,18,19,16,17,18,19,0,0,0,0,0,0,0,0,0,17,18,19,16,17,18,19,0,0,0,0,0,0,0,0,
0,0,56,23,20,21,57,57,0,0,0,0,0,0,56,23,20,21,22,57,0,0,0,0,20,21,22,23,20,21,0,0,0,0,0,0,0,0,0,0,0,0,56,23,20,21,22,23,0,0,0,0,0,0,0,0,0,0,0,0,0,0,0,0,0,0,0,0,0,56,22,23,20,21,22,0,0,0,0,0,0,0,0,0,0,21,22,23,20,21,22,23,0,0,0,0,0,0,0,0,
0,0,0,56,24,25,26,27,57,0,0,0,0,0,0,56,24,25,26,27,57,0,0,27,24,25,26,27,24,25,0,0,0,0,0,0,0,0,0,0,0,0,0,56,24,25,26,27,0,0,0,0,0,0,0,0,0,0,0,0,0,0,0,0,0,0,0,0,0,0,0,56,24,25,0,0,0,0,0,0,0,0,0,0,0,25,26,27,24,25,26,27,0,0,0,0,0,0,0,0,
0,0,0,0,56,29,30,31,28,57,0,0,0,0,0,0,56,29,30,31,28,57,30,31,28,29,30,31,28,0,0,0,0,0,0,0,0,0,0,0,0,0,0,56,28,29,30,31,0,0,0,0,0,0,0,0,0,0,0,0,0,0,0,0,0,0,0,0,0,0,0,0,0,0,0,0,0,0,0,0,0,0,0,0,0,29,30,31,28,29,30,31,0,0,0,0,0,0,0,0,
0,0,0,0,0,56,18,19,16,17,0,0,0,0,0,0,0,0,56,19,16,17,18,19,16,17,18,19,16,0,0,0,0,0,0,0,0,0,0,0,0,0,0,0,56,17,18,19,0,0,0,0,0,0,0,0,0,0,0,0,0,0,0,19,16,17,18,57,0,0,0,0,0,0,0,0,0,0,0,0,0,0,0,0,0,17,18,19,16,17,18,19,0,0,0,0,0,0,0,0,
0,0,0,0,0,0,56,23,20,21,57,0,0,0,0,0,0,0,0,56,20,21,22,23,20,21,22,23,0,0,0,0,0,0,0,0,0,0,0,0,0,0,0,0,20,21,22,23,0,0,0,0,0,0,0,0,0,0,0,0,0,0,22,23,20,21,22,23,57,0,0,0,0,0,0,0,0,0,0,0,0,0,0,23,20,21,22,23,20,21,22,23,0,0,0,0,0,0,0,0,
0,0,0,0,0,0,26,27,24,25,26,0,0,0,0,0,0,0,0,56,24,25,26,27,24,25,26,27,0,0,0,0,0,0,0,0,0,0,0,0,0,0,0,27,24,25,26,27,0,0,0,0,0,0,0,0,0,0,0,0,24,25,26,27,24,25,26,27,24,57,26,57,0,0,0,0,0,0,0,27,24,25,26,27,24,25,26,27,24,25,26,27,0,0,0,0,0,0,0,0,
0,0,0,0,0,0,30,31,28,29,30,0,0,0,0,0,0,0,0,0,0,56,30,31,28,29,0,0,0,0,0,0,0,0,0,0,0,0,0,0,0,0,30,31,28,29,30,31,0,0,0,0,0,0,0,0,0,0,30,31,28,29,30,31,28,29,30,31,28,29,30,31,57,57,0,0,0,0,0,31,28,29,30,31,28,29,30,31,28,29,30,0,0,0,0,0,0,0,0,0,
0,0,0,0,0,17,18,19,16,17,18,0,0,0,0,0,0,0,0,0,0,0,0,0,0,0,0,0,0,0,0,0,0,0,0,0,0,0,0,0,0,0,18,19,16,17,18,0,0,0,0,0,0,0,0,0,16,17,18,19,16,17,18,19,16,17,18,19,16,17,18,19,16,17,57,19,16,17,18,19,16,17,18,19,16,17,18,19,16,17,18,0,0,0,0,0,0,0,0,0,
0,0,0,0,0,21,22,23,20,21,22,0,0,0,0,0,0,0,0,0,0,0,0,0,0,0,0,0,0,0,0,0,0,0,0,0,0,0,0,0,0,21,22,23,20,21,22,0,0,0,0,0,0,0,0,0,20,21,22,23,20,21,22,23,20,21,22,23,20,21,22,23,20,21,22,23,20,21,22,23,20,21,22,23,20,21,22,23,20,21,0,0,0,0,0,0,0,0,0,0,
0,0,0,0,0,56,26,27,24,25,0,0,0,0,0,0,0,0,0,27,24,25,57,0,0,0,0,0,0,0,0,0,0,0,0,0,0,0,0,0,0,25,26,27,24,25,0,0,0,0,0,0,0,0,0,27,24,25,26,27,24,25,26,27,24,0,0,0,0,0,56,27,24,25,26,27,24,25,26,27,24,25,26,27,24,25,26,27,24,0,0,0,0,0,0,0,0,0,0,0,
0,0,0,0,0,0,56,31,28,29,0,0,0,0,0,0,0,0,30,31,28,29,30,57,57,0,0,0,0,0,0,0,0,0,0,0,0,0,0,0,0,29,30,31,28,29,0,0,0,0,0,0,0,0,30,31,28,29,30,31,28,29,30,0,0,0,0,0,0,0,0,0,0,56,30,31,28,29,30,31,28,29,30,31,28,29,30,31,0,0,0,0,0,0,0,0,0,0,0,0,
0,0,0,0,0,0,56,19,16,17,57,0,0,0,0,0,0,0,18,19,16,17,18,19,16,57,57,0,0,0,0,0,0,0,0,0,0,0,0,0,0,17,18,19,16,0,0,0,0,0,0,0,0,0,18,19,16,17,18,19,16,0,0,0,0,0,0,0,0,0,0,0,0,0,0,0,56,17,18,19,16,17,18,19,16,17,18,0,0,0,0,0,0,0,0,0,0,0,0,0,
0,0,0,0,0,0,0,56,20,21,22,0,0,0,0,0,0,0,22,23,20,21,22,23,20,21,22,57,0,0,0,0,0,0,0,0,0,0,0,0,0,21,22,23,20,0,0,0,0,0,0,0,0,21,22,23,20,21,22,23,0,0,0,0,0,0,0,0,0,0,0,0,0,0,0,0,0,0,0,0,56,21,22,23,0,0,0,0,0,0,0,0,0,0,0,0,0,0,0,0,
0,0,0,0,0,0,0,56,24,25,26,57,0,0,0,0,0,25,26,27,24,25,26,27,24,25,26,27,57,0,0,0,0,0,0,0,0,0,0,0,0,25,26,27,24,0,0,0,0,0,0,0,0,25,26,27,24,25,26,27,0,0,0,0,0,0,0,0,0,0,0,0,0,0,0,0,0,0,0,0,0,0,0,0,0,0,0,0,0,0,0,0,0,0,0,0,0,0,0,0,
0,0,0,0,0,0,0,0,56,29,30,31,57,0,0,0,28,29,30,31,28,29,30,31,28,29,30,31,28,57,0,0,0,0,0,0,0,0,0,0,0,29,30,31,28,0,0,0,0,0,0,0,28,29,30,31,28,29,30,0,0,0,0,0,0,0,0,0,0,0,0,0,0,0,0,0,0,0,0,0,0,0,0,0,0,0,0,0,0,0,0,0,0,0,0,0,0,0,0,0,
0,0,0,0,0,0,0,0,56,17,18,19,16,57,18,19,16,17,18,19,16,17,0,0,56,17,18,19,16,17,57,0,0,0,0,0,0,0,0,0,16,17,18,19,16,57,0,0,0,0,0,19,16,17,18,19,16,17,18,0,0,0,0,0,0,0,0,0,0,0,0,0,0,0,0,0,0,0,0,0,0,0,0,0,0,0,0,0,0,0,0,0,0,0,0,0,0,0,0,0,
0,0,0,0,0,0,0,0,0,56,22,23,20,21,22,23,20,21,22,23,20,0,0,0,0,0,56,23,20,21,22,0,0,0,0,0,0,0,0,23,20,21,22,23,20,21,0,0,0,21,22,23,20,21,22,23,20,21,0,0,0,0,0,0,0,0,0,0,0,0,0,0,0,0,22,23,20,21,22,57,57,0,0,0,0,0,0,0,0,0,0,0,0,0,0,0,0,0,0,0,
0,0,0,0,0,0,0,0,0,0,56,27,24,25,26,27,24,25,26,27,0,0,0,0,0,0,0,56,24,25,26,57,0,0,0,0,0,0,26,27,24,25,26,27,24,25,57,27,24,25,26,27,24,25,26,27,24,25,0,0,0,0,0,0,0,0,0,0,0,0,0,0,24,25,26,27,24,25,26,27,24,57,0,0,0,0,0,0,0,0,0,0,0,0,0,0,0,0,0,0,
0,0,0,0,0,0,0,0,0,0,0,56,28,29,30,31,28,29,30,0,0,0,0,0,0,0,0,56,28,29,30,31,0,0,0,31,28,29,30,31,28,29,30,31,28,29,30,31,28,29,30,31,28,29,30,31,28,29,57,31,28,29,30,31,57,0,0,0,28,29,30,31,28,29,30,31,28,29,30,31,28,29,57,57,0,0,0,0,0,0,0,0,0,0,0,0,0,0,0,0,
0,0,0,0,0,0,0,0,0,0,0,0,56,17,18,19,16,17,0,0,0,0,0,0,0,0,0,0,56,17,18,19,57,17,18,19,16,17,18,19,16,17,18,19,16,17,18,19,16,17,18,19,16,17,18,19,16,17,18,19,16,17,18,19,16,57,18,19,16,17,18,19,16,17,18,19,16,17,18,19,16,17,18,19,57,0,0,0,0,0,0,0,0,0,0,0,0,0,0,0,
0,0,0,0,0,0,0,0,0,0,0,0,0,56,22,23,20,0,0,0,0,0,0,0,0,0,0,0,20,21,22,23,20,21,22,23,20,21,22,23,20,21,22,23,20,21,22,23,20,21,22,23,20,21,22,23,20,21,22,23,20,21,22,23,20,21,22,23,20,21,22,23,20,21,22,23,20,21,22,23,20,21,22,23,20,57,0,0,0,0,0,0,0,0,0,0,0,0,0,0,
0,0,26,27,24,25,26,57,0,0,0,0,0,0,0,0,0,0,0,0,0,0,0,0,0,0,0,0,24,25,26,27,24,25,26,27,24,25,26,27,24,25,26,27,24,25,26,27,24,25,26,27,24,25,26,27,24,25,26,27,24,25,26,27,24,25,26,27,24,25,26,27,24,25,26,27,24,25,26,27,24,25,26,27,24,25,0,0,0,0,0,0,0,0,0,0,0,0,0,0,
28,29,30,31,28,29,30,31,57,57,0,0,0,0,0,0,0,0,0,0,0,0,0,0,0,0,0,31,28,29,30,31,28,29,30,31,28,29,30,31,28,29,30,31,28,29,30,31,28,29,30,31,0,0,0,0,0,0,0,0,0,56,30,31,28,29,30,31,28,29,30,31,28,29,30,31,28,29,30,31,28,29,30,31,28,29,0,0,0,0,0,0,0,0,0,0,0,0,0,0,
16,17,18,19,16,17,18,19,16,17,57,0,0,0,0,0,0,0,0,0,0,0,18,19,16,17,18,19,16,17,18,19,16,17,18,19,16,17,18,19,16,17,18,19,16,17,18,19,16,17,18,0,0,0,0,0,0,0,0,0,0,0,0,0,0,56,18,19,16,17,18,19,16,17,18,19,16,17,18,19,16,17,18,19,16,17,0,0,0,0,0,0,0,0,0,0,0,0,0,0,
20,21,22,23,20,21,22,23,20,21,22,57,20,21,22,23,20,21,22,23,20,21,22,23,20,21,22,23,20,21,22,23,20,21,22,23,20,21,22,23,20,21,22,23,20,21,22,23,20,0,0,0,0,0,0,0,0,0,0,0,0,0,0,0,0,0,0,0,0,56,22,23,20,21,22,23,20,21,22,23,20,21,22,23,20,21,0,0,0,0,0,0,0,0,0,0,0,0,0,0,
24,25,26,27,24,25,26,27,24,25,26,27,24,25,26,27,24,25,26,27,24,25,26,27,24,25,26,27,24,25,26,27,24,25,26,27,24,25,26,27,24,25,26,27,24,25,26,27,24,0,0,0,0,0,0,0,0,0,0,0,0,0,0,0,0,0,0,0,0,0,0,0,0,0,0,0,56,25,26,27,24,25,26,27,0,0,0,0,0,0,0,0,0,0,0,0,0,0,0,0,
28,29,30,31,28,29,30,31,28,29,30,31,28,29,30,31,28,29,30,31,28,29,30,31,28,29,30,31,28,29,30,31,28,29,30,31,28,29,30,31,28,29,30,31,28,29,0,0,0,0,0,0,0,0,0,0,0,0,0,0,0,0,0,0,0,0,0,0,0,0,0,0,0,0,0,0,0,0,56,31,28,29,30,0,0,0,0,0,0,0,0,0,0,0,0,0,0,0,0,0,
16,17,18,19,16,17,18,19,16,17,18,19,16,17,18,19,16,17,18,19,16,17,18,19,16,17,18,19,16,17,18,19,16,17,0,0,0,0,0,0,0,0,0,0,0,0,0,0,0,0,0,0,0,0,0,0,0,0,0,0,0,0,0,0,0,0,0,0,0,0,0,0,0,0,0,0,0,0,0,0,0,0,0,0,0,0,0,0,0,0,0,0,0,0,0,0,0,0,0,0,
0,0,0,0,0,0,0,0,0,0,0,56,20,21,22,23,20,21,22,23,20,21,22,23,20,21,22,23,20,21,22,23,0,0,0,0,0,0,0,0,0,0,0,0,0,0,0,0,0,0,0,0,0,0,0,0,0,0,0,0,0,0,0,0,0,0,0,0,0,0,0,0,0,0,0,0,0,0,0,0,0,0,0,0,0,0,0,0,0,0,0,0,0,0,0,0,0,0,0,0,
0,0,0,0,0,0,0,0,0,0,0,0,0,0,0,0,0,0,56,27,24,25,26,27,24,25,0,0,0,0,0,0,0,0,0,0,0,0,0,0,0,0,0,0,0,0,0,0,0,0,0,0,0,0,0,0,0,0,0,0,0,0,0,0,0,0,0,0,0,0,0,0,0,0,0,0,0,0,0,0,0,0,0,0,0,0,0,0,0,0,0,0,0,0,0,0,0,0,0,0,
0,0,0,0,0,0,0,0,0,0,0,0,0,0,0,0,0,0,0,0,56,29,30,31,28,0,0,0,0,0,0,0,0,0,0,0,0,0,0,0,0,0,0,0,0,0,0,0,0,0,0,0,0,0,0,0,0,0,0,0,0,0,0,0,0,0,0,0,0,0,0,0,0,0,0,0,0,0,0,0,0,0,0,0,0,0,0,0,0,0,0,0,0,0,0,0,0,0,0,0,
0,0,0,0,0,17,18,19,16,17,18,19,16,17,18,57,0,0,0,0,0,0,0,0,0,0,0,0,0,0,0,0,0,0,0,0,16,17,18,19,57,0,0,0,0,0,0,19,16,17,18,19,57,0,0,0,0,0,0,0,0,0,0,0,0,0,0,0,0,0,0,0,0,0,0,0,0,0,0,0,0,0,0,0,0,0,0,0,0,0,0,0,0,0,0,0,0,0,0,0,
0,0,22,23,20,21,22,23,20,21,22,23,20,21,22,23,57,57,0,0,0,0,0,0,0,0,0,0,0,21,22,23,20,21,22,23,20,21,22,23,20,57,57,0,0,0,22,23,20,21,22,23,20,57,22,23,20,21,22,57,0,0,22,23,20,21,22,23,57,0,0,0,0,0,0,23,20,21,22,57,0,0,0,0,0,0,0,0,0,0,0,0,0,0,0,0,0,0,0,0,
0,0,26,27,24,25,26,27,24,25,26,27,24,25,26,27,24,25,57,57,0,0,0,0,0,0,0,0,24,25,26,27,24,25,26,27,24,25,26,27,24,25,26,57,24,25,26,27,24,25,26,27,24,25,26,27,24,25,26,27,57,25,26,27,24,25,26,27,24,57,26,27,24,25,26,27,24,25,26,27,57,57,0,0,0,0,0,0,0,0,0,0,0,0,0,0,0,0,0,0,
0,0,30,31,28,29,30,31,28,29,30,31,28,29,30,31,28,29,30,31,57,29,57,0,0,0,0,31,28,29,30,31,28,29,30,31,28,29,30,31,28,29,30,31,28,29,30,31,28,29,30,31,28,29,30,31,28,29,30,31,28,29,30,31,28,29,30,31,28,29,30,31,28,29,30,31,28,29,30,31,28,29,57,57,0,0,0,0,0,0,0,0,0,0,0,0,0,0,0,0,
0,0,18,19,16,17,18,19,16,17,18,19,16,17,18,19,16,17,18,19,16,17,18,57,16,17,18,19,16,17,18,19,16,17,18,19,16,17,18,19,16,17,18,19,16,17,18,19,16,17,18,19,16,17,18,19,16,17,18,19,16,17,18,19,16,17,18,19,16,17,18,19,16,17,18,19,16,17,18,19,16,17,18,19,57,0,0,0,0,0,0,0,0,0,0,0,0,0,0,0,
0,0,56,23,20,21,22,23,20,21,22,23,20,21,22,23,20,21,22,23,20,21,22,23,20,21,22,23,20,21,22,23,20,21,22,23,20,21,22,23,20,21,22,23,20,21,22,23,20,21,22,23,20,21,22,23,20,21,22,23,20,21,22,23,20,21,22,23,20,21,22,23,20,21,22,23,20,21,22,23,20,21,22,23,20,57,57,0,0,0,0,0,0,0,0,0,0,0,0,0,
0,0,0,56,24,25,26,27,24,25,26,27,0,0,0,0,0,0,56,27,24,25,26,27,24,25,26,27,24,25,26,27,24,25,26,27,0,0,0,0,56,25,26,27,24,25,26,27,24,25,26,27,24,25,26,27,24,25,26,27,24,25,26,27,24,25,26,27,24,25,26,27,24,25,26,27,24,25,26,27,24,25,26,27,24,25,26,57,0,0,0,0,0,0,0,0,0,0,0,0,
0,0,0,0,56,29,30,31,28,29,30,0,0,0,0,0,0,0,0,56,28,29,30,31,28,29,30,31,28,29,30,31,28,29,30,0,0,0,0,0,0,56,30,31,28,29,30,31,28,29,30,31,0,0,56,31,28,29,30,31,0,0,0,56,28,29,30,31,28,29,30,31,0,0,0,0,0,0,0,0,0,56,30,31,28,29,30,31,57,0,0,0,0,0,0,0,0,0,0,0,
0,0,0,0,0,56,18,19,0,0,0,0,0,0,0,0,0,0,0,19,16,17,18,19,16,17,18,19,16,17,18,19,16,0,0,0,0,0,0,0,0,56,18,19,16,17,18,19,16,17,18,0,0,0,0,0,0,0,0,0,0,0,0,0,0,0,0,0,0,0,0,0,0,0,0,0,0,0,0,0,0,0,56,19,16,17,18,19,16,0,0,0,0,0,0,0,0,0,0,0,
0,0,0,0,0,0,0,0,0,0,0,0,0,0,0,0,0,0,0,23,20,21,22,23,20,21,22,0,0,0,0,0,0,0,0,0,0,0,0,0,0,0,56,23,20,21,22,23,20,21,0,0,0,0,0,0,0,0,0,0,0,0,0,0,0,0,0,0,0,0,0,0,0,0,0,0,0,0,0,0,0,0,0,56,20,21,22,23,20,57,0,0,0,0,0,0,0,0,0,0,
0,0,0,0,0,0,0,0,0,0,0,0,0,0,0,0,0,0,0,27,24,25,26,27,24,0,0,0,0,0,0,0,0,0,0,0,0,0,0,0,0,0,26,27,24,25,26,27,24,0,0,0,0,0,0,0,0,0,0,0,0,0,0,0,0,0,0,0,0,0,0,0,0,0,0,0,0,0,0,0,0,0,0,27,24,25,26,27,24,25,0,0,0,0,0,0,0,0,0,0,
0,0,0,0,0,0,0,0,0,0,0,0,0,0,0,0,0,0,30,31,28,29,30,31,0,0,0,0,0,0,0,0,0,0,0,0,0,0,0,0,0,0,56,31,28,29,30,31,0,0,0,0,0,0,0,0,0,0,0,0,0,0,0,0,0,0,0,0,0,0,0,0,0,0,0,0,28,29,30,31,28,29,30,31,28,29,30,31,28,29,0,0,0,0,0,0,0,0,0,0,
0,0,0,0,0,0,0,0,0,0,0,0,0,0,0,0,0,17,18,19,16,17,18,19,0,0,0,0,0,0,0,0,0,0,0,0,0,0,0,0,0,0,0,56,16,17,18,19,0,0,0,0,0,0,0,0,0,0,0,0,0,0,0,0,0,0,0,0,16,17,18,19,16,17,18,19,16,17,18,19,16,17,18,19,16,17,18,19,16,17,0,0,0,0,0,0,0,0,0,0,
0,0,0,23,20,21,57,0,0,0,0,0,0,21,22,23,20,21,22,23,20,21,22,0,0,0,0,0,0,0,0,0,0,0,0,0,0,0,0,0,0,0,0,23,20,21,22,23,57,0,0,0,0,0,0,0,0,0,0,0,0,0,0,0,20,21,22,23,20,21,22,23,20,21,22,23,20,21,22,23,20,21,22,23,20,21,22,23,20,21,0,0,0,0,0,0,0,0,0,0,
0,0,26,27,24,25,26,57,24,25,26,27,24,25,26,27,24,25,26,27,24,25,0,0,0,0,0,0,0,0,0,0,0,0,0,0,0,0,0,0,0,0,0,56,24,25,26,27,24,0,0,0,0,0,0,0,0,0,0,0,24,25,26,27,24,25,26,27,24,25,26,27,24,25,26,27,24,25,26,27,24,25,26,27,24,25,26,27,24,0,0,0,0,0,0,0,0,0,0,0,
0,29,30,31,28,29,30,31,28,29,30,31,28,29,30,31,28,29,30,31,28,0,0,0,0,0,0,0,0,0,0,0,0,0,0,0,0,0,0,0,0,0,0,0,56,29,30,31,28,0,0,0,0,0,0,0,0,0,0,0,28,29,30,31,28,29,30,31,28,29,30,31,28,29,30,31,28,29,30,31,28,29,30,31,28,29,30,31,28,0,0,0,0,0,0,0,0,0,0,0,
0,17,18,19,16,17,18,19,16,17,18,19,16,17,18,19,16,17,18,19,16,0,0,0,0,0,0,0,0,0,0,0,0,0,0,0,0,0,0,0,0,0,0,0,16,17,18,19,16,0,0,0,0,0,0,0,0,0,0,19,16,17,18,19,16,17,18,19,16,17,18,19,16,17,18,0,0,0,0,0,0,0,0,0,0,0,0,0,0,0,0,0,0,0,0,0,0,0,0,0,
20,21,22,23,20,21,22,23,20,21,22,23,20,21,22,23,20,21,22,23,0,0,0,0,0,0,0,0,0,0,0,0,0,0,0,0,0,0,0,0,0,0,0,0,20,21,22,23,20,0,0,0,0,0,0,0,0,0,0,23,20,21,22,23,20,21,22,23,0,0,0,0,0,0,0,0,0,0,0,0,0,0,0,0,0,0,0,0,0,0,0,0,0,0,0,0,0,0,0,0,
24,25,26,27,24,0,0,0,0,0,0,0,0,0,56,27,24,25,0,0,0,0,0,0,0,0,0,0,0,0,0,0,0,0,0,0,0,0,0,0,0,0,0,0,24,25,26,27,24,0,0,0,0,0,0,0,0,0,0,27,24,25,26,27,24,25,26,0,0,0,0,0,0,0,0,0,0,0,0,0,0,0,0,0,0,0,0,0,0,0,0,0,0,0,0,0,0,0,0,0,
28,29,30,31,28,0,0,0,0,0,0,0,0,0,0,0,0,0,0,0,0,0,0,0,0,0,0,0,0,0,0,0,0,0,0,0,0,0,0,0,0,0,0,0,28,29,30,31,28,0,0,0,0,0,0,0,0,0,0,31,28,29,30,31,28,0,0,0,0,0,0,0,0,0,0,0,0,0,0,0,0,0,0,0,0,0,0,0,0,0,0,0,0,0,0,0,0,0,0,0,
16,17,18,19,16,0,0,0,0,0,0,0,0,0,0,0,0,0,0,0,0,0,0,0,0,0,0,0,0,0,0,0,0,0,0,0,0,0,0,0,0,0,0,0,16,17,18,19,16,0,0,0,0,0,0,0,0,0,0,19,16,17,18,19,16,0,0,0,0,0,0,0,0,0,0,0,0,17,18,19,16,17,18,19,16,17,57,0,0,0,0,0,0,0,0,0,0,0,0,0,
20,21,22,23,20,0,0,0,0,0,0,0,0,0,0,0,0,0,0,0,0,0,0,0,0,0,0,0,0,0,22,23,20,21,57,0,0,0,0,0,0,0,0,0,20,21,22,23,20,0,0,0,0,0,0,0,0,0,0,23,20,21,22,23,20,0,0,0,0,0,0,0,0,0,0,0,20,21,22,23,20,21,22,23,20,21,22,57,57,0,0,0,0,0,0,0,0,0,0,0,
24,25,26,27,24,57,0,0,0,0,0,27,24,57,0,0,0,0,0,0,0,0,0,0,0,0,0,0,24,25,26,27,24,25,26,57,0,0,0,0,0,0,0,27,24,25,26,27,24,57,0,0,0,0,0,0,0,0,0,56,24,25,26,27,24,57,0,0,0,0,0,0,0,0,0,0,24,25,26,27,24,25,26,27,24,25,26,27,24,57,0,0,0,0,0,0,0,0,0,0,
28,29,30,31,28,29,0,0,0,29,30,31,28,29,57,57,0,0,0,0,0,0,0,0,0,0,0,31,28,29,30,31,28,29,30,31,57,29,30,31,28,29,30,31,28,29,30,31,28,29,57,0,0,0,0,0,0,0,0,0,56,29,30,31,28,29,57,0,0,0,0,0,0,0,30,31,28,29,30,31,28,29,30,31,28,29,30,31,28,29,0,0,0,0,0,0,0,0,0,0,
56,17,18,19,16,17,57,19,16,17,18,19,16,17,18,19,57,0,0,0,0,0,0,0,0,0,18,19,16,17,18,19,16,17,18,19,16,17,18,19,16,17,18,19,16,17,18,19,16,17,18,57,57,0,0,0,0,0,0,0,0,56,18,19,16,17,18,0,0,0,0,0,0,0,18,19,16,17,18,19,16,17,18,19,16,17,18,19,16,17,0,0,0,0,0,0,0,0,0,0,
0,56,22,23,20,21,22,23,20,21,22,23,20,21,22,23,20,0,0,0,0,0,0,0,0,0,22,23,20,21,22,23,20,21,22,23,20,21,22,23,20,21,22,23,20,21,22,23,20,21,22,23,20,57,0,0,0,0,0,0,0,21,22,23,20,21,22,0,0,0,0,0,0,21,22,23,20,21,22,23,0,0,0,56,20,21,22,23,20,21,0,0,0,0,0,0,0,0,0,0,
0,56,26,27,24,25,26,27,24,25,26,27,24,25,26,27,24,57,0,0,0,0,0,0,0,0,26,27,24,25,26,27,24,25,26,27,24,25,26,27,24,25,26,27,24,25,26,27,24,25,26,27,24,25,57,0,0,0,0,0,0,56,26,27,24,25,26,0,0,0,0,0,0,25,26,27,24,25,26,27,0,0,0,0,56,25,26,27,24,0,0,0,0,0,0,0,0,0,0,0,
0,0,56,31,28,29,30,31,28,29,30,31,28,29,30,31,28,29,57,0,0,0,0,0,0,29,30,31,28,29,30,0,0,0,0,56,28,29,30,31,28,29,30,31,28,29,30,31,28,29,30,31,28,29,30,57,0,0,0,0,0,0,56,31,28,29,30,0,0,0,0,0,28,29,30,31,28,29,30,31,0,0,0,0,28,29,30,31,28,0,0,0,0,0,0,0,0,0,0,0,
0,0,0,56,16,17,18,19,16,17,18,19,16,17,18,19,16,17,18,0,0,0,0,0,0,17,18,19,16,17,0,0,0,0,0,0,0,0,0,0,0,0,0,56,16,17,18,19,16,17,18,19,16,17,18,19,57,0,0,0,0,0,0,56,16,17,18,0,0,0,0,0,16,17,18,19,16,17,18,0,0,0,0,0,16,17,18,19,16,57,0,0,0,0,0,0,0,0,0,0,
0,0,0,0,56,21,22,23,20,21,22,0,0,56,22,23,20,21,22,0,0,0,0,0,0,21,22,23,20,21,0,0,0,0,0,0,0,0,0,0,0,0,0,0,56,21,22,23,20,21,22,23,20,21,22,23,20,57,0,0,0,0,0,23,20,21,22,57,0,0,0,0,20,21,22,23,20,21,0,0,0,0,0,23,20,21,22,23,20,21,0,0,0,0,0,0,0,0,0,0,
0,0,0,0,0,0,0,0,0,0,0,0,0,25,26,27,24,25,26,0,0,0,0,0,0,25,26,27,24,25,0,0,0,0,0,0,0,0,0,0,0,0,0,0,24,25,26,27,24,0,0,0,56,25,26,27,24,25,57,0,0,0,0,56,24,25,26,27,0,0,0,27,24,25,26,27,24,25,0,0,0,25,26,27,24,25,26,27,24,25,0,0,0,0,0,0,0,0,0,0,
0,0,0,0,0,0,0,0,0,0,0,0,0,29,30,31,28,29,30,0,0,0,0,0,28,29,30,31,28,0,0,0,0,0,0,0,0,0,0,0,0,0,0,0,28,29,30,31,28,0,0,0,0,56,30,31,28,29,30,57,0,0,0,0,56,29,30,31,57,0,0,31,28,29,30,31,28,0,0,0,0,29,30,31,28,29,30,31,28,29,0,0,0,0,0,0,0,0,0,0,
0,0,0,0,0,0,0,0,0,0,0,0,16,17,18,19,16,17,0,0,0,0,0,0,16,17,18,19,16,0,0,0,0,0,0,0,0,0,0,0,0,0,0,0,16,17,18,19,16,0,0,0,0,0,56,19,16,17,18,19,57,0,0,0,16,17,18,19,16,57,18,19,16,17,18,19,16,0,0,0,0,17,18,19,16,17,18,19,16,17,57,57,0,0,0,0,0,0,0,0,
0,0,0,0,0,0,0,0,0,0,0,23,20,21,22,23,20,0,0,0,0,0,0,0,20,21,22,23,20,0,0,0,0,0,0,0,0,0,0,0,0,0,0,0,20,21,22,23,20,0,0,0,0,0,0,56,20,21,22,23,20,57,22,23,20,21,22,23,20,21,22,23,20,21,22,23,20,0,0,0,20,21,22,23,20,21,22,23,20,21,22,23,57,0,0,0,0,0,0,0,
0,0,0,0,0,0,0,0,0,0,26,27,24,25,26,27,24,0,0,0,0,0,0,0,24,25,26,27,24,0,0,0,0,0,0,0,0,0,0,0,0,0,0,0,24,25,26,27,24,0,0,0,0,0,0,0,0,56,26,27,24,25,26,27,24,25,26,27,24,25,26,27,24,25,26,27,0,0,0,0,24,25,26,27,24,25,26,27,24,25,26,27,24,0,0,0,0,0,0,0,
0,0,0,0,0,0,0,0,0,0,30,31,28,29,30,31,0,0,0,0,0,0,0,0,28,29,30,31,28,0,0,0,0,0,0,0,0,0,0,0,0,0,0,0,28,29,30,31,28,0,0,0,0,0,0,0,0,0,56,31,28,29,30,31,28,29,30,31,28,29,30,31,28,29,30,31,0,0,0,0,28,29,30,31,28,29,30,31,28,29,30,31,28,0,0,0,0,0,0,0,
0,0,0,0,0,0,0,0,0,0,18,19,16,17,18,19,0,0,0,0,0,0,0,19,16,17,18,19,16,0,0,0,0,0,0,0,0,0,0,0,0,0,0,19,16,17,18,19,16,0,0,0,0,0,0,0,0,0,0,56,16,17,18,19,16,17,18,19,16,17,18,19,16,17,18,0,0,0,0,0,16,17,18,19,16,17,18,19,16,17,18,19,0,0,0,0,0,0,0,0,
0,0,0,0,0,0,0,0,0,0,22,23,20,21,22,0,0,0,0,0,0,0,22,23,20,21,22,23,0,0,0,0,0,0,0,0,0,0,0,0,0,0,0,23,20,21,22,23,20,0,0,0,0,0,0,0,0,0,0,0,0,56,22,23,20,21,22,23,20,21,22,23,20,21,0,0,0,0,0,0,56,21,22,23,20,21,22,23,20,21,22,23,0,0,0,0,0,0,0,0,
0,0,0,0,0,0,0,0,0,0,26,27,24,25,26,0,0,0,0,0,0,25,26,27,24,25,26,27,0,0,0,0,0,0,0,0,0,0,0,0,0,0,0,56,24,25,26,27,24,57,0,0,0,0,0,0,0,0,0,0,0,0,56,27,24,25,26,27,24,25,26,27,24,0,0,0,0,0,0,0,0,56,26,27,24,25,26,27,24,0,0,0,0,0,0,0,0,0,0,0,
0,0,0,0,0,0,0,0,0,0,56,31,28,29,30,57,57,0,0,31,28,29,30,31,28,29,30,0,0,0,0,0,0,0,0,0,0,0,0,0,0,0,0,0,56,29,30,31,28,29,0,0,0,0,0,0,0,0,0,0,0,0,0,0,56,29,30,31,28,29,30,31,0,0,0,0,0,0,0,0,0,0,0,0,0,0,0,0,0,0,0,0,0,0,0,0,0,0,0,0,
0,0,0,0,0,0,0,0,0,0,0,56,16,17,18,19,16,57,18,19,16,17,18,19,16,17,0,0,0,0,0,0,0,0,0,0,0,0,0,0,0,0,0,0,16,17,18,19,16,17,0,0,0,0,0,0,0,0,0,0,0,0,0,0,0,0,0,0,0,0,0,0,0,0,0,0,0,0,0,0,0,0,0,0,0,0,0,0,0,0,0,0,0,0,0,0,0,0,0,0,
0,0,0,0,0,0,0,0,0,0,0,0,56,21,22,23,20,21,22,23,20,21,22,23,20,0,0,0,0,0,0,0,0,0,0,0,0,0,0,0,0,0,0,0,20,21,22,23,20,21,0,0,0,0,0,0,0,0,0,0,0,0,0,0,0,0,0,0,0,0,0,0,0,0,0,0,0,0,0,0,0,0,0,0,0,0,0,0,0,0,0,0,0,0,0,0,0,0,0,0,
0,0,0,0,0,0,0,0,0,0,0,0,0,56,26,27,24,25,26,27,24,25,26,27,0,0,0,0,0,0,0,0,0,0,0,0,0,0,0,0,0,0,0,0,24,25,26,27,24,25,0,0,0,0,0,0,0,0,0,0,0,0,0,0,0,0,0,0,0,0,0,0,0,0,0,0,0,0,0,0,0,0,0,0,0,0,0,0,0,0,0,0,0,0,0,0,0,0,0,0,
0,0,0,0,0,0,0,0,0,0,0,0,0,0,0,0,56,29,30,31,28,29,0,0,0,0,0,0,0,0,0,0,0,0,0,0,0,0,0,0,0,0,0,0,28,29,30,31,28,0,0,0,0,0,0,0,0,0,0,0,0,0,0,0,0,0,0,0,0,0,0,0,0,0,0,0,0,0,0,0,0,0,0,0,0,0,0,0,0,0,0,0,0,0,0,0,0,0,0,0,
0,0,0,0,0,0,0,0,0,0,0,0,0,0,0,0,0,0,0,0,0,0,0,0,0,0,0,0,0,0,0,0,0,0,0,0,0,0,0,0,0,0,0,0,16,17,18,19,16,0,0,0,0,0,0,0,0,0,0,0,0,0,0,0,0,0,0,0,0,0,0,0,0,0,0,0,0,0,0,0,0,0,0,0,0,0,0,0,0,0,0,0,0,0,0,0,0,0,0,0,
0,0,0,0,0,0,0,0,0,0,0,0,0,0,0,0,0,0,0,0,0,0,0,0,0,0,0,0,0,0,0,0,0,0,0,0,0,0,0,0,0,0,0,0,20,21,22,23,20,0,0,0,0,0,0,0,0,0,0,0,0,0,0,0,0,0,0,0,0,0,0,0,0,0,0,0,0,0,0,0,0,0,0,0,0,0,0,0,0,0,0,0,0,0,0,0,0,0,0,0

[layer]
type=object
data=
0,0,0,0,0,0,0,0,0,0,0,0,0,0,0,0,0,0,0,0,0,0,0,0,0,0,0,0,0,0,0,0,0,0,0,0,0,0,0,0,0,0,0,0,0,0,0,0,0,0,0,0,0,0,0,0,0,0,0,0,0,0,0,0,0,0,0,0,0,0,0,0,0,0,0,0,0,0,0,0,0,0,0,0,0,0,0,0,0,0,0,0,0,0,0,0,0,0,0,0,
0,0,0,0,0,0,0,0,0,0,0,0,0,0,0,0,0,0,0,0,0,0,0,0,0,0,0,0,0,0,0,0,0,0,0,0,0,0,0,0,0,0,0,0,0,0,0,0,0,0,0,0,0,0,0,0,0,0,0,0,0,0,0,0,0,0,0,0,0,0,0,0,0,0,0,0,0,0,0,0,0,0,0,0,0,0,0,0,0,0,0,0,0,0,0,0,0,0,0,0,
0,0,0,0,0,0,0,0,0,0,0,0,0,0,0,0,0,0,0,0,0,0,0,0,0,0,0,0,0,0,0,0,0,0,0,0,0,0,0,0,0,0,0,0,0,0,0,0,0,0,0,0,0,0,0,0,0,0,0,0,0,0,0,0,0,0,0,0,0,0,0,0,0,0,0,0,0,0,0,0,0,0,0,0,0,0,0,0,0,0,0,0,0,0,0,0,0,0,0,0,
0,0,0,0,0,0,0,0,0,0,0,0,0,0,0,0,0,0,0,0,0,0,0,0,0,0,0,0,0,0,0,0,0,0,0,0,0,0,0,0,0,0,0,0,0,0,0,0,0,0,0,0,0,0,0,0,0,0,0,0,0,0,0,0,0,0,0,0,0,0,0,0,0,0,0,0,0,0,0,0,0,0,0,0,0,0,0,0,0,0,0,0,0,0,0,0,0,0,0,0,
0,0,0,0,0,0,0,0,0,0,0,0,0,0,0,0,0,0,0,0,0,0,0,0,0,0,0,0,0,0,0,0,0,0,0,0,0,0,0,0,0,0,0,0,0,0,0,0,0,0,0,0,0,0,0,0,0,0,0,0,0,0,0,0,0,0,0,0,0,0,0,0,0,0,0,0,0,0,0,0,0,0,0,0,0,0,0,0,0,0,0,0,0,0,0,0,0,0,0,0,
0,0,0,0,0,0,0,0,0,0,0,0,0,0,0,0,0,0,0,0,0,0,0,0,0,0,0,0,0,0,0,0,0,0,0,0,0,0,0,0,0,0,0,0,0,0,0,0,0,0,0,0,0,0,0,0,0,0,0,0,0,0,0,0,0,0,0,0,0,0,0,0,0,0,0,0,0,0,0,0,0,0,0,0,0,0,0,0,0,0,0,0,0,0,0,0,0,0,0,0,
0,0,0,0,0,0,0,0,0,0,0,0,0,0,0,0,0,0,0,0,0,0,0,0,0,0,0,0,0,0,0,0,0,0,0,0,0,0,0,0,0,0,0,0,0,0,0,0,0,0,0,0,0,0,0,0,0,0,0,0,0,0,0,0,0,0,0,0,0,0,0,0,0,0,0,114,97,101,97,97,97,77,0,0,0,0,0,0,0,0,0,0,0,0,0,0,0,0,0,0,
0,0,0,0,0,0,0,0,0,0,0,0,0,0,0,0,0,0,0,0,0,0,0,0,0,0,0,0,0,0,0,0,0,0,0,0,0,0,0,0,0,0,0,0,0,0,0,0,0,0,0,0,0,0,0,0,0,0,0,0,0,0,0,0,0,0,0,0,0,0,0,0,0,72,69,99,0,0,0,0,0,119,101,101,65,73,0,0,0,0,0,0,0,0,0,0,0,0,0,0,
0,0,0,0,0,0,0,0,0,0,0,0,0,0,0,0,0,0,0,0,0,0,0,0,0,0,0,0,0,0,0,0,0,0,0,0,0,0,0,0,0,0,0,0,0,0,0,0,0,0,0,0,0,0,0,0,0,0,0,0,0,0,0,0,0,0,0,0,0,0,0,0,76,80,0,0,0,0,0,0,0,0,0,0,0,117,73,0,0,0,0,0,0,0,0,0,0,0,0,0,
0,0,0,0,0,0,0,0,0,0,0,0,0,0,0,0,0,0,0,0,0,0,0,0,0,0,0,0,0,0,0,0,0,0,0,0,0,0,0,0,0,0,0,0,0,0,0,0,0,0,0,0,0,0,0,0,0,0,0,0,0,0,0,0,0,0,0,0,0,0,0,76,84,0,0,0,0,0,0,0,0,0,0,0,0,0,85,73,0,0,0,0,0,0,0,0,0,0,0,0,
0,0,0,0,0,0,0,0,0,0,0,0,0,0,0,0,0,0,0,0,0,0,0,0,0,0,0,0,0,0,0,0,0,0,0,0,0,0,0,0,0,0,0,0,0,0,0,0,0,0,0,0,0,0,0,0,0,0,0,0,0,0,0,0,0,0,0,0,0,0,0,100,0,0,0,0,0,0,0,0,0,0,0,0,0,0,0,121,77,0,0,0,0,0,0,0,0,0,0,0,
0,0,0,0,0,0,0,0,0,0,0,0,0,0,0,0,0,0,0,0,0,0,76,101,69,101,97,101,73,0,0,0,0,0,0,0,0,0,0,0,0,0,0,0,0,0,0,0,0,0,0,0,0,0,0,0,0,0,0,0,0,0,0,0,0,0,0,0,0,0,102,99,0,0,0,0,0,0,0,0,0,0,0,0,0,0,0,0,121,73,0,0,0,0,0,0,0,0,0,0,
0,0,0,0,0,0,0,0,0,0,0,0,0,0,0,0,0,0,0,0,0,98,80,0,0,0,0,0,119,97,97,69,101,97,65,73,0,0,76,113,97,113,101,65,73,0,0,0,0,0,0,0,102,69,113,101,101,113,69,65,113,65,73,0,0,0,0,0,0,0,96,0,0,0,0,0,0,0,86,71,71,67,116,0,0,0,0,0,0,66,0,0,0,0,0,0,0,0,0,0,
0,0,0,0,0,0,0,0,0,0,0,0,0,0,0,0,0,0,0,0,0,99,0,0,0,0,0,0,0,0,0,0,0,0,0,81,97,65,84,0,0,0,0,0,121,101,73,0,0,0,114,69,115,0,0,0,0,0,0,0,0,0,119,101,77,0,0,0,0,0,112,0,0,0,0,0,0,82,74,0,0,0,75,120,0,0,0,0,0,66,0,0,0,0,0,0,0,0,0,0,
0,0,0,0,0,0,0,0,0,0,0,0,0,0,0,0,0,0,0,0,0,0,0,0,0,0,0,0,0,0,0,0,0,0,0,0,0,0,0,0,0,0,0,0,0,0,81,113,101,65,84,0,0,0,0,0,0,0,0,0,0,0,0,0,117,73,0,0,0,0,96,0,0,0,0,0,0,66,0,0,0,0,0,79,116,0,0,0,0,70,0,0,0,0,0,0,0,0,0,0,
0,0,0,0,0,0,0,0,0,0,0,0,0,0,0,0,0,0,0,0,0,0,0,0,0,0,0,0,0,0,0,0,0,0,0,0,0,0,0,0,0,0,0,0,0,0,0,0,0,0,0,0,0,0,0,0,0,0,0,0,0,0,0,0,0,119,73,0,0,0,75,120,0,0,0,0,0,70,0,0,0,0,0,0,79,87,0,0,0,85,77,0,0,0,0,0,0,0,0,0,
0,0,102,97,101,113,113,97,101,101,77,0,0,0,0,0,0,0,0,0,0,118,0,0,0,0,0,0,0,0,0,0,0,0,0,0,0,0,0,0,0,0,0,0,0,0,0,0,0,0,0,0,0,0,0,0,0,0,0,0,0,0,0,0,0,0,85,73,0,0,0,68,0,0,0,0,0,70,0,0,0,0,0,0,0,96,0,0,0,0,70,0,0,0,0,0,0,0,0,0,
0,98,84,0,0,0,0,0,0,0,85,97,69,73,0,0,0,0,0,0,0,75,87,0,0,0,0,0,0,0,0,0,0,82,67,67,71,116,0,0,0,0,0,0,0,0,0,0,0,0,0,0,0,0,0,0,0,86,71,116,0,0,0,0,0,0,0,81,101,73,0,68,0,0,0,0,0,66,0,0,0,0,0,0,0,64,0,0,0,0,85,73,0,0,0,0,0,0,0,0,
0,68,0,0,0,0,0,0,0,0,0,0,0,81,69,77,0,0,0,0,0,0,79,118,0,0,0,0,0,0,0,0,86,78,0,0,0,79,116,0,0,0,0,0,0,0,0,0,0,0,0,0,0,0,0,0,86,74,0,79,71,83,0,0,0,0,0,0,0,81,69,80,0,0,0,0,0,70,0,0,0,0,0,0,0,96,0,0,0,0,0,70,0,0,0,0,0,0,0,0,
0,96,0,0,0,0,0,0,0,0,0,0,0,0,0,85,77,0,0,0,0,0,0,112,0,0,0,0,0,0,0,0,70,0,0,0,0,0,75,87,0,0,0,0,0,0,0,0,0,82,67,67,71,67,67,71,78,0,0,0,0,75,67,83,0,0,0,0,0,0,0,0,0,0,0,0,0,70,0,0,0,0,0,0,0,79,116,0,0,0,0,121,73,0,0,0,0,0,0,0,
0,68,0,0,0,0,82,71,67,118,0,0,0,0,0,0,85,77,0,0,0,0,0,79,83,0,0,0,0,0,0,86,74,0,0,0,0,0,0,100,0,0,0,0,0,0,0,0,0,70,0,0,0,0,0,0,0,0,0,0,0,0,0,75,67,118,0,0,0,0,0,0,0,0,0,0,0,66,0,0,0,0,0,0,0,0,96,0,0,0,0,0,66,0,0,0,0,0,0,0,
0,64,0,0,0,0,70,0,0,79,71,71,87,0,0,0,0,119,113,73,0,0,0,0,96,0,0,0,0,0,82,78,0,0,0,0,0,0,0,79,118,0,0,0,0,0,0,0,0,66,0,0,0,0,0,0,0,0,0,0,0,0,0,0,0,64,0,0,0,0,0,0,0,0,0,0,0,70,0,0,0,0,0,0,0,0,96,0,0,0,0,0,70,0,0,0,0,0,0,0,
0,112,0,0,0,0,66,0,0,0,0,0,100,0,0,0,0,0,0,70,0,0,0,0,68,0,0,0,0,0,70,0,0,0,0,0,0,0,0,0,75,87,0,0,0,0,0,0,0,66,0,0,0,0,0,0,0,0,0,0,0,0,0,0,0,75,71,116,0,0,0,0,0,0,0,0,82,74,0,0,0,0,0,0,0,102,103,0,0,0,0,0,70,0,0,0,0,0,0,0,
0,79,116,0,0,0,119,113,73,0,0,0,75,67,83,0,0,0,0,81,77,0,0,0,100,0,0,0,0,0,66,0,0,0,0,0,0,0,0,0,0,79,116,0,0,0,0,0,86,78,0,0,0,0,0,0,0,0,0,0,0,0,0,0,0,0,0,75,71,83,0,0,0,0,0,82,74,0,0,0,0,0,0,0,0,100,0,0,0,0,0,0,66,0,0,0,0,0,0,0,
0,0,75,118,0,0,0,0,81,73,0,0,0,0,75,116,0,0,0,0,121,73,0,114,84,0,0,0,0,0,70,0,0,0,0,0,0,0,0,0,0,0,79,120,0,0,0,0,66,0,0,0,0,0,0,0,0,0,0,0,0,0,0,0,0,0,0,0,0,75,67,83,0,0,86,78,0,0,0,0,0,0,0,0,0,64,0,0,0,0,0,0,70,0,0,0,0,0,0,0,
0,0,0,75,83,0,0,0,0,119,77,0,0,0,0,79,118,0,0,0,0,85,101,84,0,0,0,0,0,82,78,0,0,0,0,0,0,0,0,0,0,0,0,112,0,0,0,0,70,0,0,0,0,0,0,0,0,0,0,0,0,0,0,0,0,0,0,0,0,0,0,79,67,67,74,0,0,0,0,0,0,0,0,0,0,100,0,0,0,0,0,0,70,0,0,0,0,0,0,0,
0,0,0,0,75,116,0,0,0,0,70,0,0,0,0,0,79,67,116,0,0,0,0,0,0,0,0,0,0,70,0,0,0,0,0,0,0,0,0,0,0,0,0,75,116,0,0,0,66,0,0,0,0,0,0,0,0,0,0,0,0,0,0,114,101,97,97,101,73,0,0,0,0,0,0,0,0,0,0,0,0,0,0,0,0,64,0,0,0,0,0,0,66,0,0,0,0,0,0,0,
0,0,0,0,0,79,116,0,0,0,119,73,0,0,0,0,0,0,75,118,0,0,0,0,0,0,0,0,82,74,0,0,0,0,0,0,0,0,0,0,0,0,0,0,100,0,0,0,66,0,0,0,0,0,0,0,0,0,0,0,0,0,102,99,0,0,0,0,81,73,0,0,0,0,0,0,0,0,0,0,0,0,0,76,113,99,0,0,0,0,0,0,66,0,0,0,0,0,0,0,
0,0,0,0,0,0,100,0,0,0,0,66,0,0,0,0,0,0,0,64,0,0,0,0,0,0,0,0,70,0,0,0,0,0,0,0,0,0,0,0,0,0,0,76,99,0,0,0,66,0,0,0,0,0,0,0,0,0,0,0,114,101,115,0,0,0,0,0,0,121,113,101,77,0,0,0,0,0,0,76,65,101,113,115,0,0,0,0,0,0,0,0,66,0,0,0,0,0,0,0,
0,0,0,0,0,0,96,0,0,0,0,66,0,0,0,0,0,0,0,79,67,83,0,0,0,0,82,71,78,0,0,0,0,0,0,0,0,0,0,0,0,0,98,103,0,0,0,0,70,0,0,0,0,0,0,0,0,0,102,69,103,0,0,0,0,0,0,0,0,0,0,0,117,113,77,0,0,0,0,68,0,0,0,0,0,0,0,0,0,0,0,86,74,0,0,0,0,0,0,0,
0,0,0,0,0,98,80,0,0,0,0,66,0,0,0,0,0,0,0,0,0,75,67,67,67,71,78,0,0,0,0,0,0,0,0,0,0,0,0,0,0,0,100,0,0,0,0,86,78,0,0,0,0,0,0,0,102,65,84,0,0,0,0,0,0,0,0,0,0,0,0,0,0,0,119,113,69,101,97,84,0,0,0,0,0,0,0,0,0,0,0,70,0,0,0,0,0,0,0,0,
0,0,0,0,0,64,0,0,0,0,0,66,0,0,0,0,0,0,0,0,0,0,0,0,0,0,0,0,0,0,0,0,0,0,0,0,0,0,0,0,0,72,99,0,0,0,0,66,0,0,0,0,0,0,0,0,64,0,0,0,0,0,0,0,0,0,0,0,0,0,0,0,0,0,0,0,0,0,0,0,0,0,0,0,0,0,0,0,0,0,86,74,0,0,0,0,0,0,0,0,
0,0,0,0,0,96,0,0,0,0,82,74,0,0,0,0,0,0,0,72,101,69,97,73,0,0,0,0,0,0,0,0,0,0,0,0,0,0,0,0,0,96,0,0,0,0,82,78,0,0,0,0,0,0,0,114,115,0,0,0,0,0,0,0,0,86,71,67,71,67,83,0,0,0,0,0,0,0,0,0,0,0,0,0,0,0,0,0,0,86,74,0,0,0,0,0,0,0,0,0,
0,0,0,0,0,79,118,0,0,0,70,0,0,0,0,0,0,0,72,103,0,0,0,85,97,73,0,0,0,0,0,0,0,0,0,0,0,0,0,0,0,68,0,0,0,0,70,0,0,0,0,0,0,0,102,103,0,0,0,0,0,0,0,86,71,74,0,0,0,0,75,67,67,120,0,0,0,0,0,0,0,0,0,0,0,0,0,0,86,78,0,0,0,0,0,0,0,0,0,0,
0,0,0,0,0,0,96,0,0,0,85,73,0,0,0,0,0,0,112,0,0,0,0,0,0,121,97,73,0,0,0,0,0,0,0,0,0,0,0,0,0,96,0,0,0,86,74,0,0,0,0,0,0,0,68,0,0,0,0,0,0,82,67,78,0,0,0,0,0,0,0,0,0,79,71,67,116,0,0,0,0,0,0,0,0,0,0,82,74,0,0,0,0,0,0,0,0,0,0,0,
0,0,0,0,0,0,79,116,0,0,0,66,0,0,0,0,0,0,64,0,0,0,0,0,0,0,0,119,77,0,0,0,0,0,0,0,0,0,0,0,0,96,0,0,0,70,0,0,0,0,0,0,0,72,80,0,0,0,0,0,82,78,0,0,0,0,0,0,0,0,0,0,0,0,0,0,75,71,71,71,83,0,0,0,82,71,67,78,0,0,0,0,0,0,0,0,0,0,0,0,
0,0,0,0,0,0,0,100,0,0,0,85,73,0,0,0,0,102,99,0,0,0,0,0,0,0,0,0,81,73,0,0,0,0,0,0,0,0,0,0,0,112,0,0,0,66,0,0,0,0,0,0,0,64,0,0,0,0,0,0,66,0,0,0,0,0,0,0,0,0,0,0,0,0,0,0,0,0,0,0,79,71,67,71,74,0,0,0,0,0,0,0,0,0,0,0,0,0,0,0,
0,0,0,0,0,0,0,75,116,0,0,0,81,77,0,0,76,99,0,0,0,0,0,0,0,0,0,0,0,117,77,0,0,0,0,0,0,0,0,0,0,112,0,0,0,66,0,0,0,0,0,0,76,80,0,0,0,0,0,86,78,0,0,0,0,0,0,0,0,0,0,0,0,0,0,0,0,0,0,0,0,0,0,0,0,0,0,0,0,0,0,0,0,0,0,0,0,0,0,0,
0,0,0,0,0,0,0,0,64,0,0,0,0,119,69,65,103,0,0,0,0,0,86,71,116,0,0,0,0,0,117,77,0,0,0,0,0,0,0,0,72,84,0,0,0,121,77,0,0,0,0,76,99,0,0,0,0,0,0,66,0,0,0,0,0,0,0,0,0,0,0,0,0,0,0,0,0,0,0,0,0,0,0,0,0,0,0,0,0,0,0,0,0,0,0,0,0,0,0,0,
0,0,0,0,0,0,0,0,79,83,0,0,0,0,0,0,0,0,0,0,0,82,74,0,75,67,120,0,0,0,0,70,0,0,0,0,0,0,0,72,115,0,0,0,0,0,70,0,0,98,101,115,0,0,0,0,0,0,86,74,0,0,0,0,0,0,0,0,0,0,0,0,0,0,114,69,84,0,0,117,69,73,0,0,0,0,0,0,0,0,0,0,0,0,0,0,0,0,0,0,
0,0,0,0,0,0,0,0,0,75,116,0,0,0,0,0,0,0,0,0,86,78,0,0,0,0,79,118,0,0,0,119,77,0,0,0,0,0,114,99,0,0,0,0,0,0,121,65,113,103,0,0,0,0,0,0,0,0,66,0,0,0,0,0,0,0,0,0,0,0,0,0,114,113,115,0,0,0,0,0,0,119,73,0,0,0,0,0,0,0,0,0,0,0,0,0,0,0,0,0,
0,0,0,0,0,0,0,0,0,0,79,87,0,0,0,0,0,0,0,82,74,0,0,0,0,0,0,96,0,0,0,0,66,0,0,98,113,69,84,0,0,0,0,0,0,0,0,0,0,0,0,0,0,0,0,0,0,0,121,101,101,65,69,65,65,73,0,0,114,69,113,97,80,0,0,0,0,0,0,0,0,0,121,113,77,0,0,0,0,0,0,0,0,0,0,0,0,0,0,0,
0,0,0,0,0,0,0,0,0,0,0,75,118,0,0,0,0,0,86,78,0,0,0,0,0,0,0,75,118,0,0,0,117,65,65,99,0,0,0,0,0,0,0,0,0,0,0,0,0,0,0,0,0,0,0,0,0,0,0,0,0,0,0,0,0,117,69,101,80,0,0,0,0,0,0,0,0,0,0,0,0,0,0,0,119,73,0,0,0,0,0,0,0,0,0,0,0,0,0,0,
0,0,0,0,0,0,0,0,0,0,0,0,75,118,0,0,0,82,74,0,0,0,0,0,0,0,0,0,100,0,0,0,0,0,0,0,0,0,0,0,0,0,0,0,0,0,0,0,0,0,0,0,0,0,0,0,0,0,0,0,0,0,0,0,0,0,0,0,0,0,0,0,0,0,0,0,0,0,0,0,0,0,0,0,0,117,73,0,0,0,0,0,0,0,0,0,0,0,0,0,
0,0,72,101,97,101,97,101,77,0,0,0,0,75,67,67,71,78,0,0,0,0,0,0,0,0,0,0,112,0,0,0,0,0,0,0,0,0,0,0,0,0,0,0,0,0,0,0,0,0,0,0,0,0,0,0,0,0,0,0,0,0,0,0,0,0,0,0,0,0,0,0,0,0,0,0,0,0,0,0,0,0,0,0,0,0,66,0,0,0,0,0,0,0,0,0,0,0,0,0,
102,97,99,0,0,0,0,0,119,65,73,0,0,0,0,0,0,0,0,0,0,0,0,0,0,0,0,114,84,0,0,0,0,0,0,0,0,0,0,0,0,0,0,0,0,0,0,0,0,0,0,0,86,67,67,71,67,67,71,67,71,83,0,0,0,0,0,0,0,0,0,0,0,0,0,0,0,0,0,0,0,0,0,0,0,0,66,0,0,0,0,0,0,0,0,0,0,0,0,0,
80,0,0,0,0,0,0,0,0,0,85,73,0,0,0,0,0,0,0,0,0,0,102,65,69,101,69,84,0,0,0,0,0,0,0,0,0,0,0,0,0,0,0,0,0,0,0,0,0,0,0,86,78,0,0,0,0,0,0,0,0,75,67,71,67,120,0,0,0,0,0,0,0,0,0,0,0,0,0,0,0,0,0,0,0,0,66,0,0,0,0,0,0,0,0,0,0,0,0,0,
0,0,0,0,0,0,0,0,0,0,0,121,101,69,69,113,69,69,97,65,101,101,115,0,0,0,0,0,0,0,0,0,0,0,0,0,0,0,0,0,0,0,0,0,0,0,0,0,0,82,71,74,0,0,0,0,0,0,0,0,0,0,0,0,0,75,67,71,71,116,0,0,0,0,0,0,0,0,0,0,0,0,0,0,0,0,66,0,0,0,0,0,0,0,0,0,0,0,0,0,
0,0,0,0,0,0,0,0,0,0,0,0,0,0,0,0,0,0,0,0,0,0,0,0,0,0,0,0,0,0,0,0,0,0,0,0,0,0,0,0,0,0,0,0,0,0,0,0,0,70,0,0,0,0,0,0,0,0,0,0,0,0,0,0,0,0,0,0,0,75,67,71,71,71,67,71,120,0,0,0,0,0,0,0,82,71,74,0,0,0,0,0,0,0,0,0,0,0,0,0,
0,0,0,0,0,0,0,0,0,0,0,0,0,0,0,0,0,0,0,0,0,0,0,0,0,0,0,0,0,0,0,0,0,0,0,0,0,0,0,0,0,0,0,0,0,0,82,67,71,74,0,0,0,0,0,0,0,0,0,0,0,0,0,0,0,0,0,0,0,0,0,0,0,0,0,0,75,67,118,0,0,0,0,82,78,0,0,0,0,0,0,0,0,0,0,0,0,0,0,0,
0,0,0,0,0,0,0,0,0,0,0,0,0,0,0,0,0,0,0,0,0,0,0,0,0,0,0,0,0,0,0,0,0,0,86,67,71,67,67,71,67,67,67,71,71,71,74,0,0,0,0,0,0,0,0,0,0,0,0,0,0,0,0,0,0,0,0,0,0,0,0,0,0,0,0,0,0,0,75,67,71,71,71,74,0,0,0,0,0,0,0,0,0,0,0,0,0,0,0,0,
67,67,67,67,67,67,67,71,71,67,67,116,0,0,0,0,0,0,0,0,0,0,0,0,0,0,0,0,0,0,0,0,82,67,74,0,0,0,0,0,0,0,0,0,0,0,0,0,0,0,0,0,0,0,0,0,0,0,0,0,0,0,0,0,0,0,0,0,0,0,0,0,0,0,0,0,0,0,0,0,0,0,0,0,0,0,0,0,0,0,0,0,0,0,0,0,0,0,0,0,
0,0,0,0,0,0,0,0,0,0,0,75,67,67,71,67,71,67,116,0,0,0,0,0,0,0,82,67,67,67,67,71,74,0,0,0,0,0,0,0,0,0,0,0,0,0,0,0,0,0,0,0,0,0,0,0,0,0,0,0,0,0,0,0,0,0,0,0,0,0,0,0,0,0,0,0,0,0,0,0,0,0,0,0,0,0,0,0,0,0,0,0,0,0,0,0,0,0,0,0,
0,0,0,0,0,0,0,0,0,0,0,0,0,0,0,0,0,0,75,67,87,0,0,0,0,82,74,0,0,0,0,0,0,0,0,0,0,0,0,0,0,0,0,0,0,0,0,0,0,0,0,0,0,0,0,0,0,0,0,0,0,0,0,0,0,0,0,0,0,0,0,0,0,0,0,0,0,0,0,0,0,0,0,0,0,0,0,0,0,0,0,0,0,0,0,0,0,0,0,0,
0,0,0,0,0,98,69,65,65,65,97,113,65,113,97,113,73,0,0,0,75,67,67,67,71,74,0,0,0,0,0,0,0,0,0,0,76,65,101,101,69,73,0,0,0,0,0,72,101,97,101,97,113,73,0,0,0,0,0,0,0,0,0,0,0,0,0,0,0,0,0,0,0,0,0,0,0,0,0,0,0,0,0,0,0,0,0,0,0,0,0,0,0,0,0,0,0,0,0,0,
0,0,114,101,65,115,0,0,0,0,0,0,0,0,0,0,119,69,73,0,0,0,0,0,0,0,0,0,0,72,101,113,65,113,101,101,99,0,0,0,0,85,69,73,0,0,76,80,0,0,0,0,0,81,97,97,65,65,65,101,73,0,72,65,65,113,113,101,113,73,0,0,0,0,0,102,69,69,113,97,73,0,0,0,0,0,0,0,0,0,0,0,0,0,0,0,0,0,0,0,
0,0,112,0,0,0,0,0,0,0,0,0,0,0,0,0,0,0,117,69,73,0,0,0,0,0,0,0,72,99,0,0,0,0,0,0,0,0,0,0,0,0,0,117,97,65,84,0,0,0,0,0,0,0,0,0,0,0,0,0,119,69,115,0,0,0,0,0,0,85,97,97,65,69,113,84,0,0,0,0,119,97,73,0,0,0,0,0,0,0,0,0,0,0,0,0,0,0,0,0,
0,0,64,0,0,0,0,0,0,0,0,0,0,0,0,0,0,0,0,0,121,65,65,73,0,0,0,98,99,0,0,0,0,0,0,0,0,0,0,0,0,0,0,0,0,0,0,0,0,0,0,0,0,0,0,0,0,0,0,0,0,0,0,0,0,0,0,0,0,0,0,0,0,0,0,0,0,0,0,0,0,0,85,97,77,0,0,0,0,0,0,0,0,0,0,0,0,0,0,0,
0,0,64,0,0,0,0,0,0,0,0,0,0,0,0,0,0,0,0,0,0,0,0,119,97,65,69,115,0,0,0,0,0,0,0,0,0,0,0,0,0,0,0,0,0,0,0,0,0,0,0,0,0,0,0,0,0,0,0,0,0,0,0,0,0,0,0,0,0,0,0,0,0,0,0,0,0,0,0,0,0,0,0,0,81,73,0,0,0,0,0,0,0,0,0,0,0,0,0,0,
0,0,64,0,0,0,0,0,0,0,0,0,0,0,0,0,0,0,0,0,0,0,0,0,0,0,0,0,0,0,0,0,0,0,0,0,0,0,0,0,0,0,0,0,0,0,0,0,0,0,0,0,0,0,0,0,0,0,0,0,0,0,0,0,0,0,0,0,0,0,0,0,0,0,0,0,0,0,0,0,0,0,0,0,0,85,69,77,0,0,0,0,0,0,0,0,0,0,0,0,
0,0,79,83,0,0,0,0,0,0,0,0,82,71,67,71,67,67,120,0,0,0,0,0,0,0,0,0,0,0,0,0,0,0,0,0,82,67,67,71,87,0,0,0,0,0,0,0,0,0,0,0,0,0,0,0,0,0,0,0,0,0,0,0,0,0,0,0,0,0,0,0,0,0,0,0,0,0,0,0,0,0,0,0,0,0,0,119,77,0,0,0,0,0,0,0,0,0,0,0,
0,0,0,79,83,0,0,0,0,0,0,86,78,0,0,0,0,0,75,120,0,0,0,0,0,0,0,0,0,0,0,0,0,0,0,86,74,0,0,0,75,118,0,0,0,0,0,0,0,0,0,0,86,67,116,0,0,0,0,0,82,71,67,116,0,0,0,0,0,0,0,0,82,67,71,67,67,67,67,67,71,116,0,0,0,0,0,0,85,73,0,0,0,0,0,0,0,0,0,0,
0,0,0,0,79,118,0,0,82,67,67,74,0,0,0,0,0,0,0,112,0,0,0,0,0,0,0,0,0,0,0,0,0,86,71,78,0,0,0,0,0,100,0,0,0,0,0,0,0,0,0,86,78,0,79,67,67,67,67,71,74,0,0,75,71,67,71,67,71,71,67,67,78,0,0,0,0,0,0,0,0,75,116,0,0,0,0,0,0,66,0,0,0,0,0,0,0,0,0,0,
0,0,0,0,0,0,0,0,0,0,0,0,0,0,0,0,0,0,0,100,0,0,0,0,0,0,0,82,71,67,67,67,67,74,0,0,0,0,0,0,0,75,116,0,0,0,0,0,0,0,86,74,0,0,0,0,0,0,0,0,0,0,0,0,0,0,0,0,0,0,0,0,0,0,0,0,0,0,0,0,0,0,75,87,0,0,0,0,0,117,73,0,0,0,0,0,0,0,0,0,
0,0,0,0,0,0,0,0,0,0,0,0,0,0,0,0,0,0,0,100,0,0,0,0,0,86,67,74,0,0,0,0,0,0,0,0,0,0,0,0,0,0,64,0,0,0,0,0,0,82,74,0,0,0,0,0,0,0,0,0,0,0,0,0,0,0,0,0,0,0,0,0,0,0,0,0,0,0,0,0,0,0,0,96,0,0,0,0,0,0,66,0,0,0,0,0,0,0,0,0,
0,0,0,0,0,0,0,0,0,0,0,0,0,0,0,0,0,0,114,103,0,0,0,0,82,78,0,0,0,0,0,0,0,0,0,0,0,0,0,0,0,0,68,0,0,0,0,0,82,74,0,0,0,0,0,0,0,0,0,0,0,0,0,0,0,0,0,0,0,0,0,0,0,0,0,0,102,65,101,113,97,97,65,115,0,0,0,0,0,0,70,0,0,0,0,0,0,0,0,0,
0,0,0,0,0,0,0,0,0,0,0,0,0,0,0,0,0,72,103,0,0,0,0,0,66,0,0,0,0,0,0,0,0,0,0,0,0,0,0,0,0,0,79,118,0,0,0,0,66,0,0,0,0,0,0,0,0,0,0,0,0,0,0,0,0,0,0,0,114,97,69,69,101,113,97,113,103,0,0,0,0,0,0,0,0,0,0,0,0,0,66,0,0,0,0,0,0,0,0,0,
0,0,0,76,65,65,65,73,0,0,0,0,0,114,113,101,113,103,0,0,0,0,0,82,74,0,0,0,0,0,0,0,0,0,0,0,0,0,0,0,0,0,0,100,0,0,0,0,117,73,0,0,0,0,0,0,0,0,0,0,0,0,0,0,114,97,65,101,103,0,0,0,0,0,0,0,0,0,0,0,0,0,0,0,0,0,0,0,0,0,70,0,0,0,0,0,0,0,0,0,
0,0,72,99,0,0,0,119,113,101,113,101,113,80,0,0,0,0,0,0,0,0,86,74,0,0,0,0,0,0,0,0,0,0,0,0,0,0,0,0,0,0,0,100,0,0,0,0,0,66,0,0,0,0,0,0,0,0,0,0,114,101,97,113,84,0,0,0,0,0,0,0,0,0,0,0,0,0,0,0,0,0,0,0,0,0,0,0,0,82,74,0,0,0,0,0,0,0,0,0,
0,114,103,0,0,0,0,0,0,0,0,0,0,0,0,0,0,0,0,0,0,82,74,0,0,0,0,0,0,0,0,0,0,0,0,0,0,0,0,0,0,0,0,75,87,0,0,0,0,70,0,0,0,0,0,0,0,0,0,0,68,0,0,0,0,0,0,0,0,0,0,0,0,0,0,0,0,0,0,0,0,0,0,0,0,0,0,0,0,66,0,0,0,0,0,0,0,0,0,0,
0,112,0,0,0,0,0,0,0,0,0,0,0,0,0,0,0,0,0,0,0,70,0,0,0,0,0,0,0,0,0,0,0,0,0,0,0,0,0,0,0,0,0,0,64,0,0,0,0,70,0,0,0,0,0,0,0,0,0,72,80,0,0,0,0,0,0,0,0,0,0,0,0,0,0,82,67,67,71,67,67,67,71,71,67,67,71,67,67,74,0,0,0,0,0,0,0,0,0,0,
72,99,0,0,0,0,0,0,0,0,0,0,0,0,0,0,0,0,0,0,82,78,0,0,0,0,0,0,0,0,0,0,0,0,0,0,0,0,0,0,0,0,0,0,96,0,0,0,0,70,0,0,0,0,0,0,0,0,0,112,0,0,0,0,0,0,0,0,82,67,71,67,71,67,67,74,0,0,0,0,0,0,0,0,0,0,0,0,0,0,0,0,0,0,0,0,0,0,0,0,
96,0,0,0,0,82,67,71,67,71,71,67,71,71,87,0,0,0,86,67,74,0,0,0,0,0,0,0,0,0,0,0,0,0,0,0,0,0,0,0,0,0,0,0,64,0,0,0,0,66,0,0,0,0,0,0,0,0,0,68,0,0,0,0,0,0,0,82,74,0,0,0,0,0,0,0,0,0,0,0,0,0,0,0,0,0,0,0,0,0,0,0,0,0,0,0,0,0,0,0,
64,0,0,0,0,66,0,0,0,0,0,0,0,0,79,71,67,67,78,0,0,0,0,0,0,0,0,0,0,0,0,0,0,0,0,0,0,0,0,0,0,0,0,0,96,0,0,0,0,66,0,0,0,0,0,0,0,0,0,112,0,0,0,0,0,86,67,74,0,0,0,0,0,0,0,0,0,0,0,0,0,0,0,0,0,0,0,0,0,0,0,0,0,0,0,0,0,0,0,0,
112,0,0,0,0,66,0,0,0,0,0,0,0,0,0,0,0,0,0,0,0,0,0,0,0,0,0,0,0,0,0,0,0,0,0,0,0,0,0,0,0,0,0,0,112,0,0,0,0,66,0,0,0,0,0,0,0,0,0,96,0,0,0,0,0,66,0,0,0,0,0,0,0,0,0,0,0,98,101,69,101,69,65,97,69,65,97,73,0,0,0,0,0,0,0,0,0,0,0,0,
64,0,0,0,0,66,0,0,0,0,0,0,0,0,0,0,0,0,0,0,0,0,0,0,0,0,0,0,0,0,76,97,65,69,65,77,0,0,0,0,0,0,0,0,112,0,0,0,0,70,0,0,0,0,0,0,0,0,0,100,0,0,0,0,0,66,0,0,0,0,0,0,0,0,0,0,114,99,0,0,0,0,0,0,0,0,0,85,113,73,0,0,0,0,0,0,0,0,0,0,
96,0,0,0,0,81,73,0,0,0,0,102,65,97,77,0,0,0,0,0,0,0,0,0,0,0,0,0,76,97,84,0,0,0,0,119,77,0,0,0,0,0,0,98,103,0,0,0,0,85,73,0,0,0,0,0,0,0,0,68,0,0,0,0,0,117,73,0,0,0,0,0,0,0,0,0,112,0,0,0,0,0,0,0,0,0,0,0,0,81,73,0,0,0,0,0,0,0,0,0,
64,0,0,0,0,0,70,0,0,98,65,84,0,0,81,69,77,0,0,0,0,0,0,0,0,0,0,114,84,0,0,0,0,0,0,0,81,65,113,69,97,65,69,80,0,0,0,0,0,0,85,77,0,0,0,0,0,0,0,75,118,0,0,0,0,0,85,73,0,0,0,0,0,0,114,97,115,0,0,0,0,0,0,0,0,0,0,0,0,0,66,0,0,0,0,0,0,0,0,0,
100,0,0,0,0,0,81,65,65,115,0,0,0,0,0,0,121,73,0,0,0,0,0,0,0,0,98,115,0,0,0,0,0,0,0,0,0,0,0,0,0,0,0,0,0,0,0,0,0,0,0,81,101,73,0,0,0,0,0,0,79,116,0,0,0,0,0,66,0,0,0,0,0,0,64,0,0,0,0,0,0,0,0,0,0,0,0,0,0,0,66,0,0,0,0,0,0,0,0,0,
75,120,0,0,0,0,0,0,0,0,0,0,0,0,0,0,0,66,0,0,0,0,0,0,0,0,112,0,0,0,0,0,0,0,0,0,0,0,0,0,0,0,0,0,0,0,0,0,0,0,0,0,0,119,73,0,0,0,0,0,0,68,0,0,0,0,0,66,0,0,0,0,0,76,115,0,0,0,0,0,82,67,71,120,0,0,0,0,0,0,70,0,0,0,0,0,0,0,0,0,
0,96,0,0,0,0,0,0,0,0,0,0,0,0,0,0,0,117,77,0,0,0,0,0,0,0,112,0,0,0,0,0,0,0,0,0,0,0,0,0,0,0,0,0,0,0,0,0,0,0,0,0,0,0,85,73,0,0,0,0,0,96,0,0,0,0,0,66,0,0,0,0,0,64,0,0,0,0,0,0,70,0,0,79,87,0,0,0,0,86,74,0,0,0,0,0,0,0,0,0,
0,79,118,0,0,0,0,0,0,0,0,0,0,0,0,0,0,0,81,73,0,0,0,0,0,114,84,0,0,0,0,82,67,67,67,87,0,0,0,0,0,0,0,0,0,0,0,0,0,0,0,0,0,0,0,81,73,0,0,0,0,75,116,0,0,0,0,66,0,0,0,0,102,115,0,0,0,0,0,0,70,0,0,0,64,0,0,0,0,66,0,0,0,0,0,0,0,0,0,0,
0,0,75,83,0,0,0,0,0,0,0,0,0,0,0,0,0,0,0,66,0,0,0,0,0,100,0,0,0,0,82,74,0,0,0,79,71,67,67,67,67,67,67,87,0,0,0,0,0,0,0,0,0,0,0,0,85,77,0,0,0,0,75,83,0,0,0,66,0,0,0,0,96,0,0,0,0,0,0,82,74,0,0,0,68,0,0,0,0,85,73,0,0,0,0,0,0,0,0,0,
0,0,0,79,87,0,0,0,0,0,0,86,71,83,0,0,0,0,0,66,0,0,0,0,0,96,0,0,0,0,66,0,0,0,0,0,0,0,0,0,0,0,0,75,83,0,0,0,0,0,0,0,0,0,0,0,0,81,73,0,0,0,0,64,0,0,0,121,73,0,0,0,112,0,0,0,0,0,86,74,0,0,0,98,115,0,0,0,0,0,66,0,0,0,0,0,0,0,0,0,
0,0,0,0,75,71,71,71,71,71,67,74,0,68,0,0,0,0,0,70,0,0,0,0,0,64,0,0,0,0,66,0,0,0,0,0,0,0,0,0,0,0,0,0,64,0,0,0,0,86,67,67,83,0,0,0,0,0,119,73,0,0,0,112,0,0,0,0,66,0,0,72,115,0,0,0,0,0,70,0,0,114,65,80,0,0,0,0,0,0,66,0,0,0,0,0,0,0,0,0,
0,0,0,0,0,0,0,0,0,0,0,0,0,68,0,0,0,0,0,66,0,0,0,0,98,99,0,0,0,86,74,0,0,0,0,0,0,0,0,0,0,0,0,0,68,0,0,0,0,66,0,0,75,116,0,0,0,0,0,119,73,0,0,75,118,0,0,0,119,73,0,112,0,0,0,0,0,82,74,0,0,96,0,0,0,0,0,0,0,0,66,0,0,0,0,0,0,0,0,0,
0,0,0,0,0,0,0,0,0,0,0,0,102,99,0,0,0,0,82,74,0,0,0,0,96,0,0,0,0,66,0,0,0,0,0,0,0,0,0,0,0,0,0,0,112,0,0,0,0,70,0,0,0,75,87,0,0,0,0,0,81,73,0,0,100,0,0,0,0,117,113,115,0,0,0,0,0,70,0,0,0,112,0,0,0,0,0,0,0,0,81,65,73,0,0,0,0,0,0,0,
0,0,0,0,0,0,0,0,0,0,0,98,103,0,0,0,0,82,74,0,0,0,0,0,68,0,0,0,0,70,0,0,0,0,0,0,0,0,0,0,0,0,0,0,100,0,0,0,0,66,0,0,0,0,75,120,0,0,0,0,0,85,113,65,80,0,0,0,0,0,0,0,0,0,0,0,0,70,0,0,102,115,0,0,0,0,0,0,0,0,0,0,119,0,0,0,0,0,0,0,
0,0,0,0,0,0,0,0,0,0,98,80,0,0,0,0,0,66,0,0,0,0,0,0,64,0,0,0,0,70,0,0,0,0,0,0,0,0,0,0,0,0,0,0,64,0,0,0,0,66,0,0,0,0,0,75,67,87,0,0,0,0,0,0,0,0,0,0,0,0,0,0,0,0,0,0,82,74,0,0,96,0,0,0,0,0,0,0,0,0,0,0,0,0,0,0,0,0,0,0,
0,0,0,0,0,0,0,0,0,0,68,0,0,0,0,0,82,78,0,0,0,0,0,0,96,0,0,0,0,70,0,0,0,0,0,0,0,0,0,0,0,0,0,0,100,0,0,0,0,70,0,0,0,0,0,0,0,79,87,0,0,0,0,0,0,0,0,0,0,0,0,0,0,0,0,0,66,0,0,0,96,0,0,0,0,0,0,0,0,0,0,0,0,0,0,0,0,0,0,0,
0,0,0,0,0,0,0,0,0,0,68,0,0,0,0,0,66,0,0,0,0,0,0,72,115,0,0,0,0,66,0,0,0,0,0,0,0,0,0,0,0,0,0,114,115,0,0,0,0,66,0,0,0,0,0,0,0,0,79,87,0,0,0,0,0,0,0,0,0,0,0,0,0,0,0,82,78,0,0,0,68,0,0,0,0,0,0,0,0,0,0,0,86,0,0,0,0,0,0,0,
0,0,0,0,0,0,0,0,0,0,112,0,0,0,0,86,74,0,0,0,0,0,114,99,0,0,0,0,86,78,0,0,0,0,0,0,0,0,0,0,0,0,0,68,0,0,0,0,0,66,0,0,0,0,0,0,0,0,0,75,71,120,0,0,0,0,0,0,0,0,0,0,0,0,82,74,0,0,0,0,96,0,0,0,0,0,0,0,0,0,0,0,70,0,0,0,0,0,0,0,
0,0,0,0,0,0,0,0,0,0,68,0,0,0,0,66,0,0,0,0,0,98,99,0,0,0,0,0,66,0,0,0,0,0,0,0,0,0,0,0,0,0,0,112,0,0,0,0,0,85,73,0,0,0,0,0,0,0,0,0,0,79,120,0,0,0,0,0,0,0,0,0,0,82,78,0,0,0,0,0,75,118,0,0,0,0,0,0,0,82,71,71,74,0,0,0,0,0,0,0,
0,0,0,0,0,0,0,0,0,0,112,0,0,0,0,81,65,73,0,98,69,80,0,0,0,0,0,82,74,0,0,0,0,0,0,0,0,0,0,0,0,0,0,75,87,0,0,0,0,0,70,0,0,0,0,0,0,0,0,0,0,0,75,67,116,0,0,0,0,0,0,0,82,74,0,0,0,0,0,0,0,79,67,67,71,67,71,67,67,74,0,0,0,0,0,0,0,0,0,0,
0,0,0,0,0,0,0,0,0,0,75,118,0,0,0,0,0,117,65,80,0,0,0,0,0,0,82,74,0,0,0,0,0,0,0,0,0,0,0,0,0,0,0,0,96,0,0,0,0,0,70,0,0,0,0,0,0,0,0,0,0,0,0,0,79,67,67,67,67,67,67,71,78,0,0,0,0,0,0,0,0,0,0,0,0,0,0,0,0,0,0,0,0,0,0,0,0,0,0,0,
0,0,0,0,0,0,0,0,0,0,0,75,83,0,0,0,0,0,0,0,0,0,0,0,0,86,78,0,0,0,0,0,0,0,0,0,0,0,0,0,0,0,0,0,100,0,0,0,0,0,70,0,0,0,0,0,0,0,0,0,0,0,0,0,0,0,0,0,0,0,0,0,0,0,0,0,0,0,0,0,0,0,0,0,0,0,0,0,0,0,0,0,0,0,0,0,0,0,0,0,
0,0,0,0,0,0,0,0,0,0,0,0,75,87,0,0,0,0,0,0,0,0,0,0,82,78,0,0,0,0,0,0,0,0,0,0,0,0,0,0,0,0,0,0,68,0,0,0,0,0,70,0,0,0,0,0,0,0,0,0,0,0,0,0,0,0,0,0,0,0,0,0,0,0,0,0,0,0,0,0,0,0,0,0,0,0,0,0,0,0,0,0,0,0,0,0,0,0,0,0,
0,0,0,0,0,0,0,0,0,0,0,0,0,75,67,67,87,0,0,0,0,0,82,67,78,0,0,0,0,0,0,0,0,0,0,0,0,0,0,0,0,0,0,0,64,0,0,0,0,86,78,0,0,0,0,0,0,0,0,0,0,0,0,0,0,0,0,0,0,0,0,0,0,0,0,0,0,0,0,0,0,0,0,0,0,0,0,0,0,0,0,0,0,0,0,0,0,0,0,0,
0,0,0,0,0,0,0,0,0,0,0,0,0,0,0,0,75,71,67,67,67,67,78,0,0,0,0,0,0,0,0,0,0,0,0,0,0,0,0,0,0,0,0,0,64,0,0,0,0,66,0,0,0,0,0,0,0,0,0,0,0,0,0,0,0,0,0,0,0,0,0,0,0,0,0,0,0,0,0,0,0,0,0,0,0,0,0,0,0,0,0,0,0,0,0,0,0,0,0,0,
0,0,0,0,0,0,0,0,0,0,0,0,0,0,0,0,0,0,0,0,0,0,0,0,0,0,0,0,0,0,0,0,0,0,0,0,0,0,0,0,0,0,0,0,100,0,0,0,0,66,0,0,0,0,0,0,0,0,0,0,0,0,0,0,0,0,0,0,0,0,0,0,0,0,0,0,0,0,0,0,0,0,0,0,0,0,0,0,0,0,0,0,0,0,0,0,0,0,0,0

[layer]
type=object_temp
data=
0,0,0,0,0,0,0,0,0,0,0,0,0,0,0,0,0,0,0,0,0,0,0,0,0,0,0,0,0,0,0,0,0,0,0,0,0,0,0,0,0,0,0,0,0,0,0,0,0,0,0,0,0,0,0,0,0,0,0,0,0,0,0,0,0,0,0,0,0,0,0,0,0,0,0,0,0,0,0,0,0,0,0,0,0,0,0,0,0,0,0,0,0,0,0,0,0,0,0,0,
0,0,0,0,0,0,0,0,0,0,0,0,0,0,0,0,0,0,0,0,0,0,0,0,0,0,0,0,0,0,0,0,0,0,0,0,0,0,0,0,0,0,0,0,0,0,0,0,0,0,0,0,0,0,0,0,0,0,0,0,0,0,0,0,0,0,0,0,0,0,0,0,0,0,0,0,0,0,0,0,0,0,0,0,0,0,0,0,0,0,0,0,0,0,0,0,0,0,0,0,
0,0,0,0,0,0,0,0,0,0,0,0,0,0,0,0,0,0,0,0,0,0,0,0,0,0,0,0,0,0,0,0,0,0,0,0,0,0,0,0,0,0,0,0,0,0,0,0,0,0,0,0,0,0,0,0,0,0,0,0,0,0,0,0,0,0,0,0,0,0,0,0,0,0,0,0,0,0,0,0,0,0,0,0,0,0,0,0,0,0,0,0,0,0,0,0,0,0,0,0,
0,0,0,0,0,0,0,0,0,0,0,0,0,0,0,0,0,0,0,0,0,0,0,0,0,0,0,0,0,0,0,0,0,0,0,0,0,0,0,0,0,0,0,0,0,0,0,0,0,0,0,0,0,0,0,0,0,0,0,0,0,0,0,0,0,0,0,0,0,0,0,0,0,0,0,0,0,0,0,0,0,0,0,0,0,0,0,0,0,0,0,0,0,0,0,0,0,0,0,0,
0,0,0,0,0,0,0,0,0,0,0,0,0,0,0,0,0,0,0,0,0,0,0,0,0,0,0,0,0,0,0,0,0,0,0,0,0,0,0,0,0,0,0,0,0,0,0,0,0,0,0,0,0,0,0,0,0,0,0,0,0,0,0,0,0,0,0,0,0,0,0,0,0,0,0,0,0,0,0,0,0,0,0,0,0,0,0,0,0,0,0,0,0,0,0,0,0,0,0,0,
0,0,0,0,0,0,0,0,0,0,0,0,0,0,0,0,0,0,0,0,0,0,0,0,0,0,0,0,0,0,0,0,0,0,0,0,0,0,0,0,0,0,0,0,0,0,0,0,0,0,0,0,0,0,0,0,0,0,0,0,0,0,0,0,0,0,0,0,0,0,0,0,0,0,0,0,0,0,0,0,0,0,0,0,0,0,0,0,0,0,0,0,0,0,0,0,0,0,0,0,
0,0,0,0,0,0,0,0,0,0,0,0,0,0,0,0,0,0,0,0,0,0,0,0,0,0,0,0,0,0,0,0,0,0,0,0,0,0,0,0,0,0,0,0,0,0,0,0,0,0,0,0,0,0,0,0,0,0,0,0,0,0,0,0,0,0,0,0,0,0,0,0,0,0,0,0,0,0,0,0,0,0,0,0,0,0,0,0,0,0,0,0,0,0,0,0,0,0,0,0,
0,0,0,0,0,0,0,0,0,0,0,0,0,0,0,0,0,0,0,0,0,0,0,0,0,0,0,0,0,0,0,0,0,0,0,0,0,0,0,0,0,0,0,0,0,0,0,0,0,0,0,0,0,0,0,0,0,0,0,0,0,0,0,0,0,0,0,0,0,0,0,0,0,0,0,0,0,0,0,0,0,0,0,0,0,0,0,0,0,0,0,0,0,0,0,0,0,0,0,0,
0,0,0,0,0,0,0,0,0,0,0,0,0,0,0,0,0,0,0,0,0,0,0,0,0,0,0,0,0,0,0,0,0,0,0,0,0,0,0,0,0,0,0,0,0,0,0,0,0,0,0,0,0,0,0,0,0,0,0,0,0,0,0,0,0,0,0,0,0,0,0,0,0,0,0,0,0,0,0,0,0,0,0,0,0,0,0,0,0,0,0,0,0,0,0,0,0,0,0,0,
0,0,0,0,0,0,0,0,0,0,0,0,0,0,0,0,0,0,0,0,0,0,0,0,0,0,0,0,0,0,0,0,0,0,0,0,0,0,0,0,0,0,0,0,0,0,0,0,0,0,0,0,0,0,0,0,0,0,0,0,0,0,0,0,0,0,0,0,0,0,0,0,0,0,0,0,0,0,0,0,0,0,0,0,0,0,0,0,0,0,0,0,0,0,0,0,0,0,0,0,
0,0,0,0,0,0,0,0,0,0,0,0,0,0,0,0,0,0,0,0,0,0,0,0,0,0,0,0,0,0,0,0,0,0,0,0,0,0,0,0,0,0,0,0,0,0,0,0,0,0,0,0,0,0,0,0,0,0,0,0,0,0,0,0,0,0,0,0,0,0,0,0,0,0,0,0,0,0,0,0,0,0,0,0,0,0,0,0,0,0,0,0,0,0,0,0,0,0,0,0,
0,0,0,0,0,0,0,0,0,0,0,0,0,0,0,0,0,0,0,0,0,0,0,0,0,0,0,0,0,0,0,0,0,0,0,0,0,0,0,0,0,0,0,0,0,0,0,0,0,0,0,0,0,0,0,0,0,0,0,0,0,0,0,0,0,0,0,0,0,0,0,0,0,0,0,0,0,0,0,0,0,0,0,0,0,0,0,0,0,0,0,0,0,0,0,0,0,0,0,0,
0,0,0,0,0,0,0,0,0,0,0,0,0,0,0,0,0,0,0,0,0,0,0,0,0,0,0,0,0,0,0,0,0,0,0,0,0,0,0,0,0,0,0,0,0,0,0,0,0,0,0,0,0,0,0,0,0,0,0,0,0,0,0,0,0,0,0,0,0,0,0,0,0,0,0,0,0,0,0,0,0,0,0,0,0,0,0,0,0,0,0,0,0,0,0,0,0,0,0,0,
0,0,0,0,0,0,0,0,0,0,0,0,0,0,0,0,0,0,0,0,0,0,0,0,0,0,0,0,0,0,0,0,0,0,0,0,0,0,0,0,0,0,0,0,0,0,0,0,0,0,0,0,0,0,0,0,0,0,0,0,0,0,0,0,0,0,0,0,0,0,0,0,0,0,0,0,0,0,0,0,0,0,0,0,0,0,0,0,0,0,0,0,0,0,0,0,0,0,0,0,
0,0,0,0,0,0,0,0,0,0,0,0,0,0,0,0,0,0,0,0,0,240,0,0,0,0,0,0,0,0,0,0,0,0,0,0,0,0,0,0,0,0,0,0,0,0,0,0,0,0,0,0,0,0,0,0,0,0,0,0,0,0,0,0,0,0,0,0,0,0,0,0,0,0,0,0,0,0,0,0,0,0,0,0,0,0,0,0,0,0,0,0,0,0,0,0,0,0,0,0,
0,0,0,0,0,0,0,0,0,0,0,0,0,0,0,0,0,0,0,0,0,240,0,0,0,0,0,0,0,0,0,0,0,0,0,0,0,0,0,0,0,0,0,0,0,0,0,0,0,0,0,0,0,0,0,0,0,0,0,0,0,0,0,0,0,0,0,0,0,0,0,0,0,0,0,0,0,0,0,0,0,0,0,0,0,0,0,0,0,0,0,0,0,0,0,0,0,0,0,0,
0,0,0,0,0,0,0,0,0,0,0,0,0,0,0,0,0,0,0,0,0,0,0,0,0,0,0,0,0,0,0,0,0,0,0,0,0,0,0,0,0,0,0,0,0,0,0,0,0,0,0,0,0,0,0,0,0,0,0,0,0,0,0,0,0,0,0,0,0,0,0,0,0,0,0,0,0,0,0,0,0,0,0,0,0,0,0,0,0,0,0,0,0,0,0,0,0,0,0,0,
0,0,0,0,0,0,0,0,0,0,0,0,0,0,0,0,0,0,0,0,0,0,0,0,0,0,0,0,0,0,0,0,0,0,0,0,0,0,0,0,0,0,0,0,0,0,0,0,0,0,0,0,0,0,0,0,0,0,0,0,0,0,0,0,0,0,0,0,0,0,0,0,0,0,0,0,0,0,0,0,0,0,0,0,0,0,0,0,0,0,0,0,0,0,0,0,0,0,0,0,
0,0,0,0,0,0,0,0,0,0,0,0,0,0,0,0,0,0,0,0,0,0,0,0,0,0,0,0,0,0,0,0,0,0,0,0,0,0,0,0,0,0,0,0,0,0,0,0,0,0,0,0,0,0,0,0,0,0,0,0,0,0,0,0,0,0,0,0,0,0,0,0,0,0,0,0,0,0,0,0,0,0,0,0,0,0,0,0,0,0,0,0,0,0,0,0,0,0,0,0,
0,0,0,0,0,0,0,0,0,0,0,0,0,0,0,0,0,0,0,0,0,0,0,0,0,0,0,0,0,0,0,0,0,0,0,0,0,0,0,0,0,0,0,0,0,0,0,0,0,0,0,0,0,0,0,0,0,0,0,0,0,0,0,0,0,0,0,0,0,0,0,0,0,0,0,0,0,0,0,0,0,0,0,0,0,0,0,0,0,0,0,0,0,0,0,0,0,0,0,0,
0,0,0,0,0,0,0,0,0,0,0,0,0,0,0,0,0,0,0,0,0,0,0,0,0,0,0,0,0,0,0,0,0,0,0,0,0,0,0,0,0,0,0,0,0,0,0,0,0,0,0,0,0,0,0,0,0,0,0,0,0,0,0,0,0,0,0,0,0,0,0,0,0,0,0,0,0,0,0,0,0,0,0,0,0,0,0,0,0,0,0,0,0,0,0,0,0,0,0,0,
0,0,0,0,0,0,0,0,0,0,0,0,0,0,0,0,0,0,0,0,0,0,0,0,0,0,0,0,0,0,0,0,0,0,0,0,0,0,0,0,0,0,0,0,0,0,0,0,0,0,0,0,0,0,0,0,0,0,0,0,0,0,0,0,0,0,0,0,0,0,0,0,0,0,0,0,0,0,0,0,0,0,0,0,0,0,0,0,0,0,0,0,0,0,0,0,0,0,0,0,
0,0,0,0,0,0,0,0,0,0,0,0,0,0,0,0,0,0,0,0,0,0,0,0,0,0,0,0,0,0,0,0,0,0,0,0,0,0,0,0,0,0,0,0,0,0,0,0,0,0,0,0,0,0,0,0,0,0,0,0,0,0,0,0,0,0,0,0,0,0,0,0,0,0,0,0,0,0,0,0,0,0,0,0,0,0,0,0,0,0,0,0,0,0,0,0,0,0,0,0,
0,0,0,0,0,0,0,0,0,0,0,0,0,0,0,0,0,0,0,0,0,0,0,0,0,0,0,0,0,0,0,0,0,0,0,0,0,0,0,0,0,0,0,0,0,0,0,0,0,0,0,0,0,0,0,0,0,0,0,0,0,0,0,0,0,0,0,0,0,0,0,0,0,0,0,0,0,0,0,0,0,0,0,0,0,0,0,0,0,0,0,0,0,0,0,0,0,0,0,0,
0,0,0,0,0,0,0,0,0,0,0,0,0,0,0,0,0,0,0,0,0,0,0,0,0,0,0,0,0,0,0,0,0,0,0,0,0,0,0,0,0,0,0,0,0,0,0,0,0,0,0,0,0,0,0,0,0,0,0,0,0,0,0,0,0,0,0,0,0,0,0,0,0,0,0,0,0,0,0,0,0,0,0,0,0,0,0,0,0,0,0,0,0,0,0,0,0,0,0,0,
0,0,0,0,0,0,0,0,0,0,0,0,0,0,0,0,0,0,0,0,0,0,0,0,0,0,0,0,0,0,0,0,0,0,0,0,0,0,0,0,0,0,0,0,0,0,0,0,0,0,0,0,0,0,0,0,0,0,0,0,0,0,0,0,0,0,0,0,0,0,0,0,0,0,0,0,0,0,0,0,0,0,0,0,0,0,0,0,0,0,0,0,0,0,0,0,0,0,0,0,
0,0,0,0,0,0,0,0,0,0,0,0,0,0,0,0,0,0,0,0,0,0,0,0,0,0,0,0,0,0,0,0,0,0,0,0,0,0,0,0,0,0,0,0,0,0,0,0,0,0,0,0,0,0,0,0,0,0,0,0,0,0,0,0,0,0,0,0,0,0,0,0,0,0,0,0,0,0,0,0,0,0,0,0,0,0,0,0,0,0,0,0,0,0,0,0,0,0,0,0,
0,0,0,0,0,0,0,0,0,0,0,0,0,0,0,0,0,0,0,0,0,0,0,0,0,0,0,0,0,0,0,0,0,0,0,0,0,0,0,0,0,0,0,0,0,0,0,0,0,0,0,0,0,0,0,0,0,0,0,0,0,0,0,0,0,0,0,0,0,0,0,0,0,0,0,0,0,0,0,0,0,0,0,0,0,0,0,0,0,0,0,0,0,0,0,0,0,0,0,0,
0,0,0,0,0,0,0,0,0,0,0,0,0,0,0,0,0,0,0,0,0,0,0,0,0,0,0,0,0,0,0,0,0,0,0,0,0,0,0,0,0,0,0,0,0,0,0,0,0,0,0,0,0,0,0,0,0,0,0,0,0,0,0,0,0,0,0,0,0,0,0,0,0,0,0,0,0,0,0,0,0,0,0,0,0,0,0,0,0,0,0,0,0,0,0,0,0,0,0,0,
0,0,0,0,0,0,0,0,0,0,0,0,0,0,0,0,0,0,0,0,0,0,0,0,0,0,0,0,0,0,0,0,0,0,0,0,0,0,0,0,0,0,0,0,0,0,0,0,0,0,0,0,0,0,0,0,0,0,0,0,0,0,0,0,0,0,0,0,0,0,0,0,0,0,0,0,0,0,0,0,0,0,0,0,0,0,0,0,0,0,0,0,0,0,0,0,0,0,0,0,
0,0,0,0,0,0,0,0,0,0,0,0,0,0,0,0,0,0,0,0,0,0,0,0,0,0,0,0,0,0,0,0,0,0,0,0,0,0,0,0,0,0,0,0,0,0,0,0,0,0,0,0,0,0,0,0,0,0,0,0,0,0,0,0,0,0,0,0,0,0,0,0,0,0,0,0,0,0,0,0,0,0,0,0,0,0,0,0,0,0,0,0,0,0,0,0,0,0,0,0,
0,0,0,0,0,0,0,0,0,0,0,0,0,0,0,0,0,0,0,0,0,0,0,0,0,0,0,0,0,0,0,0,0,0,0,0,0,0,0,0,0,0,0,0,0,0,0,0,0,0,0,0,0,0,0,0,0,0,0,0,0,0,0,0,0,0,0,0,0,0,0,0,0,0,0,0,0,0,0,0,0,0,0,0,0,0,0,0,0,0,0,0,0,0,0,0,0,0,0,0,
0,0,0,0,0,0,0,0,0,0,0,0,0,0,0,0,0,0,0,0,0,0,0,0,0,0,0,0,0,0,0,0,0,0,0,0,0,0,0,0,0,0,0,0,0,0,0,0,0,0,0,0,0,0,0,0,0,0,0,0,0,0,0,0,0,0,0,0,0,0,0,0,0,0,0,0,0,0,0,0,0,0,0,0,0,0,0,0,0,0,0,0,0,0,0,0,0,0,0,0,
0,0,0,0,0,0,0,0,0,0,0,0,0,0,0,0,0,0,0,0,0,0,0,0,0,0,0,0,0,0,0,0,0,0,0,0,0,0,0,0,0,0,0,0,0,0,0,0,0,0,0,0,0,0,0,0,0,0,0,0,0,0,0,0,0,0,0,0,0,0,0,0,0,0,0,0,0,0,0,0,0,0,0,0,0,0,0,0,0,0,0,0,0,0,0,0,0,0,0,0,
0,0,0,0,0,0,0,0,0,0,0,0,0,0,0,0,0,0,0,0,0,0,0,0,0,0,0,0,0,0,0,0,0,0,0,0,0,0,0,0,0,0,0,0,0,0,0,0,0,0,0,0,0,0,0,0,0,0,0,0,0,0,0,0,0,0,0,0,0,0,0,0,0,0,0,0,0,0,0,0,0,0,0,0,0,0,0,0,0,0,0,0,0,0,0,0,0,0,0,0,
0,0,0,0,0,0,0,0,0,0,0,0,0,0,0,0,0,0,0,0,0,0,0,0,0,0,0,0,0,0,0,0,0,0,0,0,0,0,0,0,0,0,0,0,0,0,0,0,0,0,0,0,0,0,0,0,0,0,0,0,0,0,0,0,0,0,0,0,0,0,0,0,0,0,0,0,0,0,0,0,0,0,0,0,0,0,0,0,0,0,0,0,0,0,0,0,0,0,0,0,
0,0,0,0,0,0,0,0,0,0,0,0,0,0,0,0,0,0,0,0,0,0,0,0,0,0,0,0,0,0,0,0,0,0,0,0,0,0,0,0,0,0,0,0,0,0,0,0,0,0,0,0,0,0,0,0,0,0,0,0,0,0,0,0,0,0,0,0,0,0,0,0,0,0,0,0,0,0,0,0,0,0,0,0,0,0,0,0,0,0,0,0,0,0,0,0,0,0,0,0,
0,0,0,0,0,0,0,0,0,0,0,0,0,0,0,0,0,0,0,0,0,0,0,0,0,0,0,0,0,0,0,0,0,0,0,0,0,0,0,0,0,0,0,0,0,0,0,0,0,0,0,0,0,0,0,0,0,0,0,0,0,0,0,0,0,0,0,0,0,0,0,0,0,0,0,0,0,0,0,0,0,0,0,0,0,0,0,0,0,0,0,0,0,0,0,0,0,0,0,0,
0,0,0,0,0,0,0,0,0,0,0,0,0,0,0,0,0,0,0,0,0,0,0,0,0,0,0,0,0,0,0,0,0,0,0,0,0,0,0,0,0,0,0,0,0,0,0,0,0,0,0,0,0,0,0,0,0,0,0,0,0,0,0,0,0,0,0,0,0,0,0,0,0,0,0,0,0,0,0,0,0,0,0,0,0,0,0,0,0,0,0,0,0,0,0,0,0,0,0,0,
0,0,0,0,0,0,0,0,0,0,0,0,0,0,0,0,0,0,0,0,0,0,0,0,0,0,0,0,0,0,0,0,0,0,0,0,0,0,0,0,0,0,0,0,0,0,0,0,0,0,0,0,0,0,0,0,0,0,0,0,0,0,0,0,0,0,0,0,0,0,0,0,0,0,0,0,0,241,241,0,0,0,0,0,0,0,0,0,0,0,0,0,0,0,0,0,0,0,0,0,
0,0,0,0,0,0,0,0,0,0,0,0,0,0,0,0,0,0,0,0,0,0,0,0,0,0,0,0,0,0,0,0,0,0,0,0,0,0,0,0,0,0,0,0,0,0,0,0,0,0,0,0,0,0,0,0,0,0,0,0,0,0,0,0,0,0,0,0,0,0,0,0,0,0,0,0,0,0,0,0,0,0,0,0,0,0,0,0,0,0,0,0,0,0,0,0,0,0,0,0,
0,0,0,0,0,0,0,0,0,0,0,0,0,0,0,0,0,0,0,0,0,0,0,0,0,0,0,0,0,0,0,0,0,0,0,0,0,0,0,0,0,0,0,0,0,0,0,0,0,0,0,0,0,0,0,0,0,0,0,0,0,0,0,0,0,0,0,0,0,0,0,0,0,0,0,0,0,0,0,0,0,0,0,0,0,0,0,0,0,0,0,0,0,0,0,0,0,0,0,0,
0,0,0,0,0,0,0,0,0,0,0,0,0,0,0,0,0,0,0,0,0,0,0,0,0,0,0,0,0,0,0,0,0,0,0,0,0,0,0,0,0,0,0,0,0,0,0,0,0,0,0,0,0,0,0,0,0,0,0,0,0,0,0,0,0,0,0,0,0,0,0,0,0,0,0,0,0,0,0,0,0,0,0,0,0,0,0,0,0,0,0,0,0,0,0,0,0,0,0,0,
0,0,0,0,0,0,0,0,0,0,0,0,0,0,0,0,0,0,0,0,0,0,0,0,0,0,0,0,0,0,0,0,0,0,0,0,0,0,0,0,0,0,0,0,0,0,0,0,0,0,0,0,0,0,0,0,0,0,0,0,0,0,0,0,0,0,0,0,0,0,0,0,0,0,0,0,0,0,0,0,0,0,0,0,0,0,0,0,0,0,0,0,0,0,0,0,0,0,0,0,
0,0,0,0,0,0,0,0,0,0,0,0,0,0,0,0,0,0,0,0,0,0,0,0,0,0,0,0,0,0,0,0,0,0,0,0,0,0,0,0,0,0,0,0,0,0,0,0,0,0,0,0,0,0,0,0,0,0,0,0,0,0,0,0,0,0,0,0,0,0,0,0,0,0,0,0,0,0,0,0,0,0,0,0,0,0,0,0,0,0,0,0,0,0,0,0,0,0,0,0,
0,0,0,0,0,0,0,0,0,0,0,0,0,0,0,0,0,0,0,0,0,0,0,0,0,0,0,0,0,0,0,0,0,0,0,0,0,0,0,0,0,0,0,0,0,0,0,0,0,0,0,0,0,0,0,0,0,0,0,0,0,0,0,0,0,0,0,0,0,0,0,0,0,0,0,0,0,0,0,0,0,0,0,0,0,0,0,0,0,0,0,0,0,0,0,0,0,0,0,0,
0,0,0,0,0,0,0,0,0,0,0,0,0,0,0,0,0,0,0,0,0,0,0,0,0,0,0,0,0,0,0,0,0,0,0,0,0,0,0,0,0,0,0,0,0,0,0,0,0,0,0,0,0,0,0,0,0,0,0,0,0,0,0,0,0,0,0,0,0,0,0,0,0,0,0,0,0,0,0,0,0,0,0,0,0,0,0,0,0,0,0,0,0,0,0,0,0,0,0,0,
0,0,0,0,0,0,0,0,0,0,0,0,0,0,0,0,0,0,0,0,0,0,0,0,0,0,0,0,0,0,0,0,0,0,0,0,0,0,0,0,0,0,0,0,0,0,0,0,0,0,0,0,0,0,0,0,0,0,0,0,0,0,0,0,0,0,0,0,0,0,0,0,0,0,0,0,0,0,0,0,0,0,0,0,0,0,0,0,0,0,0,0,0,0,0,0,0,0,0,0,
0,0,0,0,0,0,0,0,0,0,0,0,0,0,0,0,0,0,0,0,0,0,0,0,0,0,0,0,0,0,0,0,0,0,0,0,0,0,0,0,0,0,0,0,0,0,0,0,0,0,0,0,0,0,0,0,0,0,0,0,0,0,0,0,0,0,0,0,0,0,0,0,0,0,0,0,0,0,0,0,0,0,0,0,0,0,0,0,0,0,0,0,0,0,0,0,0,0,0,0,
0,0,0,0,0,0,0,0,0,0,0,0,0,0,0,0,0,0,0,0,0,0,0,0,0,0,0,0,0,0,0,0,0,0,0,0,0,0,0,0,0,0,0,0,0,0,0,0,0,0,0,0,0,0,0,0,0,0,0,0,0,0,0,0,0,0,0,0,0,0,0,0,0,0,0,0,0,0,0,0,0,0,0,0,0,0,0,0,0,0,0,0,0,0,0,0,0,0,0,0,
0,0,0,0,0,0,0,0,0,0,0,0,0,0,0,0,0,0,0,0,0,0,0,0,0,0,0,0,0,0,0,0,0,0,0,0,0,0,0,0,0,0,0,0,0,0,0,0,0,0,0,0,0,0,0,0,0,0,0,0,0,0,0,0,0,0,0,0,0,0,0,0,0,0,0,0,0,0,0,0,0,0,0,0,0,0,0,0,0,0,0,0,0,0,0,0,0,0,0,0,
0,0,0,0,0,0,0,0,0,0,0,0,0,0,0,0,0,0,0,0,0,0,0,0,0,0,0,0,0,0,0,0,0,0,0,0,0,0,0,0,0,0,0,0,0,0,0,0,0,0,0,0,0,0,0,0,0,0,0,0,0,0,0,0,0,0,0,0,0,0,0,0,0,0,0,0,0,0,0,0,0,0,0,0,0,0,0,0,0,0,0,0,0,0,0,0,0,0,0,0,
0,0,0,0,0,0,0,0,0,0,0,0,0,0,0,0,0,0,0,0,0,0,0,0,0,0,0,0,0,0,0,0,0,0,0,0,0,0,0,0,0,0,0,0,0,0,0,0,0,0,0,0,0,0,0,0,0,0,0,0,0,0,0,0,0,0,0,0,0,0,0,0,0,0,0,0,0,0,0,0,0,0,0,0,0,0,0,0,0,0,0,0,0,0,0,0,0,0,0,0,
0,0,0,0,0,0,0,0,0,0,0,0,0,0,0,0,0,0,0,0,0,0,0,0,0,0,0,0,0,0,0,0,0,0,0,0,0,0,0,0,0,0,0,0,0,0,0,0,0,0,0,0,0,0,0,0,0,0,0,0,0,0,0,0,0,0,0,0,0,0,0,0,0,0,0,0,0,0,0,0,0,0,0,0,0,0,0,0,0,0,0,0,0,0,0,0,0,0,0,0,
0,0,0,0,0,0,0,0,0,0,0,0,0,0,0,0,0,0,0,0,0,0,0,0,0,0,0,0,0,0,0,0,0,0,0,0,0,0,0,0,0,0,0,0,0,0,0,0,0,0,0,0,0,0,0,0,0,0,0,0,0,0,0,0,0,0,0,0,0,0,0,0,0,0,0,0,0,0,0,0,0,0,0,0,0,0,0,0,0,0,0,0,0,0,0,0,0,0,0,0,
0,0,0,0,0,0,0,0,0,0,0,0,0,0,0,0,0,0,0,0,0,0,0,0,0,0,0,0,0,0,0,0,0,0,0,0,0,0,0,0,0,0,0,0,0,0,0,0,0,0,0,0,0,0,0,0,0,0,0,0,0,0,0,0,0,0,0,0,0,0,0,0,0,0,0,0,0,0,0,0,0,0,0,0,0,0,0,0,0,0,0,0,0,0,0,0,0,0,0,0,
0,0,0,0,0,0,0,0,0,0,0,0,0,0,0,0,0,0,0,0,0,0,0,0,0,0,0,0,0,0,0,0,0,0,0,0,0,0,0,0,0,0,0,0,0,0,0,0,0,0,0,0,0,0,0,0,0,0,0,0,0,0,0,0,0,0,0,0,0,0,0,0,0,0,0,0,0,0,0,0,0,0,0,0,0,0,0,0,0,0,0,0,0,0,0,0,0,0,0,0,
0,0,0,0,0,0,0,0,0,0,0,0,0,0,0,0,0,0,0,0,0,0,0,0,0,0,0,0,0,0,0,0,0,0,0,0,0,0,0,0,0,0,0,0,0,0,0,0,0,0,0,0,0,0,0,0,0,0,0,0,0,0,0,0,0,0,0,0,0,0,0,0,0,0,0,0,0,0,0,0,0,0,0,0,0,0,0,0,0,0,0,0,0,0,0,0,0,0,0,0,
0,0,0,0,0,0,0,0,0,0,0,0,0,0,0,0,0,0,0,0,0,0,0,0,0,0,0,0,0,0,0,0,0,0,0,0,0,0,0,0,0,0,0,0,0,0,0,0,0,0,0,0,0,0,0,0,0,0,0,0,0,0,0,0,0,0,0,0,0,0,0,0,0,0,0,0,0,0,0,0,0,0,0,0,0,0,0,0,0,0,0,0,0,0,0,0,0,0,0,0,
0,0,0,0,0,0,0,0,0,0,0,0,0,0,0,0,0,0,0,0,0,0,0,0,0,0,0,0,0,0,0,0,0,0,0,0,0,0,0,0,0,0,0,0,0,0,0,0,0,0,0,0,0,0,0,0,0,0,0,0,0,0,0,0,0,0,0,0,0,0,0,0,0,0,0,0,0,0,0,0,0,0,0,0,0,0,0,0,0,0,0,0,0,0,0,0,0,0,0,0,
0,0,0,0,0,0,0,0,0,0,0,0,0,0,0,0,0,0,0,0,0,0,0,0,0,0,0,0,0,0,0,0,0,0,0,0,0,0,0,0,0,0,0,0,0,0,0,0,0,0,0,0,0,0,0,0,0,0,0,0,0,0,0,0,0,0,0,0,0,0,0,0,0,0,0,0,0,0,0,0,0,0,0,0,0,0,0,0,0,0,0,0,0,0,0,0,0,0,0,0,
0,0,0,0,0,0,0,0,0,0,0,0,0,0,0,0,0,0,0,0,0,0,0,0,0,0,0,0,0,0,0,0,0,0,0,0,0,0,0,0,0,0,0,0,0,0,0,0,0,0,0,0,0,0,0,0,0,0,0,0,0,0,0,0,0,0,0,0,0,0,0,0,0,0,0,0,0,0,0,0,0,0,0,0,0,0,0,0,0,0,0,0,0,0,0,0,0,0,0,0,
0,0,0,0,0,0,241,241,0,0,0,0,0,0,0,0,0,0,0,0,0,0,0,0,0,0,0,0,0,0,0,0,0,0,0,0,0,0,0,0,0,0,0,0,0,0,0,0,0,0,0,0,0,0,0,0,0,0,0,0,0,0,0,0,0,0,0,0,0,0,0,0,0,0,0,0,0,0,0,0,0,0,0,0,0,0,0,0,0,0,0,0,0,0,0,0,0,0,0,0,
0,0,0,0,0,0,0,0,0,0,0,0,0,0,0,0,0,0,0,0,0,0,0,0,0,0,0,0,0,0,0,0,0,0,0,0,0,0,0,0,0,0,0,0,0,0,0,0,0,0,0,0,0,0,0,0,0,0,0,0,0,0,0,0,0,0,0,0,0,0,0,0,0,0,0,0,0,0,0,0,0,0,0,0,0,0,0,0,0,0,0,0,0,0,0,0,0,0,0,0,
0,0,0,0,0,0,0,0,0,0,0,0,0,0,0,0,0,0,0,0,0,0,0,0,0,0,0,0,0,0,0,0,0,0,0,0,0,0,0,0,0,0,0,0,0,0,0,0,0,0,0,0,0,0,0,0,0,0,0,0,0,0,0,0,0,0,0,0,0,0,0,0,0,0,0,0,0,0,0,0,0,0,0,0,0,0,0,0,0,0,0,0,0,0,0,0,0,0,0,0,
0,0,0,0,0,0,0,0,0,0,0,0,0,0,0,0,0,0,0,0,0,0,0,0,0,0,0,0,0,0,0,0,0,0,0,0,0,0,0,0,0,0,0,0,0,0,0,0,0,0,0,0,0,0,0,0,0,0,0,0,0,0,0,0,0,0,0,0,0,0,0,0,0,0,0,0,0,0,0,0,0,0,0,0,0,0,0,0,0,0,0,0,0,0,0,0,0,0,0,0,
0,0,0,0,0,0,0,0,0,0,0,0,0,0,0,0,0,0,0,0,0,0,0,0,0,0,0,0,0,0,0,0,0,0,0,0,0,0,0,0,0,0,0,0,0,0,0,0,0,0,0,0,0,0,0,0,0,0,0,0,0,0,0,0,0,0,0,0,0,0,0,0,0,0,0,0,0,0,0,0,0,0,0,0,0,0,0,0,0,0,0,0,0,0,0,0,0,0,0,0,
0,0,0,0,0,0,0,0,0,0,0,0,0,0,0,0,0,0,0,0,0,0,0,0,0,0,0,0,0,0,0,0,0,0,0,0,0,0,0,0,0,0,0,0,0,0,0,0,0,0,0,0,0,0,0,0,0,0,0,0,0,0,0,0,0,0,0,0,0,0,0,0,0,0,0,0,0,0,0,0,0,0,0,0,0,0,0,0,0,0,0,0,0,0,0,0,0,0,0,0,
0,0,0,0,0,0,0,0,0,0,0,0,0,0,0,0,0,0,0,0,0,0,0,0,0,0,0,0,0,0,0,0,0,0,0,0,0,0,0,0,0,0,0,0,0,0,0,0,0,0,0,0,0,0,0,0,0,0,0,0,0,0,0,0,0,0,0,0,0,0,0,0,0,0,0,0,0,0,0,0,0,0,0,0,0,0,0,0,0,0,0,0,0,0,0,0,0,0,0,0,
0,0,0,0,0,0,0,0,0,0,0,0,0,0,0,0,0,0,0,0,0,0,0,0,0,0,0,0,0,0,0,0,0,0,0,0,0,0,0,0,0,0,0,0,0,0,0,0,0,0,0,0,0,0,0,0,0,0,0,0,0,0,0,0,0,0,0,0,0,0,0,0,0,0,0,0,0,0,0,0,0,0,0,0,0,0,0,0,0,0,0,0,0,0,0,0,0,0,0,0,
0,0,0,0,0,0,0,0,0,0,0,0,0,0,0,0,0,0,0,0,0,0,0,0,0,0,0,0,0,0,0,0,0,0,0,0,0,0,0,0,0,0,0,0,0,0,0,0,0,0,0,0,0,0,0,0,0,0,0,0,0,0,0,0,0,0,0,0,0,0,0,0,0,0,0,0,0,0,0,0,0,0,0,0,0,0,0,0,0,0,0,0,0,0,0,0,0,0,0,0,
0,0,0,0,0,0,0,0,0,0,0,0,0,0,0,0,0,0,0,0,0,0,0,0,0,0,0,0,0,0,0,0,0,0,0,0,0,0,0,0,0,0,0,0,0,0,0,0,0,0,0,0,0,0,0,0,0,0,0,0,0,0,0,0,0,0,0,0,0,0,0,0,0,0,0,0,0,0,0,0,0,0,0,0,0,0,0,0,0,0,0,0,0,0,0,0,0,0,0,0,
0,0,0,0,0,0,0,0,0,0,0,0,0,0,0,0,0,0,0,0,0,0,0,0,0,0,0,0,0,0,0,0,0,0,0,0,0,0,0,0,0,0,0,0,0,0,0,0,0,0,0,0,0,0,0,0,0,0,0,0,0,0,0,0,0,0,0,0,0,0,0,0,0,0,0,0,0,0,0,0,0,0,0,0,0,0,0,0,0,0,0,0,0,0,0,0,0,0,0,0,
0,0,0,0,0,0,0,0,0,0,0,0,0,0,0,0,0,0,0,0,0,0,0,0,0,0,0,0,0,0,0,0,0,0,0,0,0,0,0,0,0,0,0,0,0,0,0,0,0,0,0,0,0,0,0,0,0,0,0,0,0,0,0,0,0,0,0,0,0,0,0,0,0,0,0,0,0,0,0,0,0,0,0,0,0,0,0,0,0,0,0,0,0,0,0,0,0,0,0,0,
0,0,0,0,0,0,0,0,0,0,0,0,0,0,0,0,0,0,0,0,0,0,0,0,0,0,0,0,0,0,0,0,0,0,0,0,0,0,0,0,0,0,0,0,0,0,0,0,0,0,0,0,0,0,0,0,0,0,0,0,0,0,0,0,0,0,0,0,0,0,0,0,0,0,0,0,0,0,0,0,0,0,0,0,0,0,0,0,0,0,0,0,0,0,0,0,0,0,0,0,
0,0,0,0,0,0,0,0,0,0,0,0,0,0,0,0,0,0,0,0,0,0,0,0,0,0,0,0,0,0,0,0,0,0,0,0,0,0,0,0,0,0,0,0,0,0,0,0,0,0,0,0,0,0,0,0,0,0,0,0,0,0,0,0,0,0,0,0,0,0,0,0,0,0,0,0,0,0,0,0,0,0,0,0,0,0,0,0,0,0,0,0,0,0,0,0,0,0,0,0,
0,0,0,0,0,0,0,0,0,0,0,0,0,0,0,0,0,0,0,0,0,0,0,0,0,0,0,0,0,0,0,0,0,0,0,0,0,0,0,0,0,0,0,0,0,0,0,0,0,0,0,0,0,0,0,0,0,0,0,0,0,0,0,0,0,0,0,0,0,0,0,0,0,0,0,0,0,0,0,0,0,0,0,0,0,0,0,0,0,0,0,0,0,0,0,0,0,0,0,0,
0,0,0,0,0,0,0,0,0,0,0,0,0,0,0,0,0,0,0,0,0,0,0,0,0,0,0,0,0,0,0,0,0,0,0,0,0,0,0,0,0,0,0,0,0,0,0,0,0,0,0,0,0,0,0,0,0,0,0,0,0,0,0,0,0,0,0,0,0,0,0,0,0,0,0,0,0,0,0,0,0,0,0,0,0,0,0,0,0,0,0,0,0,0,0,0,0,0,0,0,
0,0,0,0,0,0,0,0,0,0,0,0,0,0,0,0,0,0,0,0,0,0,0,0,0,0,0,0,0,0,0,0,0,0,0,0,0,0,0,0,0,0,0,0,0,0,0,0,0,0,0,0,0,0,0,0,0,0,0,0,0,0,0,0,0,0,0,0,0,0,0,0,0,0,0,0,0,0,0,0,0,0,0,0,0,0,0,0,0,0,0,0,0,0,0,0,0,0,0,0,
0,0,0,0,0,0,0,0,0,0,0,0,0,0,0,0,0,0,0,0,0,0,0,0,0,0,0,0,0,0,0,0,0,0,0,0,0,0,0,0,0,0,0,0,0,0,0,0,0,0,0,0,0,0,0,0,0,0,0,0,0,0,0,0,0,0,0,0,0,0,0,0,0,0,0,0,0,0,0,0,0,0,0,0,0,0,0,0,0,0,0,0,0,0,0,0,0,0,0,0,
0,0,0,0,0,0,0,0,0,0,0,0,0,0,0,0,0,0,0,0,0,0,0,0,0,0,0,0,0,0,0,0,0,0,0,0,0,0,0,0,0,0,0,0,0,0,0,0,0,0,0,0,0,0,0,0,0,0,0,0,0,0,0,0,0,0,0,0,0,0,0,0,0,0,0,0,0,0,0,0,0,0,0,0,0,0,0,0,0,0,0,0,0,0,0,0,0,0,0,0,
0,0,0,0,0,0,0,0,0,0,0,0,0,0,0,0,0,0,0,0,0,0,0,0,0,0,0,0,0,0,0,0,0,0,0,0,0,0,0,0,0,0,0,0,0,0,0,0,0,0,0,0,0,0,0,0,0,0,0,0,0,0,0,0,0,0,0,0,0,0,0,0,0,0,0,0,0,0,0,0,0,0,0,0,0,0,0,0,0,0,0,0,0,0,0,0,0,0,0,0,
0,0,0,0,0,0,0,0,0,0,0,0,0,0,0,0,0,0,0,0,0,0,0,0,0,0,0,0,0,0,0,0,0,0,0,0,0,0,0,0,0,0,0,0,0,0,0,0,0,0,0,0,0,0,0,0,0,0,0,0,0,0,0,0,0,0,0,0,0,0,0,0,0,0,0,0,0,0,0,0,0,0,0,0,0,0,0,0,0,0,0,0,0,0,0,0,0,0,0,0,
0,0,0,0,0,0,0,0,0,0,0,0,0,0,0,0,0,0,0,0,0,0,0,0,0,0,0,0,0,0,0,0,0,0,0,0,0,0,0,0,0,0,0,0,0,0,0,0,0,0,0,0,0,0,0,0,0,0,0,0,0,0,0,0,0,0,0,0,0,0,0,0,0,0,0,0,0,0,0,0,0,0,0,0,0,0,0,0,0,0,0,0,0,0,0,0,0,0,0,0,
0,0,0,0,0,0,0,0,0,0,0,0,0,0,0,0,0,0,0,0,0,0,0,0,0,0,0,0,0,0,0,0,0,0,0,0,0,0,0,0,0,0,0,0,0,0,0,0,0,0,0,0,0,0,0,0,0,0,0,0,0,0,0,0,0,0,0,0,0,0,0,0,0,0,0,0,0,0,0,0,0,0,0,0,0,0,0,0,0,0,0,0,0,0,0,0,0,0,0,0,
0,0,0,0,0,0,0,0,0,0,0,0,0,0,0,0,0,0,0,0,0,0,0,0,0,0,0,0,0,0,0,0,0,0,0,0,0,0,0,0,0,0,0,0,0,0,0,0,0,0,0,0,0,0,0,0,0,0,0,0,0,0,0,0,0,0,0,0,0,0,0,0,0,0,0,0,0,0,0,0,0,0,0,0,0,0,0,0,0,0,0,0,0,0,0,0,0,0,0,0,
0,0,0,0,0,0,0,0,0,0,0,0,0,0,0,0,0,0,0,0,0,0,0,0,0,0,0,0,0,0,0,0,0,0,0,0,0,0,0,0,0,0,0,0,0,0,0,0,0,0,0,0,0,0,0,0,0,0,0,0,0,0,0,0,0,0,0,0,0,0,0,0,0,0,0,0,0,0,0,0,0,0,0,0,0,0,0,0,0,0,0,0,0,0,0,0,0,0,0,0,
0,0,0,0,0,0,0,0,0,0,0,0,0,0,0,0,0,0,0,0,0,0,0,0,0,0,0,0,0,0,0,0,0,0,0,0,0,0,0,0,0,0,0,0,0,0,0,0,0,0,0,0,0,0,0,0,0,0,0,0,0,0,0,0,0,0,0,0,0,0,0,0,0,0,0,0,0,0,0,0,0,0,0,0,0,0,0,0,0,0,0,0,0,0,0,0,0,0,0,0,
0,0,0,0,0,0,0,0,0,0,0,0,0,0,0,0,0,0,0,0,0,0,0,0,0,0,0,0,0,0,0,0,0,0,0,0,0,0,0,0,0,0,0,0,0,0,0,0,0,0,0,0,0,0,0,0,0,0,0,0,0,0,0,0,0,0,0,0,0,0,0,0,0,0,0,0,0,0,0,0,0,0,0,0,0,0,0,0,0,0,0,0,240,0,0,0,0,0,0,0,
0,0,0,0,0,0,0,0,0,0,0,0,0,0,0,0,0,0,0,0,0,0,0,0,0,0,0,0,0,0,0,0,0,0,0,0,0,0,0,0,0,0,0,0,0,0,0,0,0,0,0,0,0,0,0,0,0,0,0,0,0,0,0,0,0,0,0,0,0,0,0,0,0,0,0,0,0,0,0,0,0,0,0,0,0,0,0,0,0,0,0,0,240,0,0,0,0,0,0,0,
0,0,0,0,0,0,0,0,0,0,0,0,0,0,0,0,0,0,0,0,0,0,0,0,0,0,0,0,0,0,0,0,0,0,0,0,0,0,0,0,0,0,0,0,0,0,0,0,0,0,0,0,0,0,0,0,0,0,0,0,0,0,0,0,0,0,0,0,0,0,0,0,0,0,0,0,0,0,0,0,0,0,0,0,0,0,0,0,0,0,0,0,0,0,0,0,0,0,0,0,
0,0,0,0,0,0,0,0,0,0,0,0,0,0,0,0,0,0,0,0,0,0,0,0,0,0,0,0,0,0,0,0,0,0,0,0,0,0,0,0,0,0,0,0,0,0,0,0,0,0,0,0,0,0,0,0,0,0,0,0,0,0,0,0,0,0,0,0,0,0,0,0,0,0,0,0,0,0,0,0,0,0,0,0,0,0,0,0,0,0,0,0,0,0,0,0,0,0,0,0,
0,0,0,0,0,0,0,0,0,0,0,0,0,0,0,0,0,0,0,0,0,0,0,0,0,0,0,0,0,0,0,0,0,0,0,0,0,0,0,0,0,0,0,0,0,0,0,0,0,0,0,0,0,0,0,0,0,0,0,0,0,0,0,0,0,0,0,0,0,0,0,0,0,0,0,0,0,0,0,0,0,0,0,0,0,0,0,0,0,0,0,0,0,0,0,0,0,0,0,0,
0,0,0,0,0,0,0,0,0,0,0,0,0,0,0,0,0,0,0,0,0,0,0,0,0,0,0,0,0,0,0,0,0,0,0,0,0,0,0,0,0,0,0,0,0,0,0,0,0,0,0,0,0,0,0,0,0,0,0,0,0,0,0,0,0,0,0,0,0,0,0,0,0,0,0,0,0,0,0,0,0,0,0,0,0,0,0,0,0,0,0,0,0,0,0,0,0,0,0,0,
0,0,0,0,0,0,0,0,0,0,0,0,0,0,0,0,0,0,0,0,0,0,0,0,0,0,0,0,0,0,0,0,0,0,0,0,0,0,0,0,0,0,0,0,0,0,0,0,0,0,0,0,0,0,0,0,0,0,0,0,0,0,0,0,0,0,0,0,0,0,0,0,0,0,0,0,0,0,0,0,0,0,0,0,0,0,0,0,0,0,0,0,0,0,0,0,0,0,0,0,
0,0,0,0,0,0,0,0,0,0,0,0,0,0,0,0,0,0,0,0,0,0,0,0,0,0,0,0,0,0,0,0,0,0,0,0,0,0,0,0,0,0,0,0,0,0,0,0,0,0,0,0,0,0,0,0,0,0,0,0,0,0,0,0,0,0,0,0,0,0,0,0,0,0,0,0,0,0,0,0,0,0,0,0,0,0,0,0,0,0,0,0,0,0,0,0,0,0,0,0,
0,0,0,0,0,0,0,0,0,0,0,0,0,0,0,0,0,0,0,0,0,0,0,0,0,0,0,0,0,0,0,0,0,0,0,0,0,0,0,0,0,0,0,0,0,0,0,0,0,0,0,0,0,0,0,0,0,0,0,0,0,0,0,0,0,0,0,0,0,0,0,0,0,0,0,0,0,0,0,0,0,0,0,0,0,0,0,0,0,0,0,0,0,0,0,0,0,0,0,0,
0,0,0,0,0,0,0,0,0,0,0,0,0,0,0,0,0,0,0,0,0,0,0,0,0,0,0,0,0,0,0,0,0,0,0,0,0,0,0,0,0,0,0,0,0,0,0,0,0,0,0,0,0,0,0,0,0,0,0,0,0,0,0,0,0,0,0,0,0,0,0,0,0,0,0,0,0,0,0,0,0,0,0,0,0,0,0,0,0,0,0,0,0,0,0,0,0,0,0,0,
0,0,0,0,0,0,0,0,0,0,0,0,0,0,0,0,0,0,0,0,0,0,0,0,0,0,0,0,0,0,0,0,0,0,0,0,0,0,0,0,0,0,0,0,0,0,0,0,0,0,0,0,0,0,0,0,0,0,0,0,0,0,0,0,0,0,0,0,0,0,0,0,0,0,0,0,0,0,0,0,0,0,0,0,0,0,0,0,0,0,0,0,0,0,0,0,0,0,0,0,
0,0,0,0,0,0,0,0,0,0,0,0,0,0,0,0,0,0,0,0,0,0,0,0,0,0,0,0,0,0,0,0,0,0,0,0,0,0,0,0,0,0,0,0,0,241,241,241,241,0,0,0,0,0,0,0,0,0,0,0,0,0,0,0,0,0,0,0,0,0,0,0,0,0,0,0,0,0,0,0,0,0,0,0,0,0,0,0,0,0,0,0,0,0,0,0,0,0,0,0

[layer]
type=collision
data=
3,3,3,3,3,3,3,3,3,3,3,3,3,3,3,3,3,3,3,3,3,3,3,3,3,3,3,3,3,3,3,3,3,3,3,3,3,3,3,3,3,3,3,3,3,3,3,3,3,3,3,3,3,3,3,3,3,3,3,3,3,3,3,3,3,3,3,3,3,3,3,3,3,3,3,3,3,3,3,3,3,3,3,3,3,3,3,3,3,3,3,3,3,3,3,3,3,3,3,3,
3,3,3,3,3,3,3,3,3,3,3,3,3,3,3,3,3,3,3,3,3,3,3,3,3,3,3,3,3,3,3,3,3,3,3,3,3,3,3,3,3,3,3,3,3,3,3,3,3,3,3,3,3,3,3,3,3,3,3,3,3,3,3,3,3,3,3,3,3,3,3,3,3,3,3,3,3,3,3,3,3,3,3,3,3,3,3,3,3,3,3,3,3,3,3,3,3,3,3,3,
3,3,3,3,3,3,3,3,3,3,3,3,3,3,3,3,3,3,3,3,3,3,3,3,3,3,3,3,3,3,3,3,3,3,3,3,3,3,3,3,3,3,3,3,3,3,3,3,3,3,3,3,3,3,3,3,3,3,3,3,3,3,3,3,3,3,3,3,3,3,3,3,3,3,3,3,3,3,3,3,3,3,3,3,3,3,3,3,3,3,3,3,3,3,3,3,3,3,3,3,
3,3,3,3,3,3,3,3,3,3,3,3,3,3,3,3,3,3,3,3,3,3,3,3,3,3,3,3,3,3,3,3,3,3,3,3,3,3,3,3,3,3,3,3,3,3,3,3,3,3,3,3,3,3,3,3,3,3,3,3,3,3,3,3,3,3,3,3,3,3,3,3,3,3,3,3,3,3,3,3,3,3,3,3,3,3,3,3,3,3,3,3,3,3,3,3,3,3,3,3,
3,3,3,3,3,3,3,3,3,3,3,3,3,3,3,3,3,3,3,3,3,3,3,3,3,3,3,3,3,3,3,3,3,3,3,3,3,3,3,3,3,3,3,3,3,3,3,3,3,3,3,3,3,3,3,3,3,3,3,3,3,3,3,3,3,3,3,3,3,3,3,3,3,3,3,3,3,3,3,3,3,3,3,3,3,3,3,3,3,3,3,3,3,3,3,3,3,3,3,3,
3,3,3,3,3,3,3,3,3,3,3,3,3,3,3,3,3,3,3,3,3,3,3,3,3,3,3,3,3,3,3,3,3,3,3,3,3,3,3,3,3,3,3,3,3,3,3,3,3,3,3,3,3,3,3,3,3,3,3,3,3,3,3,3,3,3,3,3,3,3,3,3,3,3,3,3,3,3,3,3,3,3,3,3,3,3,3,3,3,3,3,3,3,3,3,3,3,3,3,3,
3,3,3,3,3,3,3,3,3,3,3,3,3,3,3,3,3,3,3,3,3,3,3,3,3,3,3,3,3,3,3,3,3,3,3,3,3,3,3,3,3,3,3,3,3,3,3,3,3,3,3,3,3,3,3,3,3,3,3,3,3,3,3,3,3,3,3,3,3,3,3,3,3,3,3,1,1,1,1,1,1,1,3,3,3,3,3,3,3,3,3,3,3,3,3,3,3,3,3,3,
3,3,3,3,3,3,3,3,3,3,3,3,3,3,3,3,3,3,3,3,3,3,3,3,3,3,3,3,3,3,3,3,3,3,3,3,3,3,3,3,3,3,3,3,3,3,3,3,3,3,3,3,3,3,3,3,3,3,3,3,3,3,3,3,3,3,3,3,3,3,3,3,3,1,1,1,0,0,0,0,0,1,1,1,1,1,3,3,3,3,3,3,3,3,3,3,3,3,3,3,
3,3,3,3,3,3,3,3,3,3,3,3,3,3,3,3,3,3,3,3,3,3,3,3,3,3,3,3,3,3,3,3,3,3,3,3,3,3,3,3,3,3,3,3,3,3,3,3,3,3,3,3,3,3,3,3,3,3,3,3,3,3,3,3,3,3,3,3,3,3,3,3,1,1,0,0,0,0,0,0,0,0,0,0,0,1,1,3,3,3,3,3,3,3,3,3,3,3,3,3,
3,3,3,3,3,3,3,3,3,3,3,3,3,3,3,3,3,3,3,3,3,3,3,3,3,3,3,3,3,3,3,3,3,3,3,3,3,3,3,3,3,3,3,3,3,3,3,3,3,3,3,3,3,3,3,3,3,3,3,3,3,3,3,3,3,3,3,3,3,3,3,1,1,0,0,0,0,0,0,0,0,0,0,0,0,0,1,1,3,3,3,3,3,3,3,3,3,3,3,3,
3,3,3,3,3,3,3,3,3,3,3,3,3,3,3,3,3,3,3,3,3,3,3,3,3,3,3,3,3,3,3,3,3,3,3,3,3,3,3,3,3,3,3,3,3,3,3,3,3,3,3,3,3,3,3,3,3,3,3,3,3,3,3,3,3,3,3,3,3,3,3,1,0,0,0,0,0,0,0,0,0,0,0,0,0,0,0,1,1,3,3,3,3,3,3,3,3,3,3,3,
3,3,3,3,3,3,3,3,3,3,3,3,3,3,3,3,3,3,3,3,3,3,1,1,1,1,1,1,1,3,3,3,3,3,3,3,3,3,3,3,3,3,3,3,3,3,3,3,3,3,3,3,3,3,3,3,3,3,3,3,3,3,3,3,3,3,3,3,3,3,1,1,0,0,0,0,0,0,0,0,0,0,0,0,0,0,0,0,1,1,3,3,3,3,3,3,3,3,3,3,
3,3,3,3,3,3,3,3,3,3,3,3,3,3,3,3,3,3,3,3,3,1,1,0,0,0,0,0,1,1,1,1,1,1,1,1,3,3,1,1,1,1,1,1,1,3,3,3,3,3,3,3,1,1,1,1,1,1,1,1,1,1,1,3,3,3,3,3,3,3,1,0,0,0,0,0,0,0,1,1,1,1,1,0,0,0,0,0,0,1,3,3,3,3,3,3,3,3,3,3,
3,3,3,3,3,3,3,3,3,3,3,3,3,3,3,3,3,3,3,3,3,1,0,0,0,0,0,0,0,0,0,0,0,0,0,1,1,1,1,0,0,0,0,0,1,1,1,3,3,3,1,1,1,0,0,0,0,0,0,0,0,0,1,1,1,3,3,3,3,3,1,0,0,0,0,0,0,1,1,3,3,3,1,1,0,0,0,0,0,1,3,3,3,3,3,3,3,3,3,3,
3,3,3,3,3,3,3,3,3,3,3,3,3,3,3,3,3,3,3,3,3,0,0,0,0,0,0,0,0,0,0,0,0,0,0,0,0,0,0,0,0,0,0,0,0,0,1,1,1,1,1,0,0,0,0,0,0,0,0,0,0,0,0,0,1,1,3,3,3,3,1,0,0,0,0,0,0,1,3,3,3,3,3,1,1,0,0,0,0,1,3,3,3,3,3,3,3,3,3,3,
3,3,3,3,3,3,3,3,3,3,3,3,3,3,3,3,3,3,3,3,3,0,0,0,0,0,0,0,0,0,0,0,0,0,0,0,0,0,0,0,0,0,0,0,0,0,0,0,0,0,0,0,0,0,0,0,0,0,0,0,0,0,0,0,0,1,1,3,3,3,1,1,0,0,0,0,0,1,3,3,3,3,3,3,1,1,0,0,0,1,1,3,3,3,3,3,3,3,3,3,
3,3,1,1,1,1,1,1,1,1,1,3,3,3,3,3,3,3,3,3,3,1,0,0,0,0,0,0,0,0,0,0,0,0,0,0,0,0,0,0,0,0,0,0,0,0,0,0,0,0,0,0,0,0,0,0,0,0,0,0,0,0,0,0,0,0,1,1,3,3,3,1,0,0,0,0,0,1,3,3,3,3,3,3,3,1,0,0,0,0,1,3,3,3,3,3,3,3,3,3,
3,1,1,0,0,0,0,0,0,0,1,1,1,1,3,3,3,3,3,3,3,1,1,0,0,0,0,0,0,0,0,0,0,1,1,1,1,1,0,0,0,0,0,0,0,0,0,0,0,0,0,0,0,0,0,0,0,1,1,1,0,0,0,0,0,0,0,1,1,1,3,1,0,0,0,0,0,1,3,3,3,3,3,3,3,1,0,0,0,0,1,1,3,3,3,3,3,3,3,3,
3,1,0,0,0,0,0,0,0,0,0,0,0,1,1,1,3,3,3,3,3,3,1,1,0,0,0,0,0,0,0,0,1,1,3,3,3,1,1,0,0,0,0,0,0,0,0,0,0,0,0,0,0,0,0,0,1,1,3,1,1,1,0,0,0,0,0,0,0,1,1,1,0,0,0,0,0,1,3,3,3,3,3,3,3,1,0,0,0,0,0,1,3,3,3,3,3,3,3,3,
3,1,0,0,0,0,0,0,0,0,0,0,0,0,0,1,1,3,3,3,3,3,3,1,0,0,0,0,0,0,0,0,1,3,3,3,3,3,1,1,0,0,0,0,0,0,0,0,0,1,1,1,1,1,1,1,1,3,3,3,3,1,1,1,0,0,0,0,0,0,0,0,0,0,0,0,0,1,3,3,3,3,3,3,3,1,1,0,0,0,0,1,1,3,3,3,3,3,3,3,
3,1,0,0,0,0,1,1,1,1,0,0,0,0,0,0,1,1,3,3,3,3,3,1,1,0,0,0,0,0,0,1,1,3,3,3,3,3,3,1,0,0,0,0,0,0,0,0,0,1,3,3,3,3,3,3,3,3,3,3,3,3,3,1,1,1,0,0,0,0,0,0,0,0,0,0,0,1,3,3,3,3,3,3,3,3,1,0,0,0,0,0,1,3,3,3,3,3,3,3,
3,1,0,0,0,0,1,3,3,1,1,1,1,0,0,0,0,1,1,1,3,3,3,3,1,0,0,0,0,0,1,1,3,3,3,3,3,3,3,1,1,0,0,0,0,0,0,0,0,1,3,3,3,3,3,3,3,3,3,3,3,3,3,3,3,1,0,0,0,0,0,0,0,0,0,0,0,1,3,3,3,3,3,3,3,3,1,0,0,0,0,0,1,3,3,3,3,3,3,3,
3,1,0,0,0,0,1,3,3,3,3,3,1,0,0,0,0,0,0,1,3,3,3,3,1,0,0,0,0,0,1,3,3,3,3,3,3,3,3,3,1,1,0,0,0,0,0,0,0,1,3,3,3,3,3,3,3,3,3,3,3,3,3,3,3,1,1,1,0,0,0,0,0,0,0,0,1,1,3,3,3,3,3,3,3,1,1,0,0,0,0,0,1,3,3,3,3,3,3,3,
3,1,1,0,0,0,1,1,1,3,3,3,1,1,1,0,0,0,0,1,1,3,3,3,1,0,0,0,0,0,1,3,3,3,3,3,3,3,3,3,3,1,1,0,0,0,0,0,1,1,3,3,3,3,3,3,3,3,3,3,3,3,3,3,3,3,3,1,1,1,0,0,0,0,0,1,1,3,3,3,3,3,3,3,3,1,0,0,0,0,0,0,1,3,3,3,3,3,3,3,
3,3,1,1,0,0,0,0,1,1,3,3,3,3,1,1,0,0,0,0,1,1,3,1,1,0,0,0,0,0,1,3,3,3,3,3,3,3,3,3,3,3,1,1,0,0,0,0,1,3,3,3,3,3,3,3,3,3,3,3,3,3,3,3,3,3,3,3,3,1,1,1,0,0,1,1,3,3,3,3,3,3,3,3,3,1,0,0,0,0,0,0,1,3,3,3,3,3,3,3,
3,3,3,1,1,0,0,0,0,1,1,3,3,3,3,1,1,0,0,0,0,1,1,1,0,0,0,0,0,1,1,3,3,3,3,3,3,3,3,3,3,3,3,1,0,0,0,0,1,3,3,3,3,3,3,3,3,3,3,3,3,3,3,3,3,3,3,3,3,3,3,1,1,1,1,3,3,3,3,3,3,3,3,3,3,1,0,0,0,0,0,0,1,3,3,3,3,3,3,3,
3,3,3,3,1,1,0,0,0,0,1,3,3,3,3,3,1,1,1,0,0,0,0,0,0,0,0,0,0,1,3,3,3,3,3,3,3,3,3,3,3,3,3,1,1,0,0,0,1,3,3,3,3,3,3,3,3,3,3,3,3,3,3,1,1,1,1,1,1,3,3,3,3,3,3,3,3,3,3,3,3,3,3,3,3,1,0,0,0,0,0,0,1,3,3,3,3,3,3,3,
3,3,3,3,3,1,1,0,0,0,1,1,3,3,3,3,3,3,1,1,0,0,0,0,0,0,0,0,1,1,3,3,3,3,3,3,3,3,3,3,3,3,3,3,1,0,0,0,1,3,3,3,3,3,3,3,3,3,3,3,3,3,1,1,0,0,0,0,1,1,3,3,3,3,3,3,3,3,3,3,3,3,3,1,1,1,0,0,0,0,0,0,1,3,3,3,3,3,3,3,
3,3,3,3,3,3,1,0,0,0,0,1,3,3,3,3,3,3,3,1,0,0,0,0,0,0,0,0,1,3,3,3,3,3,3,3,3,3,3,3,3,3,3,1,1,0,0,0,1,3,3,3,3,3,3,3,3,3,3,3,1,1,1,0,0,0,0,0,0,1,1,1,1,3,3,3,3,3,3,1,1,1,1,1,0,0,0,0,0,0,0,0,1,3,3,3,3,3,3,3,
3,3,3,3,3,3,1,0,0,0,0,1,3,3,3,3,3,3,3,1,1,1,0,0,0,0,1,1,1,3,3,3,3,3,3,3,3,3,3,3,3,3,1,1,0,0,0,0,1,3,3,3,3,3,3,3,3,3,1,1,1,0,0,0,0,0,0,0,0,0,0,0,1,1,1,3,3,3,3,1,0,0,0,0,0,0,0,0,0,0,0,1,1,3,3,3,3,3,3,3,
3,3,3,3,3,1,1,0,0,0,0,1,3,3,3,3,3,3,3,3,3,1,1,1,1,1,1,3,3,3,3,3,3,3,3,3,3,3,3,3,3,3,1,0,0,0,0,1,1,3,3,3,3,3,3,3,1,1,1,0,0,0,0,0,0,0,0,0,0,0,0,0,0,0,1,1,1,1,1,1,0,0,0,0,0,0,0,0,0,0,0,1,3,3,3,3,3,3,3,3,
3,3,3,3,3,1,0,0,0,0,0,1,3,3,3,3,3,3,3,3,3,3,3,3,3,3,3,3,3,3,3,3,3,3,3,3,3,3,3,3,3,1,1,0,0,0,0,1,3,3,3,3,3,3,3,3,1,0,0,0,0,0,0,0,0,0,0,0,0,0,0,0,0,0,0,0,0,0,0,0,0,0,0,0,0,0,0,0,0,0,1,1,3,3,3,3,3,3,3,3,
3,3,3,3,3,1,0,0,0,0,1,1,3,3,3,3,3,3,3,1,1,1,1,1,3,3,3,3,3,3,3,3,3,3,3,3,3,3,3,3,3,1,0,0,0,0,1,1,3,3,3,3,3,3,3,1,1,0,0,0,0,0,0,0,0,1,1,1,1,1,1,0,0,0,0,0,0,0,0,0,0,0,0,0,0,0,0,0,0,1,1,3,3,3,3,3,3,3,3,3,
3,3,3,3,3,1,1,0,0,0,1,3,3,3,3,3,3,3,1,1,0,0,0,1,1,1,3,3,3,3,3,3,3,3,3,3,3,3,3,3,3,1,0,0,0,0,1,3,3,3,3,3,3,3,1,1,0,0,0,0,0,0,0,1,1,1,3,3,3,3,1,1,1,1,0,0,0,0,0,0,0,0,0,0,0,0,0,0,1,1,3,3,3,3,3,3,3,3,3,3,
3,3,3,3,3,3,1,0,0,0,1,1,3,3,3,3,3,3,1,0,0,0,0,0,0,1,1,1,3,3,3,3,3,3,3,3,3,3,3,3,3,1,0,0,0,1,1,3,3,3,3,3,3,3,1,0,0,0,0,0,0,1,1,1,3,3,3,3,3,3,3,3,3,1,1,1,1,0,0,0,0,0,0,0,0,0,0,1,1,3,3,3,3,3,3,3,3,3,3,3,
3,3,3,3,3,3,1,1,0,0,0,1,3,3,3,3,3,3,1,0,0,0,0,0,0,0,0,1,1,3,3,3,3,3,3,3,3,3,3,3,3,1,0,0,0,1,3,3,3,3,3,3,3,1,1,0,0,0,0,0,1,1,3,3,3,3,3,3,3,3,3,3,3,3,3,3,1,1,1,1,1,0,0,0,1,1,1,1,3,3,3,3,3,3,3,3,3,3,3,3,
3,3,3,3,3,3,3,1,0,0,0,1,1,3,3,3,3,1,1,0,0,0,0,0,0,0,0,0,1,1,3,3,3,3,3,3,3,3,3,3,3,1,0,0,0,1,3,3,3,3,3,3,3,1,0,0,0,0,0,0,1,3,3,3,3,3,3,3,3,3,3,3,3,3,3,3,3,3,3,3,1,1,1,1,1,3,3,3,3,3,3,3,3,3,3,3,3,3,3,3,
3,3,3,3,3,3,3,1,1,0,0,0,1,1,3,3,1,1,0,0,0,0,0,0,0,0,0,0,0,1,1,3,3,3,3,3,3,3,3,3,3,1,0,0,0,1,3,3,3,3,3,3,1,1,0,0,0,0,0,1,1,3,3,3,3,3,3,3,3,3,3,3,3,3,3,3,3,3,3,3,3,3,3,3,3,3,3,3,3,3,3,3,3,3,3,3,3,3,3,3,
3,3,3,3,3,3,3,3,1,0,0,0,0,1,1,1,1,0,0,0,0,0,1,1,1,0,0,0,0,0,1,1,3,3,3,3,3,3,3,3,1,1,0,0,0,1,1,3,3,3,3,1,1,0,0,0,0,0,0,1,3,3,3,3,3,3,3,3,3,3,3,3,3,3,3,3,3,3,3,3,3,3,3,3,3,3,3,3,3,3,3,3,3,3,3,3,3,3,3,3,
3,3,3,3,3,3,3,3,1,1,0,0,0,0,0,0,0,0,0,0,0,1,1,3,1,1,1,0,0,0,0,1,3,3,3,3,3,3,3,1,1,0,0,0,0,0,1,3,3,1,1,1,0,0,0,0,0,0,1,1,3,3,3,3,3,3,3,3,3,3,3,3,3,3,1,1,1,0,0,1,1,1,3,3,3,3,3,3,3,3,3,3,3,3,3,3,3,3,3,3,
3,3,3,3,3,3,3,3,3,1,1,0,0,0,0,0,0,0,0,0,1,1,3,3,3,3,1,1,0,0,0,1,1,3,3,3,3,3,1,1,0,0,0,0,0,0,1,1,1,1,0,0,0,0,0,0,0,0,1,3,3,3,3,3,3,3,3,3,3,3,3,3,1,1,1,0,0,0,0,0,0,1,1,3,3,3,3,3,3,3,3,3,3,3,3,3,3,3,3,3,
3,3,3,3,3,3,3,3,3,3,1,1,0,0,0,0,0,0,0,1,1,3,3,3,3,3,3,1,0,0,0,0,1,3,3,1,1,1,1,0,0,0,0,0,0,0,0,0,0,0,0,0,0,0,0,0,0,0,1,1,1,1,1,1,1,1,3,3,1,1,1,1,1,0,0,0,0,0,0,0,0,0,1,1,1,3,3,3,3,3,3,3,3,3,3,3,3,3,3,3,
3,3,3,3,3,3,3,3,3,3,3,1,1,0,0,0,0,0,1,1,3,3,3,3,3,3,3,1,1,0,0,0,1,1,1,1,0,0,0,0,0,0,0,0,0,0,0,0,0,0,0,0,0,0,0,0,0,0,0,0,0,0,0,0,0,1,1,1,1,0,0,0,0,0,0,0,0,0,0,0,0,0,0,0,1,1,3,3,3,3,3,3,3,3,3,3,3,3,3,3,
3,3,3,3,3,3,3,3,3,3,3,3,1,1,0,0,0,1,1,3,3,3,3,3,3,3,3,3,1,0,0,0,0,0,0,0,0,0,0,0,0,0,0,0,0,0,0,0,0,0,0,0,0,0,0,0,0,0,0,0,0,0,0,0,0,0,0,0,0,0,0,0,0,0,0,0,0,0,0,0,0,0,0,0,0,1,1,3,3,3,3,3,3,3,3,3,3,3,3,3,
3,3,1,1,1,1,1,1,1,3,3,3,3,1,1,1,1,1,3,3,3,3,3,3,3,3,3,3,1,0,0,0,0,0,0,0,0,0,0,0,0,0,0,0,0,0,0,0,0,0,0,0,0,0,0,0,0,0,0,0,0,0,0,0,0,0,0,0,0,0,0,0,0,0,0,0,0,0,0,0,0,0,0,0,0,0,1,3,3,3,3,3,3,3,3,3,3,3,3,3,
1,1,1,0,0,0,0,0,1,1,1,3,3,3,3,3,3,3,3,3,3,3,3,3,3,3,3,1,1,0,0,0,0,0,0,0,0,0,0,0,0,0,0,0,0,0,0,0,0,0,0,0,1,1,1,1,1,1,1,1,1,1,0,0,0,0,0,0,0,0,0,0,0,0,0,0,0,0,0,0,0,0,0,0,0,0,1,3,3,3,3,3,3,3,3,3,3,3,3,3,
1,0,0,0,0,0,0,0,0,0,1,1,3,3,3,3,3,3,3,3,3,3,1,1,1,1,1,1,0,0,0,0,0,0,0,0,0,0,0,0,0,0,0,0,0,0,0,0,0,0,0,1,1,3,3,3,3,3,3,3,3,1,1,1,1,1,0,0,0,0,0,0,0,0,0,0,0,0,0,0,0,0,0,0,0,0,1,3,3,3,3,3,3,3,3,3,3,3,3,3,
0,0,0,0,0,0,0,0,0,0,0,1,1,1,1,1,1,1,1,1,1,1,1,0,0,0,0,0,0,0,0,0,0,0,0,0,0,0,0,0,0,0,0,0,0,0,0,0,0,1,1,1,3,3,3,3,3,3,3,3,3,3,3,3,3,1,1,1,1,1,0,0,0,0,0,0,0,0,0,0,0,0,0,0,0,0,1,3,3,3,3,3,3,3,3,3,3,3,3,3,
0,0,0,0,0,0,0,0,0,0,0,0,0,0,0,0,0,0,0,0,0,0,0,0,0,0,0,0,0,0,0,0,0,0,0,0,0,0,0,0,0,0,0,0,0,0,0,0,0,1,3,3,3,3,3,3,3,3,3,3,3,3,3,3,3,3,3,3,3,1,1,1,1,1,1,1,1,0,0,0,0,0,0,0,1,1,1,3,3,3,3,3,3,3,3,3,3,3,3,3,
0,0,0,0,0,0,0,0,0,0,0,0,0,0,0,0,0,0,0,0,0,0,0,0,0,0,0,0,0,0,0,0,0,0,0,0,0,0,0,0,0,0,0,0,0,0,1,1,1,1,3,3,3,3,3,3,3,3,3,3,3,3,3,3,3,3,3,3,3,3,3,3,3,3,3,3,1,1,1,0,0,0,0,1,1,3,3,3,3,3,3,3,3,3,3,3,3,3,3,3,
0,0,0,0,0,0,0,0,0,0,0,0,0,0,0,0,0,0,0,0,0,0,0,0,0,0,0,0,0,0,0,0,0,0,1,1,1,1,1,1,1,1,1,1,1,1,1,3,3,3,3,3,3,3,3,3,3,3,3,3,3,3,3,3,3,3,3,3,3,3,3,3,3,3,3,3,3,3,1,1,1,1,1,1,3,3,3,3,3,3,3,3,3,3,3,3,3,3,3,3,
1,1,1,1,1,1,1,1,1,1,1,1,0,0,0,0,0,0,0,0,0,0,0,0,0,0,0,0,0,0,0,0,1,1,1,3,3,3,3,3,3,3,3,3,3,3,3,3,3,3,3,3,3,3,3,3,3,3,3,3,3,3,3,3,3,3,3,3,3,3,3,3,3,3,3,3,3,3,3,3,3,3,3,3,3,3,3,3,3,3,3,3,3,3,3,3,3,3,3,3,
3,3,3,3,3,3,3,3,3,3,3,1,1,1,1,1,1,1,1,0,0,0,0,0,0,0,1,1,1,1,1,1,1,3,3,3,3,3,3,3,3,3,3,3,3,3,3,3,3,3,3,3,3,3,3,3,3,3,3,3,3,3,3,3,3,3,3,3,3,3,3,3,3,3,3,3,3,3,3,3,3,3,3,3,3,3,3,3,3,3,3,3,3,3,3,3,3,3,3,3,
3,3,3,3,3,3,3,3,3,3,3,3,3,3,3,3,3,3,1,1,1,0,0,0,0,1,1,3,3,3,3,3,3,3,3,3,3,3,3,3,3,3,3,3,3,3,3,3,3,3,3,3,3,3,3,3,3,3,3,3,3,3,3,3,3,3,3,3,3,3,3,3,3,3,3,3,3,3,3,3,3,3,3,3,3,3,3,3,3,3,3,3,3,3,3,3,3,3,3,3,
3,3,3,3,3,1,1,1,1,1,1,1,1,1,1,1,1,3,3,3,1,1,1,1,1,1,3,3,3,3,3,3,3,3,3,3,1,1,1,1,1,1,3,3,3,3,3,1,1,1,1,1,1,1,3,3,3,3,3,3,3,3,3,3,3,3,3,3,3,3,3,3,3,3,3,3,3,3,3,3,3,3,3,3,3,3,3,3,3,3,3,3,3,3,3,3,3,3,3,3,
3,3,1,1,1,1,0,0,0,0,0,0,0,0,0,0,1,1,1,3,3,3,3,3,3,3,3,3,3,1,1,1,1,1,1,1,1,0,0,0,0,1,1,1,3,3,1,1,0,0,0,0,0,1,1,1,1,1,1,1,1,3,1,1,1,1,1,1,1,1,3,3,3,3,3,1,1,1,1,1,1,3,3,3,3,3,3,3,3,3,3,3,3,3,3,3,3,3,3,3,
3,3,1,0,0,0,0,0,0,0,0,0,0,0,0,0,0,0,1,1,1,3,3,3,3,3,3,3,1,1,0,0,0,0,0,0,0,0,0,0,0,0,0,1,1,1,1,0,0,0,0,0,0,0,0,0,0,0,0,0,1,1,1,0,0,0,0,0,0,1,1,1,1,1,1,1,0,0,0,0,1,1,1,3,3,3,3,3,3,3,3,3,3,3,3,3,3,3,3,3,
3,3,1,0,0,0,0,0,0,0,0,0,0,0,0,0,0,0,0,0,1,1,1,1,3,3,3,1,1,0,0,0,0,0,0,0,0,0,0,0,0,0,0,0,0,0,0,0,0,0,0,0,0,0,0,0,0,0,0,0,0,0,0,0,0,0,0,0,0,0,0,0,0,0,0,0,0,0,0,0,0,0,1,1,1,3,3,3,3,3,3,3,3,3,3,3,3,3,3,3,
3,3,1,0,0,0,0,0,0,0,0,0,0,0,0,0,0,0,0,0,0,0,0,1,1,1,1,1,0,0,0,0,0,0,0,0,0,0,0,0,0,0,0,0,0,0,0,0,0,0,0,0,0,0,0,0,0,0,0,0,0,0,0,0,0,0,0,0,0,0,0,0,0,0,0,0,0,0,0,0,0,0,0,0,1,1,3,3,3,3,3,3,3,3,3,3,3,3,3,3,
3,3,1,0,0,0,0,0,0,0,0,0,0,0,0,0,0,0,0,0,0,0,0,0,0,0,0,0,0,0,0,0,0,0,0,0,0,0,0,0,0,0,0,0,0,0,0,0,0,0,0,0,0,0,0,0,0,0,0,0,0,0,0,0,0,0,0,0,0,0,0,0,0,0,0,0,0,0,0,0,0,0,0,0,0,1,1,1,3,3,3,3,3,3,3,3,3,3,3,3,
3,3,1,1,0,0,0,0,0,0,0,0,1,1,1,1,1,1,1,0,0,0,0,0,0,0,0,0,0,0,0,0,0,0,0,0,1,1,1,1,1,0,0,0,0,0,0,0,0,0,0,0,0,0,0,0,0,0,0,0,0,0,0,0,0,0,0,0,0,0,0,0,0,0,0,0,0,0,0,0,0,0,0,0,0,0,0,1,1,3,3,3,3,3,3,3,3,3,3,3,
3,3,3,1,1,0,0,0,0,0,0,1,1,3,3,3,3,3,1,1,0,0,0,0,0,0,0,0,0,0,0,0,0,0,0,1,1,3,3,3,1,1,0,0,0,0,0,0,0,0,0,0,1,1,1,0,0,0,0,0,1,1,1,1,0,0,0,0,0,0,0,0,1,1,1,1,1,1,1,1,1,1,0,0,0,0,0,0,1,1,3,3,3,3,3,3,3,3,3,3,
3,3,3,3,1,1,0,0,1,1,1,1,3,3,3,3,3,3,3,1,0,0,0,0,0,0,0,0,0,0,0,0,0,1,1,1,3,3,3,3,3,1,0,0,0,0,0,0,0,0,0,1,1,3,1,1,1,1,1,1,1,3,3,1,1,1,1,1,1,1,1,1,1,3,3,3,3,3,3,3,3,1,1,0,0,0,0,0,0,1,3,3,3,3,3,3,3,3,3,3,
3,3,3,3,3,3,3,3,3,3,3,3,3,3,3,3,3,3,3,1,0,0,0,0,0,0,0,1,1,1,1,1,1,1,3,3,3,3,3,3,3,1,1,0,0,0,0,0,0,0,1,1,3,3,3,3,3,3,3,3,3,3,3,3,3,3,3,3,3,3,3,3,3,3,3,3,3,3,3,3,3,3,1,1,0,0,0,0,0,1,1,3,3,3,3,3,3,3,3,3,
3,3,3,3,3,3,3,3,3,3,3,3,3,3,3,3,3,3,3,1,0,0,0,0,0,1,1,1,3,3,3,3,3,3,3,3,3,3,3,3,3,3,1,0,0,0,0,0,0,1,1,3,3,3,3,3,3,3,3,3,3,3,3,3,3,3,3,3,3,3,3,3,3,3,3,3,3,3,3,3,3,3,3,1,0,0,0,0,0,0,1,3,3,3,3,3,3,3,3,3,
3,3,3,3,3,3,3,3,3,3,3,3,3,3,3,3,3,3,1,1,0,0,0,0,1,1,3,3,3,3,3,3,3,3,3,3,3,3,3,3,3,3,1,0,0,0,0,0,1,1,3,3,3,3,3,3,3,3,3,3,3,3,3,3,3,3,3,3,3,3,3,3,3,3,3,3,1,1,1,1,1,1,1,1,0,0,0,0,0,0,1,3,3,3,3,3,3,3,3,3,
3,3,3,3,3,3,3,3,3,3,3,3,3,3,3,3,3,1,1,0,0,0,0,0,1,3,3,3,3,3,3,3,3,3,3,3,3,3,3,3,3,3,1,1,0,0,0,0,1,3,3,3,3,3,3,3,3,3,3,3,3,3,3,3,3,3,3,3,1,1,1,1,1,1,1,1,1,0,0,0,0,0,0,0,0,0,0,0,0,0,1,3,3,3,3,3,3,3,3,3,
3,3,3,1,1,1,1,1,3,3,3,3,3,1,1,1,1,1,0,0,0,0,0,1,1,3,3,3,3,3,3,3,3,3,3,3,3,3,3,3,3,3,3,1,0,0,0,0,1,1,3,3,3,3,3,3,3,3,3,3,3,3,3,3,1,1,1,1,1,0,0,0,0,0,0,0,0,0,0,0,0,0,0,0,0,0,0,0,0,0,1,3,3,3,3,3,3,3,3,3,
3,3,1,1,0,0,0,1,1,1,1,1,1,1,0,0,0,0,0,0,0,0,1,1,3,3,3,3,3,3,3,3,3,3,3,3,3,3,3,3,3,3,3,1,0,0,0,0,0,1,3,3,3,3,3,3,3,3,3,3,1,1,1,1,1,0,0,0,0,0,0,0,0,0,0,0,0,0,0,0,0,0,0,0,0,0,0,0,0,1,1,3,3,3,3,3,3,3,3,3,
3,1,1,0,0,0,0,0,0,0,0,0,0,0,0,0,0,0,0,0,0,1,1,3,3,3,3,3,3,3,3,3,3,3,3,3,3,3,3,3,3,3,3,1,1,0,0,0,0,1,3,3,3,3,3,3,3,3,3,3,1,0,0,0,0,0,0,0,0,0,0,0,0,0,0,0,0,0,0,0,0,0,0,0,0,0,0,0,0,1,3,3,3,3,3,3,3,3,3,3,
3,1,0,0,0,0,0,0,0,0,0,0,0,0,0,0,0,0,0,0,0,1,3,3,3,3,3,3,3,3,3,3,3,3,3,3,3,3,3,3,3,3,3,3,1,0,0,0,0,1,3,3,3,3,3,3,3,3,3,1,1,0,0,0,0,0,0,0,0,0,0,0,0,0,0,1,1,1,1,1,1,1,1,1,1,1,1,1,1,1,3,3,3,3,3,3,3,3,3,3,
1,1,0,0,0,0,0,0,0,0,0,0,0,0,0,0,0,0,0,0,1,1,3,3,3,3,3,3,3,3,3,3,3,3,3,3,3,3,3,3,3,3,3,3,1,0,0,0,0,1,3,3,3,3,3,3,3,3,3,1,0,0,0,0,0,0,0,0,1,1,1,1,1,1,1,1,3,3,3,3,3,3,3,3,3,3,3,3,3,3,3,3,3,3,3,3,3,3,3,3,
1,0,0,0,0,1,1,1,1,1,1,1,1,1,1,0,0,0,1,1,1,3,3,3,3,3,3,3,3,3,3,3,3,3,3,3,3,3,3,3,3,3,3,3,1,0,0,0,0,1,3,3,3,3,3,3,3,3,3,1,0,0,0,0,0,0,0,1,1,3,3,3,3,3,3,3,3,3,3,3,3,3,3,3,3,3,3,3,3,3,3,3,3,3,3,3,3,3,3,3,
1,0,0,0,0,1,3,3,3,3,3,3,3,3,1,1,1,1,1,3,3,3,3,3,3,3,3,3,3,3,3,3,3,3,3,3,3,3,3,3,3,3,3,3,1,0,0,0,0,1,3,3,3,3,3,3,3,3,3,1,0,0,0,0,0,1,1,1,3,3,3,3,3,3,3,3,3,3,3,3,3,3,3,3,3,3,3,3,3,3,3,3,3,3,3,3,3,3,3,3,
1,0,0,0,0,1,3,3,3,3,3,3,3,3,3,3,3,3,3,3,3,3,3,3,3,3,3,3,3,3,3,3,3,3,3,3,3,3,3,3,3,3,3,3,1,0,0,0,0,1,3,3,3,3,3,3,3,3,3,1,0,0,0,0,0,1,3,3,3,3,3,3,3,3,3,3,3,1,1,1,1,1,1,1,1,1,1,1,3,3,3,3,3,3,3,3,3,3,3,3,
1,0,0,0,0,1,3,3,3,3,3,3,3,3,3,3,3,3,3,3,3,3,3,3,3,3,3,3,3,3,1,1,1,1,1,1,3,3,3,3,3,3,3,3,1,0,0,0,0,1,3,3,3,3,3,3,3,3,3,1,0,0,0,0,0,1,3,3,3,3,3,3,3,3,3,3,1,1,0,0,0,0,0,0,0,0,0,1,1,1,3,3,3,3,3,3,3,3,3,3,
1,0,0,0,0,1,1,3,3,3,3,1,1,1,1,3,3,3,3,3,3,3,3,3,3,3,3,3,1,1,1,0,0,0,0,1,1,3,3,3,3,3,3,1,1,0,0,0,0,1,1,3,3,3,3,3,3,3,3,1,0,0,0,0,0,1,1,3,3,3,3,3,3,3,3,3,1,0,0,0,0,0,0,0,0,0,0,0,0,1,1,3,3,3,3,3,3,3,3,3,
1,0,0,0,0,0,1,3,3,1,1,1,0,0,1,1,1,3,3,3,3,3,3,3,3,3,3,1,1,0,0,0,0,0,0,0,1,1,1,1,1,1,1,1,0,0,0,0,0,0,1,1,3,3,3,3,3,3,3,1,1,0,0,0,0,0,1,1,3,3,3,3,3,3,1,1,1,0,0,0,0,0,0,0,0,0,0,0,0,0,1,3,3,3,3,3,3,3,3,3,
1,0,0,0,0,0,1,1,1,1,0,0,0,0,0,0,1,1,3,3,3,3,3,3,3,3,1,1,0,0,0,0,0,0,0,0,0,0,0,0,0,0,0,0,0,0,0,0,0,0,0,1,1,1,3,3,3,3,3,3,1,1,0,0,0,0,0,1,3,3,3,3,3,3,1,0,0,0,0,0,0,0,0,0,0,0,0,0,0,0,1,3,3,3,3,3,3,3,3,3,
1,1,0,0,0,0,0,0,0,0,0,0,0,0,0,0,0,1,3,3,3,3,3,3,3,3,1,0,0,0,0,0,0,0,0,0,0,0,0,0,0,0,0,0,0,0,0,0,0,0,0,0,0,1,1,3,3,3,3,3,3,1,0,0,0,0,0,1,3,3,3,3,3,1,1,0,0,0,0,0,1,1,1,1,0,0,0,0,0,0,1,3,3,3,3,3,3,3,3,3,
3,1,0,0,0,0,0,0,0,0,0,0,0,0,0,0,0,1,1,3,3,3,3,3,3,3,1,0,0,0,0,0,0,0,0,0,0,0,0,0,0,0,0,0,0,0,0,0,0,0,0,0,0,0,1,1,3,3,3,3,3,1,0,0,0,0,0,1,3,3,3,3,3,1,0,0,0,0,0,0,1,3,3,1,1,0,0,0,0,1,1,3,3,3,3,3,3,3,3,3,
3,1,1,0,0,0,0,0,0,0,0,0,0,0,0,0,0,0,1,1,3,3,3,3,3,1,1,0,0,0,0,1,1,1,1,1,0,0,0,0,0,0,0,0,0,0,0,0,0,0,0,0,0,0,0,1,1,3,3,3,3,1,1,0,0,0,0,1,3,3,3,3,1,1,0,0,0,0,0,0,1,3,3,3,1,0,0,0,0,1,3,3,3,3,3,3,3,3,3,3,
3,3,1,1,0,0,0,0,0,0,0,0,0,0,0,0,0,0,0,1,3,3,3,3,3,1,0,0,0,0,1,1,3,3,3,1,1,1,1,1,1,1,1,1,0,0,0,0,0,0,0,0,0,0,0,0,1,1,3,3,3,3,1,1,0,0,0,1,3,3,3,3,1,0,0,0,0,0,0,1,1,3,3,3,1,0,0,0,0,1,1,3,3,3,3,3,3,3,3,3,
3,3,3,1,1,0,0,0,0,0,0,1,1,1,0,0,0,0,0,1,3,3,3,3,3,1,0,0,0,0,1,3,3,3,3,3,3,3,3,3,3,3,3,1,1,0,0,0,0,0,0,0,0,0,0,0,0,1,1,3,3,3,3,1,0,0,0,1,1,3,3,3,1,0,0,0,0,0,1,1,3,3,3,1,1,0,0,0,0,0,1,3,3,3,3,3,3,3,3,3,
3,3,3,3,1,1,1,1,1,1,1,1,3,1,0,0,0,0,0,1,3,3,3,3,3,1,0,0,0,0,1,3,3,3,3,3,3,3,3,3,3,3,3,3,1,0,0,0,0,1,1,1,1,0,0,0,0,0,1,1,3,3,3,1,0,0,0,0,1,3,3,1,1,0,0,0,0,0,1,3,3,1,1,1,0,0,0,0,0,0,1,3,3,3,3,3,3,3,3,3,
3,3,3,3,3,3,3,3,3,3,3,3,3,1,0,0,0,0,0,1,3,3,3,3,1,1,0,0,0,1,1,3,3,3,3,3,3,3,3,3,3,3,3,3,1,0,0,0,0,1,3,3,1,1,0,0,0,0,0,1,1,3,3,1,1,0,0,0,1,1,3,1,0,0,0,0,0,1,1,3,3,1,0,0,0,0,0,0,0,0,1,3,3,3,3,3,3,3,3,3,
3,3,3,3,3,3,3,3,3,3,3,3,1,1,0,0,0,0,1,1,3,3,3,3,1,0,0,0,0,1,3,3,3,3,3,3,3,3,3,3,3,3,3,3,1,0,0,0,0,1,3,3,3,1,1,0,0,0,0,0,1,1,3,3,1,0,0,0,0,1,1,1,0,0,0,0,0,1,3,3,3,1,0,0,0,0,0,0,0,0,1,1,1,3,3,3,3,3,3,3,
3,3,3,3,3,3,3,3,3,3,3,1,1,0,0,0,0,1,1,3,3,3,3,3,1,0,0,0,0,1,3,3,3,3,3,3,3,3,3,3,3,3,3,3,1,0,0,0,0,1,3,3,3,3,1,1,0,0,0,0,0,1,1,1,1,0,0,0,0,0,0,0,0,0,0,0,0,1,3,3,1,1,0,0,0,0,0,0,0,0,0,0,1,3,3,3,3,3,3,3,
3,3,3,3,3,3,3,3,3,3,1,1,0,0,0,0,0,1,3,3,3,3,3,3,1,0,0,0,0,1,3,3,3,3,3,3,3,3,3,3,3,3,3,3,1,0,0,0,0,1,3,3,3,3,3,1,1,1,0,0,0,0,0,0,0,0,0,0,0,0,0,0,0,0,0,0,1,1,3,3,1,0,0,0,0,0,0,0,0,0,0,0,0,3,3,3,3,3,3,3,
3,3,3,3,3,3,3,3,3,3,1,0,0,0,0,0,1,1,3,3,3,3,3,3,1,0,0,0,0,1,3,3,3,3,3,3,3,3,3,3,3,3,3,3,1,0,0,0,0,1,3,3,3,3,3,3,3,1,1,0,0,0,0,0,0,0,0,0,0,0,0,0,0,0,0,0,1,3,3,3,1,0,0,0,0,0,0,0,0,0,0,0,0,3,3,3,3,3,3,3,
3,3,3,3,3,3,3,3,3,3,1,0,0,0,0,0,1,3,3,3,3,3,3,1,1,0,0,0,0,1,3,3,3,3,3,3,3,3,3,3,3,3,3,1,1,0,0,0,0,1,3,3,3,3,3,3,3,3,1,1,0,0,0,0,0,0,0,0,0,0,0,0,0,0,0,1,1,3,3,3,1,0,0,0,0,0,0,0,0,0,0,0,1,3,3,3,3,3,3,3,
3,3,3,3,3,3,3,3,3,3,1,0,0,0,0,1,1,3,3,3,3,3,1,1,0,0,0,0,1,1,3,3,3,3,3,3,3,3,3,3,3,3,3,1,0,0,0,0,0,1,3,3,3,3,3,3,3,3,3,1,1,1,0,0,0,0,0,0,0,0,0,0,0,0,1,1,3,3,3,3,1,0,0,0,0,0,0,0,0,0,0,0,1,3,3,3,3,3,3,3,
3,3,3,3,3,3,3,3,3,3,1,0,0,0,0,1,3,3,3,3,3,1,1,0,0,0,0,0,1,3,3,3,3,3,3,3,3,3,3,3,3,3,3,1,0,0,0,0,0,1,1,3,3,3,3,3,3,3,3,3,3,1,1,0,0,0,0,0,0,0,0,0,0,1,1,3,3,3,3,3,1,1,0,0,0,0,0,0,0,1,1,1,1,3,3,3,3,3,3,3,
3,3,3,3,3,3,3,3,3,3,1,0,0,0,0,1,1,1,3,1,1,1,0,0,0,0,0,1,1,3,3,3,3,3,3,3,3,3,3,3,3,3,3,1,1,0,0,0,0,0,1,3,3,3,3,3,3,3,3,3,3,3,1,1,1,0,0,0,0,0,0,0,1,1,3,3,3,3,3,3,3,1,1,1,1,1,1,1,1,1,3,3,3,3,3,3,3,3,3,3,
3,3,3,3,3,3,3,3,3,3,1,1,0,0,0,0,0,1,1,1,0,0,0,0,0,0,1,1,3,3,3,3,3,3,3,3,3,3,3,3,3,3,3,3,1,0,0,0,0,0,1,3,3,3,3,3,3,3,3,3,3,3,3,3,1,1,1,1,1,1,1,1,1,3,3,3,3,3,3,3,3,3,3,3,3,3,3,3,3,3,3,3,3,3,3,3,3,3,3,3,
3,3,3,3,3,3,3,3,3,3,3,1,1,0,0,0,0,0,0,0,0,0,0,0,0,1,1,3,3,3,3,3,3,3,3,3,3,3,3,3,3,3,3,3,1,0,0,0,0,0,1,3,3,3,3,3,3,3,3,3,3,3,3,3,3,3,3,3,3,3,3,3,3,3,3,3,3,3,3,3,3,3,3,3,3,3,3,3,3,3,3,3,3,3,3,3,3,3,3,3,
3,3,3,3,3,3,3,3,3,3,3,3,1,1,0,0,0,0,0,0,0,0,0,0,1,1,3,3,3,3,3,3,3,3,3,3,3,3,3,3,3,3,3,3,1,0,0,0,0,0,1,3,3,3,3,3,3,3,3,3,3,3,3,3,3,3,3,3,3,3,3,3,3,3,3,3,3,3,3,3,3,3,3,3,3,3,3,3,3,3,3,3,3,3,3,3,3,3,3,3,
3,3,3,3,3,3,3,3,3,3,3,3,3,1,1,1,1,0,0,0,0,0,1,1,1,3,3,3,3,3,3,3,3,3,3,3,3,3,3,3,3,3,3,3,1,0,0,0,0,1,1,3,3,3,3,3,3,3,3,3,3,3,3,3,3,3,3,3,3,3,3,3,3,3,3,3,3,3,3,3,3,3,3,3,3,3,3,3,3,3,3,3,3,3,3,3,3,3,3,3,
3,3,3,3,3,3,3,3,3,3,3,3,3,3,3,3,1,1,1,1,1,1,1,3,3,3,3,3,3,3,3,3,3,3,3,3,3,3,3,3,3,3,3,3,1,0,0,0,0,1,3,3,3,3,3,3,3,3,3,3,3,3,3,3,3,3,3,3,3,3,3,3,3,3,3,3,3,3,3,3,3,3,3,3,3,3,3,3,3,3,3,3,3,3,3,3,3,3,3,3,
3,3,3,3,3,3,3,3,3,3,3,3,3,3,3,3,3,3,3,3,3,3,3,3,3,3,3,3,3,3,3,3,3,3,3,3,3,3,3,3,3,3,3,3,1,0,0,0,0,1,3,3,3,3,3,3,3,3,3,3,3,3,3,3,3,3,3,3,3,3,3,3,3,3,3,3,3,3,3,3,3,3,3,3,3,3,3,3,3,3,3,3,3,3,3,3,3,3,3,3

[event]
# to Abandoned Mines
type=on_trigger
location=45,99,4,1
hotspot=location
intermap=maps/abandoned_mines.txt,47,2
tooltip=Abandoned Mines

[event]
# to Mountain Pass (SW)
type=on_trigger
location=6,62,2,1
hotspot=location
intermap=maps/mountain_pass.txt,24,81
tooltip=Mountain Pass

[event]
# to Mountain Pass (NW)
type=on_trigger
location=21,14,1,2
hotspot=location
intermap=maps/mountain_pass.txt,31,25
tooltip=Mountain Pass

[event]
# to Mountain Pass (NE)
type=on_trigger
location=77,39,2,1
hotspot=location
intermap=maps/mountain_pass.txt,100,26
tooltip=Mountain Pass

[event]
# to Mountain Pass (SE)
type=on_trigger
location=92,88,1,2
hotspot=location
intermap=maps/mountain_pass.txt,97,105
tooltip=Mountain Pass

