[header]
width=100
height=100
tilewidth=64
tileheight=32
orientation=isometric
background_color=0,0,0,255
hero_pos=36,8
music=music/battle_theme.ogg
parallax_layers=maps/parallax/fog.txt
tileset=tilesetdefs/tileset_dungeon.txt
title=Underworld Stronghold: Barracks

[tilesets]
tileset=../../../tiled/dungeon/tiled_collision.png,64,32,0,0
tileset=../../../tiled/dungeon/tiled_dungeon.png,64,128,0,0
tileset=../../../tiled/dungeon/set_rules.png,64,32,0,0
tileset=../../../tiled/dungeon/tiled_dungeon_2x2.png,128,64,0,16
tileset=../../../tiled/dungeon/door_left.png,64,128,-16,-8
tileset=../../../tiled/dungeon/door_right.png,64,128,16,-8
tileset=../../../tiled/dungeon/stairs.png,256,256,0,48

[layer]
type=background
data=
0,0,0,0,0,0,0,0,0,0,0,0,0,0,0,0,0,0,0,0,0,0,0,0,0,0,0,0,0,0,0,0,0,0,0,0,0,0,0,0,0,0,0,0,0,0,0,0,0,0,0,0,0,0,0,0,0,0,0,0,0,0,0,0,0,0,0,0,0,0,0,0,0,0,0,0,0,0,0,0,0,0,0,0,0,0,0,0,0,0,0,0,0,0,0,0,0,0,0,0,
0,0,0,0,0,0,0,0,0,0,0,0,0,0,0,0,0,0,0,0,0,0,0,0,0,0,0,0,0,0,0,0,0,19,37,44,46,40,45,37,19,17,45,36,16,18,39,40,47,40,0,0,0,0,0,0,0,0,0,0,0,0,0,0,0,0,0,0,0,0,0,0,0,0,0,0,0,0,0,0,0,0,0,0,0,0,0,0,0,0,0,0,0,0,0,0,0,0,0,0,
0,0,0,0,0,0,0,0,0,0,0,0,0,0,0,0,0,0,0,0,0,0,0,0,0,0,0,0,0,0,0,0,0,46,51,51,51,51,51,51,51,43,19,46,47,43,16,19,37,17,0,0,0,0,0,0,0,0,0,0,0,0,0,0,0,0,0,0,0,0,0,0,0,0,0,0,0,0,0,0,0,0,0,0,0,0,0,0,0,0,0,0,0,0,0,0,0,0,0,0,
0,0,0,0,0,0,0,0,0,0,0,0,0,0,0,0,0,0,0,0,0,0,0,0,0,0,0,0,0,0,0,0,0,18,51,51,51,51,51,51,51,46,38,45,37,17,38,42,40,37,0,0,0,0,0,0,0,0,0,0,0,0,0,0,0,0,0,0,0,0,0,0,0,0,0,0,0,0,0,0,0,0,0,0,0,0,0,0,0,0,0,0,0,0,0,0,0,0,0,0,
0,0,0,0,0,0,0,0,0,0,0,0,0,0,0,0,0,0,0,0,0,0,0,0,0,0,0,0,0,0,0,0,0,36,34,34,33,33,33,34,34,42,40,18,18,37,42,18,46,19,0,0,0,0,0,0,0,0,0,0,0,0,0,0,0,0,0,0,0,0,0,0,0,0,0,0,0,0,0,0,0,0,0,0,0,0,0,0,0,0,0,0,0,0,0,0,0,0,0,0,
0,0,0,0,0,0,0,0,0,0,0,0,0,0,0,0,0,0,0,0,0,0,0,0,0,0,0,0,0,0,0,0,0,17,19,43,39,41,45,16,45,16,32,34,34,32,40,46,43,39,0,0,0,0,0,0,0,0,0,0,0,0,0,0,0,0,0,0,0,0,0,0,0,0,0,0,0,0,0,0,0,0,0,0,0,0,0,0,0,0,0,0,0,0,0,0,0,0,0,0,
0,0,0,0,0,0,0,0,0,0,0,0,0,0,0,0,0,0,0,0,0,0,0,0,0,0,0,0,0,0,0,0,0,40,45,37,39,19,18,44,40,36,34,0,0,32,47,17,43,41,0,0,0,0,0,0,0,0,0,0,0,0,0,0,0,0,0,0,0,0,0,0,0,0,0,0,0,0,0,0,0,0,0,0,0,0,0,0,0,0,0,0,0,0,0,0,0,0,0,0,
0,0,0,0,0,0,0,0,0,0,0,0,0,0,0,0,0,0,0,0,0,0,0,0,0,0,0,0,0,0,0,0,0,41,46,42,41,46,19,42,38,43,32,264,0,32,36,37,17,38,0,0,0,0,0,0,0,0,0,0,0,0,0,0,0,0,0,0,0,0,0,0,0,0,0,0,0,0,0,0,0,0,0,0,0,0,0,0,0,0,0,0,0,0,0,0,0,0,0,0,
0,0,0,0,0,0,0,0,0,0,0,0,0,0,0,0,0,0,0,0,0,0,0,0,0,0,0,0,0,0,0,0,0,17,39,39,44,16,36,42,43,36,32,35,32,33,45,43,43,46,0,0,0,0,0,0,0,0,0,0,0,0,0,0,0,0,0,0,0,0,0,0,0,0,0,0,0,0,0,0,0,0,0,0,0,0,0,0,0,0,0,0,0,0,0,0,0,0,0,0,
0,0,0,0,0,44,47,37,18,44,42,18,46,18,36,39,44,17,18,39,18,40,0,0,0,0,0,0,0,0,0,0,0,35,34,32,34,32,35,37,40,17,16,16,45,43,39,19,42,47,0,0,0,0,0,0,0,17,38,39,38,42,16,42,17,16,43,36,46,19,44,39,16,44,36,45,44,42,36,19,38,40,0,0,0,0,0,0,0,0,0,0,0,0,0,0,0,0,0,0,
0,0,0,0,0,47,19,47,37,37,44,38,36,46,37,40,46,17,47,46,46,42,0,0,0,0,0,0,0,0,0,0,0,33,0,0,0,0,34,43,42,37,47,45,39,44,19,42,38,17,0,0,0,0,0,0,0,18,40,37,18,46,17,19,36,36,46,45,45,47,41,17,44,37,47,36,42,46,45,16,17,44,0,0,0,0,0,0,0,0,0,0,0,0,0,0,0,0,0,0,
0,0,0,0,0,42,37,38,19,17,46,16,38,41,38,39,17,19,16,46,17,43,0,0,0,0,0,0,0,0,0,0,0,35,0,0,0,0,33,40,36,44,36,40,16,46,44,37,16,43,0,0,0,0,0,0,0,41,38,19,40,46,41,38,46,42,44,45,19,37,17,37,38,42,36,18,17,36,16,42,41,37,0,0,0,0,0,0,0,0,0,0,0,0,0,0,0,0,0,0,
0,0,0,0,0,39,16,44,16,47,17,38,16,44,46,18,47,19,39,47,37,45,0,0,0,0,0,0,0,0,0,0,0,34,0,0,0,0,33,36,45,47,42,44,36,37,46,45,16,36,0,0,0,0,0,0,0,36,16,39,44,43,43,38,47,43,43,46,16,36,42,37,18,19,41,17,36,37,43,41,17,16,0,0,0,0,0,0,0,0,0,0,0,0,0,0,0,0,0,0,
0,0,0,0,0,46,47,42,36,47,30,23,23,23,23,23,23,31,47,36,39,16,0,0,0,0,0,0,0,0,0,0,0,35,286,0,0,0,35,42,16,41,37,46,37,19,18,17,19,37,0,0,0,0,0,0,0,47,19,19,44,17,41,38,17,46,45,18,40,44,38,39,47,30,23,23,23,23,31,16,38,46,41,38,37,17,37,44,17,46,17,44,45,39,0,0,0,0,0,0,
0,0,0,0,0,43,43,43,44,30,26,48,50,50,50,50,50,27,31,46,38,17,0,0,0,0,0,0,0,0,0,0,0,0,0,0,0,0,0,0,0,40,42,16,43,47,0,0,0,0,0,0,0,0,0,0,0,17,38,39,17,18,0,0,0,0,0,0,0,19,37,44,37,22,48,50,50,50,20,16,46,16,43,46,16,45,33,34,33,33,34,35,35,33,0,0,0,0,0,0,
0,0,0,0,0,46,42,45,18,22,48,0,0,0,0,0,0,50,20,17,38,40,0,0,0,0,0,0,0,0,0,0,0,0,0,0,0,0,0,0,0,40,39,40,38,43,0,0,0,0,0,0,0,0,0,0,0,37,41,38,36,39,0,0,0,0,0,0,0,38,40,17,36,22,49,0,0,0,20,16,18,16,46,17,44,38,35,32,35,32,33,35,35,32,0,0,0,0,0,0,
0,0,0,0,0,36,18,41,45,22,49,0,0,0,0,0,0,0,20,40,39,19,0,0,0,0,0,0,0,0,0,0,0,0,0,0,0,0,0,0,0,45,17,18,19,46,0,0,0,0,0,0,0,0,0,0,0,40,38,38,17,17,0,0,0,0,0,0,0,43,17,44,45,22,49,0,0,0,20,44,43,39,17,45,19,40,32,33,38,41,38,47,32,34,0,0,0,0,0,0,
0,0,0,0,0,19,45,37,30,26,49,0,0,0,0,0,0,0,27,23,23,31,19,46,41,37,44,19,44,39,37,44,42,19,0,0,0,0,0,0,0,41,46,46,19,42,0,0,0,0,0,0,0,0,0,0,0,18,39,40,36,39,0,0,0,17,42,43,44,40,44,42,39,22,49,0,0,0,20,45,46,46,43,37,43,37,32,32,43,38,37,38,34,34,0,0,0,0,0,0,
0,0,0,0,0,39,46,38,22,48,0,0,0,0,0,0,0,0,50,50,50,27,31,36,19,38,38,43,37,16,47,45,38,45,0,0,0,0,0,0,0,40,45,47,39,45,0,0,0,0,0,0,0,0,0,0,0,45,44,18,43,43,0,0,0,18,40,38,47,16,18,46,17,22,49,0,0,0,20,39,19,40,0,0,0,42,33,32,39,18,40,36,32,33,0,0,0,0,0,0,
0,0,0,0,0,45,42,40,22,49,0,0,0,0,0,0,0,0,0,0,0,50,27,31,36,42,36,19,38,36,18,38,43,18,0,0,0,0,0,0,0,39,45,44,41,43,0,0,0,0,0,0,0,0,0,0,0,45,16,39,44,44,0,0,0,16,18,43,39,43,38,19,41,22,49,0,0,0,20,46,41,39,0,0,0,47,33,34,43,38,45,19,35,32,0,0,0,0,0,0,
0,0,0,0,0,40,40,47,22,49,0,0,0,0,0,0,0,0,0,0,0,0,50,20,40,18,44,18,18,45,36,45,39,19,0,0,0,0,0,0,0,16,36,44,17,19,0,0,0,0,0,0,0,0,0,0,0,43,46,41,42,17,0,0,0,43,40,44,36,47,16,41,41,22,49,0,0,0,20,42,47,39,0,0,0,46,33,35,37,17,39,38,33,34,0,0,0,0,0,0,
0,0,0,0,0,41,42,38,22,49,0,0,0,0,0,0,0,0,0,0,0,0,0,20,47,16,18,47,16,19,41,36,47,41,0,0,0,0,0,0,0,45,47,17,42,16,0,0,0,0,0,0,0,0,0,0,0,37,43,37,47,42,0,0,0,43,37,18,42,30,23,23,23,26,49,0,0,0,20,16,42,46,0,0,0,39,35,34,19,42,42,47,34,35,0,0,0,0,0,0,
0,0,0,0,0,39,38,46,22,49,0,0,0,0,0,0,0,0,0,0,0,0,24,28,45,18,45,38,42,39,38,18,44,47,0,0,0,0,0,0,0,19,47,42,44,17,0,0,0,0,0,0,0,0,0,0,0,37,43,36,46,17,0,0,0,42,16,42,42,22,48,50,50,50,0,0,0,0,20,39,39,19,0,0,0,45,32,35,36,44,19,36,35,35,0,0,0,0,0,0,
0,0,0,0,0,37,19,19,22,49,0,0,0,51,51,49,0,0,0,0,0,0,20,18,42,45,40,42,37,16,16,16,38,36,0,0,0,0,0,0,0,46,17,36,19,36,0,0,0,0,0,0,0,0,0,0,0,18,19,45,36,18,0,0,0,45,16,44,47,22,49,0,0,0,0,0,0,0,20,17,36,42,0,0,0,19,33,34,16,36,45,39,35,32,0,0,0,0,0,0,
0,0,0,0,0,16,38,19,22,49,0,0,0,51,51,49,0,0,0,0,0,0,20,36,16,46,45,37,37,40,43,43,38,38,0,0,0,0,0,0,0,45,43,16,16,39,0,0,0,0,0,0,0,0,0,0,0,43,46,36,16,38,0,0,0,42,36,47,44,22,49,0,0,0,0,0,0,0,20,39,47,46,0,0,0,38,32,34,35,34,35,35,33,33,0,0,0,0,0,0,
0,0,0,0,0,46,38,37,22,49,0,0,0,51,51,49,0,0,0,0,0,0,20,37,47,39,38,43,40,19,37,36,17,45,0,0,0,0,0,0,0,41,43,17,16,41,42,40,42,47,36,40,39,38,17,19,40,37,45,37,46,43,0,0,0,36,18,45,18,22,49,0,0,0,0,0,0,0,20,37,36,44,0,0,0,17,34,33,34,33,32,34,33,32,0,0,0,0,0,0,
0,0,0,0,0,18,47,38,29,25,49,0,0,51,51,49,0,0,0,0,24,21,28,44,36,18,38,37,43,37,47,46,39,16,0,0,0,0,0,0,0,40,17,36,36,19,17,38,44,45,40,36,36,44,17,47,39,47,40,47,19,44,0,0,0,19,19,46,38,22,49,0,0,0,24,21,21,21,28,16,19,42,0,0,0,0,0,0,0,0,0,0,0,0,0,0,0,0,0,0,
0,0,0,0,0,39,42,44,17,29,21,21,21,51,51,25,49,0,0,0,20,42,39,39,46,39,43,46,45,45,43,39,19,18,0,0,0,0,0,0,0,17,37,16,17,17,43,45,43,47,43,44,41,38,47,46,45,19,18,42,38,41,0,0,0,44,46,39,41,22,49,0,0,0,20,45,36,19,43,19,44,18,0,0,0,0,0,0,0,0,0,0,0,0,0,0,0,0,0,0,
0,0,0,0,0,39,18,39,41,19,42,18,17,51,37,22,49,0,0,24,28,41,18,42,46,37,47,46,45,37,45,19,36,43,0,0,0,0,0,0,0,39,42,19,39,39,47,16,17,42,36,45,16,43,37,37,42,16,42,19,39,16,0,0,0,46,41,43,45,22,49,0,0,0,20,41,18,39,43,42,41,36,0,0,0,0,0,0,0,0,0,0,0,0,0,0,0,0,0,0,
0,0,0,0,0,40,37,39,16,16,17,42,36,40,36,29,21,21,21,28,17,47,38,16,45,36,43,16,16,37,37,37,38,37,0,0,0,0,0,0,0,47,18,43,16,46,38,45,44,47,38,38,36,44,42,18,40,45,36,36,19,44,0,0,0,46,39,19,39,22,49,0,0,0,27,23,23,23,31,19,46,44,0,0,0,0,0,0,0,0,0,0,0,0,0,0,0,0,0,0,
0,0,0,0,0,47,38,45,17,47,39,42,46,45,17,38,41,46,44,44,42,19,42,19,17,42,44,45,46,42,42,37,19,46,0,0,0,0,0,0,0,0,0,0,0,0,0,0,0,0,0,0,0,0,0,0,0,0,0,0,0,0,0,0,0,43,39,17,44,22,49,0,0,0,50,50,50,50,20,40,16,16,0,0,0,0,0,0,0,0,0,0,0,0,0,0,0,0,0,0,
0,0,0,0,0,47,17,43,39,40,45,16,46,16,38,38,42,16,37,42,39,36,16,36,19,36,43,45,43,44,18,17,43,36,0,0,0,0,0,0,0,0,0,0,0,0,0,0,0,0,0,0,0,0,0,0,0,0,0,0,0,0,0,0,0,45,18,38,42,22,49,0,0,0,0,0,0,0,20,17,17,18,0,0,0,0,0,0,0,0,0,0,0,0,0,0,0,0,0,0,
0,0,0,0,0,46,18,16,34,33,35,35,39,45,43,43,36,42,18,17,41,46,38,17,36,44,18,46,43,46,36,36,43,46,0,0,0,0,0,0,0,0,0,0,0,0,0,0,0,0,0,0,0,0,0,0,0,0,0,0,0,0,0,0,0,36,43,41,46,22,49,0,0,0,0,0,0,0,20,47,19,17,0,0,0,0,0,0,0,0,0,0,0,0,0,0,0,0,0,0,
0,0,0,0,0,47,19,46,34,0,0,34,46,39,43,47,16,45,38,46,44,42,17,37,17,16,19,17,17,40,36,19,37,39,0,0,0,0,0,0,0,0,0,0,0,0,0,0,0,0,0,0,0,0,0,0,0,0,0,0,0,0,0,0,0,45,46,45,47,22,49,0,0,0,0,0,0,0,20,37,19,39,0,0,0,18,19,17,18,17,43,36,43,18,0,0,0,0,0,0,
0,0,0,0,0,39,42,16,33,264,0,34,16,37,46,44,41,37,43,19,43,46,38,40,38,16,44,39,37,42,47,17,36,43,0,0,0,0,0,0,0,0,0,0,0,0,0,0,0,0,0,0,0,0,0,0,0,0,0,0,0,0,0,0,0,41,16,41,45,29,21,21,21,25,49,0,0,0,20,40,19,19,0,0,0,16,35,33,33,34,32,35,34,33,0,0,0,0,0,0,
0,0,0,0,0,43,38,36,35,34,32,33,37,47,38,38,43,38,35,33,32,35,19,36,39,44,16,18,38,16,42,38,36,41,0,0,0,0,0,0,0,0,0,0,0,0,0,0,0,0,0,0,0,0,0,0,0,0,0,0,0,0,0,0,0,41,47,18,18,43,18,37,40,22,49,0,0,0,20,37,46,45,0,0,0,18,34,32,34,33,33,32,34,35,0,0,0,0,0,0,
0,0,0,0,0,45,46,38,47,45,16,19,18,43,16,40,44,36,35,57,59,34,18,45,44,41,45,47,36,19,44,18,37,37,0,0,0,0,0,0,0,0,0,0,0,0,0,0,0,0,0,0,0,0,0,0,0,0,0,0,0,0,0,0,0,16,16,18,43,47,38,41,39,22,49,0,0,0,20,38,39,42,0,0,0,46,34,34,46,39,40,46,33,33,0,0,0,0,0,0,
0,0,0,0,0,39,37,46,40,39,17,38,19,38,45,43,17,41,32,33,34,35,18,37,37,16,18,45,18,39,37,44,44,44,0,0,0,0,0,0,0,0,0,0,0,0,0,0,0,0,0,0,0,0,0,0,0,0,0,0,0,0,0,0,0,36,37,44,36,19,44,38,38,22,49,0,0,0,20,41,45,38,0,0,0,43,32,33,38,45,44,18,33,33,0,0,0,0,0,0,
0,0,0,0,0,0,0,0,0,0,0,0,0,0,0,0,0,0,0,0,0,0,19,51,51,0,0,0,0,0,0,0,0,0,0,0,0,0,0,0,0,0,0,0,0,0,0,0,0,0,0,0,0,0,0,0,0,0,0,0,0,0,0,0,0,0,0,0,0,47,18,39,19,22,49,0,0,0,20,17,42,41,0,0,0,44,32,33,41,43,47,47,35,32,0,0,0,0,0,0,
0,0,0,0,0,0,0,0,0,0,0,0,0,0,0,0,0,0,0,0,0,0,19,51,51,0,0,0,0,0,0,0,0,0,0,0,0,0,0,0,0,0,0,0,0,0,0,0,0,0,0,0,0,0,0,0,0,0,0,0,0,0,0,0,0,0,0,0,0,19,42,39,47,22,49,0,0,0,20,44,18,18,0,0,0,37,33,32,33,32,33,34,35,35,0,0,0,0,0,0,
0,0,0,0,0,0,0,0,0,0,0,0,0,0,0,0,0,0,0,0,0,0,38,51,51,0,0,0,0,0,0,0,0,0,0,0,0,0,0,0,0,0,0,0,0,0,0,0,0,0,0,0,0,0,0,0,0,0,0,0,0,0,0,0,0,0,0,0,0,42,47,46,46,22,49,0,0,0,20,38,37,39,0,0,0,41,35,32,32,35,33,33,34,34,0,0,0,0,0,0,
0,0,0,0,0,0,0,0,0,0,0,0,0,0,0,0,0,0,0,0,0,0,38,51,51,0,0,0,0,0,0,0,0,0,0,0,0,0,0,0,0,0,0,0,0,0,0,0,0,0,0,0,0,0,0,0,0,0,0,0,0,0,0,0,0,0,0,0,0,37,17,38,46,22,49,0,0,0,20,43,36,45,47,17,40,16,45,18,36,44,38,43,41,38,0,0,0,0,0,0,
0,0,0,0,0,0,0,0,0,0,0,0,0,0,0,0,0,0,0,0,0,0,43,51,51,0,0,0,0,0,0,0,0,0,0,0,0,0,0,0,0,0,0,0,0,0,0,0,0,0,0,0,0,0,0,0,0,0,0,0,0,0,0,0,0,0,0,0,0,43,36,18,42,29,21,21,21,21,28,45,44,43,37,44,37,36,43,43,47,39,43,45,17,40,0,0,0,0,0,0,
0,0,0,0,0,0,0,0,0,0,0,0,0,0,0,0,0,0,0,0,0,0,46,51,51,0,0,0,0,0,0,0,0,0,0,0,0,0,0,0,0,0,0,0,0,0,0,0,0,0,0,0,0,0,0,0,0,0,0,0,0,0,0,0,0,0,0,0,0,47,36,42,16,18,38,36,36,36,36,37,40,17,16,18,37,42,47,16,37,17,47,17,43,43,0,0,0,0,0,0,
0,0,0,0,0,0,0,0,0,0,0,0,0,0,0,0,0,0,0,0,0,0,37,51,51,0,0,0,0,0,0,0,0,0,0,0,0,0,0,0,0,0,0,0,0,0,0,0,0,0,0,0,0,0,0,0,0,0,0,0,0,0,0,0,0,0,0,0,0,41,18,47,40,44,40,39,39,45,38,39,18,44,36,37,41,17,39,39,18,18,37,38,37,43,0,0,0,0,0,0,
0,0,0,0,0,0,0,0,0,0,0,0,0,0,0,0,0,0,0,0,0,0,39,51,51,0,0,0,0,0,0,0,0,0,0,0,0,0,0,0,0,0,0,0,0,0,0,0,0,0,0,0,0,0,0,0,0,0,0,0,0,0,0,0,0,0,0,0,0,19,47,18,18,19,16,47,17,44,39,42,46,19,40,16,43,43,42,46,44,16,40,38,46,36,0,0,0,0,0,0,
0,0,0,0,0,0,0,0,0,0,0,0,0,0,0,0,0,0,0,0,0,0,18,51,51,0,0,0,0,0,0,0,0,0,0,0,0,0,0,0,0,0,0,0,0,0,0,0,0,0,0,0,0,0,0,0,0,0,0,0,0,0,0,0,0,0,0,0,0,0,0,0,0,0,0,0,0,36,43,47,36,40,0,0,0,0,0,0,0,0,0,0,0,0,0,0,0,0,0,0,
0,0,0,0,0,0,0,0,0,0,0,0,0,0,0,0,0,0,0,0,0,0,43,51,51,0,0,0,0,0,0,0,0,0,0,0,0,0,0,0,0,0,0,0,0,0,0,0,0,0,0,0,0,0,0,0,0,0,0,0,0,0,0,0,0,0,0,0,0,0,0,0,0,0,0,0,0,39,42,17,44,40,0,0,0,0,0,0,0,0,0,0,0,0,0,0,0,0,0,0,
0,0,0,0,0,0,0,0,0,0,0,0,0,0,0,0,0,0,0,0,0,0,36,51,51,0,0,0,0,0,0,0,0,0,0,0,0,0,0,0,0,0,0,0,0,0,0,0,0,0,0,0,0,0,0,0,0,0,0,0,0,0,0,0,0,0,0,0,0,0,0,0,0,0,0,0,0,46,45,45,47,46,0,0,0,0,0,0,0,0,0,0,0,0,0,0,0,0,0,0,
0,0,0,0,0,0,0,0,0,0,0,0,0,0,0,0,0,0,0,0,0,0,41,51,51,0,0,0,0,0,0,0,0,0,0,0,0,0,0,0,0,0,0,0,0,0,0,0,0,0,0,0,0,0,0,0,0,0,0,0,0,0,0,0,0,0,0,0,0,0,0,0,0,0,0,0,0,16,43,37,36,40,0,0,0,0,0,0,0,0,0,0,0,0,0,0,0,0,0,0,
0,0,0,0,0,0,0,0,0,0,0,0,0,0,0,0,0,0,0,0,0,0,38,51,51,0,0,0,0,0,0,0,0,0,0,0,0,0,0,0,0,0,0,0,0,0,0,0,0,0,0,18,39,34,33,40,0,0,0,0,0,0,0,0,0,0,0,0,0,0,0,0,0,0,0,0,0,17,39,43,36,43,0,0,0,0,0,0,0,0,0,0,0,0,0,0,0,0,0,0,
0,0,0,0,0,0,0,0,0,0,0,0,0,0,0,0,0,0,0,0,0,0,17,51,51,0,0,0,0,0,0,0,0,0,0,0,0,0,0,0,0,0,0,0,0,0,0,0,0,0,0,37,41,35,35,46,0,0,0,0,0,0,0,0,0,0,0,0,0,0,0,0,0,0,0,0,0,16,47,39,45,40,0,0,0,0,0,0,0,0,0,0,0,0,0,0,0,0,0,0,
0,0,0,0,0,0,0,0,0,0,0,0,0,0,0,0,0,0,0,0,0,0,18,51,51,0,0,0,0,0,0,0,0,0,0,0,0,0,0,0,0,0,0,0,0,0,0,0,0,0,0,19,43,35,33,46,0,0,0,0,0,0,0,0,0,0,0,0,0,0,0,0,0,0,0,0,0,47,39,16,38,42,0,0,0,0,0,0,0,0,0,0,0,0,0,0,0,0,0,0,
0,0,0,0,0,0,0,0,0,0,0,0,0,0,0,0,0,0,0,0,0,0,16,51,51,0,0,0,0,0,0,0,0,0,0,0,0,0,0,0,0,0,0,0,0,0,0,0,0,0,0,17,17,33,32,47,0,0,0,0,0,0,0,0,0,0,0,0,0,0,0,0,0,0,0,0,0,43,45,47,17,36,0,0,0,0,0,0,0,0,0,0,0,0,0,0,0,0,0,0,
0,0,0,0,0,0,0,0,0,0,0,0,0,0,0,0,0,0,0,0,0,0,36,51,51,0,0,0,0,0,0,0,0,0,0,0,0,0,0,0,0,0,0,0,0,0,0,0,0,0,0,16,37,34,32,44,0,0,0,0,0,0,0,0,0,0,0,0,0,0,0,0,0,0,0,0,0,40,41,42,40,42,0,0,0,0,0,0,0,0,0,0,0,0,0,0,0,0,0,0,
0,0,0,0,0,0,0,0,0,0,0,0,0,0,0,0,0,0,0,0,0,0,19,51,51,0,0,0,0,0,0,0,0,0,0,0,0,0,0,0,0,0,0,0,0,0,0,0,0,0,0,18,45,35,32,41,0,0,0,0,0,0,0,0,0,0,0,0,0,0,0,0,0,0,0,0,0,39,16,45,18,40,0,0,0,0,0,0,0,0,0,0,0,0,0,0,0,0,0,0,
0,0,0,0,0,0,0,0,0,0,0,0,0,0,0,0,0,0,0,0,0,0,42,51,51,0,0,0,0,0,0,0,0,0,0,0,0,0,0,0,0,0,0,0,0,0,0,0,0,0,0,19,47,32,35,16,0,0,0,0,0,0,0,0,0,0,0,0,0,0,0,0,0,0,0,0,0,18,16,18,44,18,0,0,0,0,0,0,0,0,0,0,0,0,0,0,0,0,0,0,
0,0,0,0,0,0,0,0,0,0,0,0,0,0,0,0,0,0,0,0,0,0,38,51,51,0,0,0,0,0,0,0,0,0,0,0,0,0,0,0,0,0,0,0,0,0,0,0,0,0,0,39,47,35,33,17,0,0,0,0,0,0,0,0,0,0,0,0,0,0,0,0,0,0,0,0,0,37,46,38,18,39,0,0,0,0,0,0,0,0,0,0,0,0,0,0,0,0,0,0,
0,0,0,0,0,0,0,0,0,0,0,0,0,0,0,0,0,0,0,0,0,0,44,51,51,0,0,0,0,0,0,0,0,0,0,0,0,0,0,0,0,0,0,0,0,0,0,0,0,0,0,42,40,34,33,46,0,0,0,0,0,0,0,0,0,0,0,0,0,0,0,0,0,0,0,0,0,42,40,43,41,44,0,0,0,0,0,0,0,0,0,0,0,0,0,0,0,0,0,0,
0,0,0,0,0,0,0,0,0,0,0,0,0,0,0,0,0,0,0,0,0,0,38,51,51,0,0,0,0,0,0,0,0,0,0,0,0,0,0,0,0,0,0,0,0,0,0,0,0,0,0,38,37,32,33,36,0,0,0,0,0,0,0,0,0,0,0,0,0,0,0,0,0,0,0,0,0,40,19,19,46,19,0,0,0,0,0,0,0,0,0,0,0,0,0,0,0,0,0,0,
0,0,0,0,0,0,0,0,0,0,0,0,0,0,0,0,0,0,0,0,0,0,40,51,51,0,0,0,0,0,0,0,0,0,0,0,0,0,0,0,0,0,0,0,0,0,0,0,0,0,0,37,45,33,34,16,0,0,0,0,0,0,0,0,0,0,0,0,0,0,0,0,0,0,0,0,0,46,40,42,17,39,0,0,0,0,0,0,0,0,0,0,0,0,0,0,0,0,0,0,
0,0,0,0,0,0,0,0,0,0,0,0,0,18,47,44,17,44,46,46,17,41,18,51,51,47,0,0,0,38,37,19,46,17,44,37,41,40,37,47,42,39,0,0,0,0,0,0,0,0,0,41,46,34,34,19,0,0,0,0,0,0,0,0,0,38,16,41,47,18,18,39,40,43,0,0,0,37,38,17,39,44,42,19,37,42,39,17,47,17,43,18,37,37,0,0,0,0,0,0,
0,0,0,0,0,0,0,0,0,0,0,0,0,47,40,39,35,57,59,34,47,39,39,17,37,47,0,0,0,36,37,42,38,43,32,32,34,35,41,17,18,16,0,0,0,0,0,0,0,0,0,38,19,33,33,38,0,0,0,0,0,0,0,0,0,38,47,46,32,32,34,35,17,46,0,0,0,37,46,38,43,40,43,43,36,32,32,33,34,33,34,33,33,34,0,0,0,0,0,0,
0,0,0,0,0,0,0,0,0,0,0,0,0,45,17,47,32,33,34,35,39,40,39,42,36,46,0,0,0,36,43,18,39,16,34,56,58,33,37,46,47,39,0,0,0,0,0,0,0,0,0,46,42,33,32,39,0,0,0,0,0,0,0,0,0,17,37,17,34,56,58,33,38,45,0,0,0,37,39,16,18,43,41,19,46,34,36,45,36,17,45,41,16,32,0,0,0,0,0,0,
0,0,0,0,0,0,0,0,0,0,0,0,0,17,38,38,42,43,43,47,44,17,38,47,37,38,0,0,0,17,39,16,39,44,32,33,34,35,36,44,36,40,0,0,0,0,0,0,0,0,0,42,40,34,33,39,0,0,0,0,0,0,0,0,0,44,43,47,32,33,34,35,45,38,0,0,0,46,37,38,47,18,18,37,43,35,41,18,39,16,17,38,47,35,0,0,0,0,0,0,
0,0,0,0,0,0,0,0,0,0,0,0,0,36,43,18,43,41,40,45,43,42,38,37,36,16,0,0,0,41,43,37,41,42,36,43,47,38,42,44,18,37,0,0,0,0,0,0,0,0,0,46,18,32,34,44,0,0,0,0,0,0,0,0,0,45,44,45,37,17,47,40,19,19,0,0,0,47,36,44,17,36,36,42,19,34,34,33,32,33,32,34,35,35,0,0,0,0,0,0,
0,0,0,0,0,0,0,0,0,0,0,0,0,40,43,46,39,16,0,0,0,0,0,0,0,0,0,0,0,40,38,39,44,16,36,18,16,17,36,45,41,19,0,0,0,0,0,0,0,0,0,40,42,32,32,19,0,0,0,0,0,0,0,0,0,38,17,45,40,45,46,18,16,36,0,0,0,17,46,38,36,42,36,40,37,19,45,44,38,42,47,43,46,44,0,0,0,0,0,0,
0,0,0,0,0,0,0,0,0,0,0,0,0,0,36,47,42,38,0,0,0,0,0,0,0,0,0,0,0,42,37,41,43,37,37,44,18,47,43,43,18,17,0,0,0,0,0,0,0,0,0,0,16,45,18,0,0,0,0,0,0,0,0,0,0,44,38,40,17,18,19,16,42,39,0,0,0,37,16,47,37,36,36,39,36,41,17,36,19,17,37,42,47,41,0,0,0,0,0,0,
0,0,0,0,0,0,0,0,0,0,0,0,0,0,39,47,43,39,0,0,0,0,0,0,0,0,0,0,0,47,43,36,45,36,38,43,46,38,46,37,46,43,0,0,0,0,0,0,0,0,0,0,17,19,46,0,0,0,0,0,0,0,0,0,0,45,18,16,36,45,19,42,36,44,0,0,0,44,36,18,18,45,18,18,47,45,41,39,36,37,16,42,43,46,0,0,0,0,0,0,
0,0,0,0,0,0,0,0,0,0,0,0,0,42,45,43,38,41,37,18,39,45,39,37,38,45,0,0,0,17,19,16,41,19,36,17,39,39,36,36,47,47,0,0,0,0,0,0,0,0,0,0,42,39,46,0,0,0,0,0,0,0,0,0,0,36,46,17,45,47,45,16,16,36,0,0,0,43,19,16,37,44,44,46,44,38,18,37,18,16,36,41,46,39,0,0,0,0,0,0,
0,0,0,0,0,0,0,0,0,0,0,0,0,17,39,45,39,46,47,40,18,46,39,16,40,39,0,0,0,45,38,18,47,43,39,40,43,17,19,36,43,46,39,41,45,40,38,44,40,37,40,45,36,38,39,44,47,46,43,38,41,46,37,37,42,17,17,17,41,37,37,16,44,38,0,0,0,18,42,36,39,39,0,0,0,0,0,0,0,45,37,18,18,45,0,0,0,0,0,0,
0,0,0,0,0,0,0,0,0,0,0,0,0,36,18,40,44,40,18,45,46,32,32,32,33,47,0,0,0,40,43,45,43,42,36,44,36,36,17,40,39,17,51,51,51,51,51,51,51,51,51,51,51,51,51,51,51,51,51,51,51,51,51,51,51,51,19,36,37,43,45,44,18,47,0,0,0,37,38,41,17,43,0,0,0,0,0,0,0,43,44,16,46,43,0,0,0,0,0,0,
0,0,0,0,0,0,0,0,0,0,0,0,0,30,23,31,45,43,42,16,16,34,16,47,35,44,0,0,0,18,18,44,19,43,19,37,17,36,43,42,19,39,51,51,51,51,51,51,51,51,51,51,51,51,51,51,51,51,51,51,51,51,51,51,51,51,42,38,44,45,37,45,41,44,0,0,0,42,37,17,43,37,0,0,0,0,0,0,0,16,47,38,19,43,0,0,0,0,0,0,
0,0,0,0,0,0,0,0,0,0,0,0,0,22,19,20,40,42,17,43,17,35,40,37,35,37,0,0,0,38,37,16,42,37,37,37,44,46,41,16,47,47,0,0,0,0,0,0,0,0,0,0,0,0,0,0,0,0,0,0,0,0,0,0,0,40,47,36,39,46,45,44,19,47,36,42,16,38,43,46,17,19,37,19,16,44,46,40,45,16,17,38,19,42,0,0,0,0,0,0,
0,0,0,0,0,0,0,0,0,0,0,0,0,29,21,28,19,19,39,47,18,34,34,32,32,42,0,0,0,0,0,0,0,0,0,0,0,37,37,16,40,17,0,0,0,0,0,0,0,0,0,0,0,0,0,0,0,0,0,0,0,0,0,0,0,43,39,17,47,40,18,40,17,39,37,16,47,43,45,17,46,43,16,41,44,38,38,18,47,16,18,39,17,43,0,0,0,0,0,0,
0,0,0,0,0,0,0,0,0,0,0,0,0,30,23,31,45,46,41,39,38,46,17,40,42,38,0,0,0,0,0,0,0,0,0,0,0,18,42,36,47,47,0,0,0,0,0,0,0,0,0,0,0,0,0,0,0,0,0,0,0,0,0,0,0,42,38,43,47,19,42,46,46,18,47,40,43,37,47,46,42,44,41,18,32,33,34,35,17,41,19,45,44,44,0,0,0,0,0,0,
0,0,0,0,0,0,0,0,0,0,0,0,0,22,19,20,46,19,18,18,44,46,18,45,16,17,0,0,0,0,0,0,0,0,0,0,0,19,40,44,46,44,0,0,0,0,0,0,0,0,0,0,0,0,0,0,0,0,0,0,0,0,0,0,0,41,42,46,46,40,38,42,38,42,17,39,38,42,39,38,36,39,47,45,35,33,34,32,43,18,42,36,42,46,0,0,0,0,0,0,
0,0,0,0,0,0,0,0,0,0,0,0,0,29,21,28,45,46,47,46,37,17,16,42,43,19,0,0,0,0,0,0,0,0,0,0,0,47,46,17,37,18,0,0,0,0,0,0,0,0,0,0,0,0,0,0,0,0,0,0,0,0,0,0,0,18,40,43,37,38,46,39,44,45,41,46,38,47,39,40,36,45,39,38,47,16,16,45,41,16,41,39,44,45,0,0,0,0,0,0,
0,0,0,0,0,0,0,0,0,0,0,0,0,40,38,36,36,43,42,16,44,38,46,17,41,45,0,0,0,0,0,0,0,0,0,0,0,17,44,37,18,45,0,0,0,0,0,0,0,0,0,0,0,0,0,0,0,0,0,0,0,0,0,0,0,42,19,43,16,17,44,45,37,43,47,42,40,45,18,38,39,44,47,19,41,19,16,38,45,43,36,36,39,37,0,0,0,0,0,0,
0,0,0,0,0,0,0,0,0,0,0,0,0,18,16,33,35,32,34,36,19,33,34,32,35,47,0,0,0,0,0,0,0,0,0,0,0,41,18,18,44,41,0,0,0,0,0,0,0,0,0,0,0,0,0,0,0,0,0,0,0,0,0,0,0,37,45,40,44,42,44,40,44,44,18,45,36,38,41,16,46,16,18,46,39,19,41,43,38,43,41,19,40,19,0,0,0,0,0,0,
0,0,0,0,0,0,0,0,0,0,0,0,0,36,42,32,45,43,35,45,16,32,18,17,34,38,0,0,0,0,0,0,0,0,0,0,0,42,41,16,45,45,0,0,0,0,0,0,0,0,0,0,0,0,0,0,0,0,0,0,0,0,0,0,0,17,37,16,42,17,44,46,46,43,18,19,36,47,16,46,19,42,37,41,42,44,46,18,17,43,19,37,47,37,0,0,0,0,0,0,
0,0,0,0,0,0,0,0,0,0,0,0,0,38,47,32,47,17,32,42,45,33,38,38,32,42,16,36,17,46,38,47,16,19,44,46,43,44,36,42,44,47,0,0,0,0,0,0,0,0,0,0,0,0,0,0,0,0,0,0,0,0,0,0,0,47,47,42,41,16,40,37,45,18,36,45,39,44,39,36,42,47,39,41,18,39,47,45,44,38,44,45,45,47,0,0,0,0,0,0,
0,0,0,0,0,0,0,0,0,0,0,0,0,44,19,33,34,34,35,18,16,35,35,32,35,39,16,38,39,39,36,46,38,46,43,47,40,17,47,40,45,43,0,0,0,0,0,0,0,0,0,0,0,0,0,0,0,0,0,0,0,0,0,0,0,0,0,0,0,0,0,0,0,0,0,0,0,0,0,0,0,0,0,0,0,0,0,0,0,0,0,0,0,0,0,0,0,0,0,0,
0,0,0,0,0,0,0,0,0,0,0,0,0,37,19,44,18,46,42,36,18,17,19,46,46,39,39,17,46,37,41,44,36,16,39,19,17,43,16,16,39,41,0,0,0,0,0,0,0,0,0,0,0,0,0,0,0,0,0,0,0,0,0,0,0,0,0,0,0,0,0,0,0,0,0,0,0,0,0,0,0,0,0,0,0,0,0,0,0,0,0,0,0,0,0,0,0,0,0,0,
0,0,0,0,0,0,0,0,0,0,0,0,0,43,17,38,41,36,43,19,16,44,45,39,37,37,47,18,46,39,42,47,43,38,16,45,39,37,16,47,43,43,0,0,0,0,0,0,0,0,0,0,0,0,0,0,0,0,0,0,0,0,0,0,0,0,0,0,0,0,0,0,0,0,0,0,0,0,0,0,0,0,0,0,0,0,0,0,0,0,0,0,0,0,0,0,0,0,0,0,
0,0,0,0,0,0,0,0,0,0,0,0,0,38,36,47,37,37,45,19,43,45,43,17,19,39,46,37,46,44,47,17,37,19,38,39,43,41,46,43,47,47,0,0,0,0,0,0,0,0,0,0,0,0,0,0,0,0,0,0,0,0,0,0,0,0,0,0,0,0,0,0,0,0,0,0,0,0,0,0,0,0,0,0,0,0,0,0,0,0,0,0,0,0,0,0,0,0,0,0,
0,0,0,0,0,0,0,0,0,0,0,0,0,0,0,0,0,0,0,0,0,0,0,0,0,0,0,0,0,0,0,0,0,0,0,0,0,0,0,0,0,0,0,0,0,0,0,0,0,0,0,0,0,0,0,0,0,0,0,0,0,0,0,0,0,0,0,0,0,0,0,0,0,0,0,0,0,0,0,0,0,0,0,0,0,0,0,0,0,0,0,0,0,0,0,0,0,0,0,0,
0,0,0,0,0,0,0,0,0,0,0,0,0,0,0,0,0,0,0,0,0,0,0,0,0,0,0,0,0,0,0,0,0,0,0,0,0,0,0,0,0,0,0,0,0,0,0,0,0,0,0,0,0,0,0,0,0,0,0,0,0,0,0,0,0,0,0,0,0,0,0,0,0,0,0,0,0,0,0,0,0,0,0,0,0,0,0,0,0,0,0,0,0,0,0,0,0,0,0,0,
0,0,0,0,0,0,0,0,0,0,0,0,0,0,0,0,0,0,0,0,0,0,0,0,0,0,0,0,0,0,0,0,0,0,0,0,0,0,0,0,0,0,0,0,0,0,0,0,0,0,0,0,0,0,0,0,0,0,0,0,0,0,0,0,0,0,0,0,0,0,0,0,0,0,0,0,0,0,0,0,0,0,0,0,0,0,0,0,0,0,0,0,0,0,0,0,0,0,0,0,
0,0,0,0,0,0,0,0,0,0,0,0,0,0,0,0,0,0,0,0,0,0,0,0,0,0,0,0,0,0,0,0,0,0,0,0,0,0,0,0,0,0,0,0,0,0,0,0,0,0,0,0,0,0,0,0,0,0,0,0,0,0,0,0,0,0,0,0,0,0,0,0,0,0,0,0,0,0,0,0,0,0,0,0,0,0,0,0,0,0,0,0,0,0,0,0,0,0,0,0,
0,0,0,0,0,0,0,0,0,0,0,0,0,0,0,0,0,0,0,0,0,0,0,0,0,0,0,0,0,0,0,0,0,0,0,0,0,0,0,0,0,0,0,0,0,0,0,0,0,0,0,0,0,0,0,0,0,0,0,0,0,0,0,0,0,0,0,0,0,0,0,0,0,0,0,0,0,0,0,0,0,0,0,0,0,0,0,0,0,0,0,0,0,0,0,0,0,0,0,0,
0,0,0,0,0,0,0,0,0,0,0,0,0,0,0,0,0,0,0,0,0,0,0,0,0,0,0,0,0,0,0,0,0,0,0,0,0,0,0,0,0,0,0,0,0,0,0,0,0,0,0,0,0,0,0,0,0,0,0,0,0,0,0,0,0,0,0,0,0,0,0,0,0,0,0,0,0,0,0,0,0,0,0,0,0,0,0,0,0,0,0,0,0,0,0,0,0,0,0,0,
0,0,0,0,0,0,0,0,0,0,0,0,0,0,0,0,0,0,0,0,0,0,0,0,0,0,0,0,0,0,0,0,0,0,0,0,0,0,0,0,0,0,0,0,0,0,0,0,0,0,0,0,0,0,0,0,0,0,0,0,0,0,0,0,0,0,0,0,0,0,0,0,0,0,0,0,0,0,0,0,0,0,0,0,0,0,0,0,0,0,0,0,0,0,0,0,0,0,0,0,
0,0,0,0,0,0,0,0,0,0,0,0,0,0,0,0,0,0,0,0,0,0,0,0,0,0,0,0,0,0,0,0,0,0,0,0,0,0,0,0,0,0,0,0,0,0,0,0,0,0,0,0,0,0,0,0,0,0,0,0,0,0,0,0,0,0,0,0,0,0,0,0,0,0,0,0,0,0,0,0,0,0,0,0,0,0,0,0,0,0,0,0,0,0,0,0,0,0,0,0,
0,0,0,0,0,0,0,0,0,0,0,0,0,0,0,0,0,0,0,0,0,0,0,0,0,0,0,0,0,0,0,0,0,0,0,0,0,0,0,0,0,0,0,0,0,0,0,0,0,0,0,0,0,0,0,0,0,0,0,0,0,0,0,0,0,0,0,0,0,0,0,0,0,0,0,0,0,0,0,0,0,0,0,0,0,0,0,0,0,0,0,0,0,0,0,0,0,0,0,0,
0,0,0,0,0,0,0,0,0,0,0,0,0,0,0,0,0,0,0,0,0,0,0,0,0,0,0,0,0,0,0,0,0,0,0,0,0,0,0,0,0,0,0,0,0,0,0,0,0,0,0,0,0,0,0,0,0,0,0,0,0,0,0,0,0,0,0,0,0,0,0,0,0,0,0,0,0,0,0,0,0,0,0,0,0,0,0,0,0,0,0,0,0,0,0,0,0,0,0,0,
0,0,0,0,0,0,0,0,0,0,0,0,0,0,0,0,0,0,0,0,0,0,0,0,0,0,0,0,0,0,0,0,0,0,0,0,0,0,0,0,0,0,0,0,0,0,0,0,0,0,0,0,0,0,0,0,0,0,0,0,0,0,0,0,0,0,0,0,0,0,0,0,0,0,0,0,0,0,0,0,0,0,0,0,0,0,0,0,0,0,0,0,0,0,0,0,0,0,0,0,
0,0,0,0,0,0,0,0,0,0,0,0,0,0,0,0,0,0,0,0,0,0,0,0,0,0,0,0,0,0,0,0,0,0,0,0,0,0,0,0,0,0,0,0,0,0,0,0,0,0,0,0,0,0,0,0,0,0,0,0,0,0,0,0,0,0,0,0,0,0,0,0,0,0,0,0,0,0,0,0,0,0,0,0,0,0,0,0,0,0,0,0,0,0,0,0,0,0,0,0,
0,0,0,0,0,0,0,0,0,0,0,0,0,0,0,0,0,0,0,0,0,0,0,0,0,0,0,0,0,0,0,0,0,0,0,0,0,0,0,0,0,0,0,0,0,0,0,0,0,0,0,0,0,0,0,0,0,0,0,0,0,0,0,0,0,0,0,0,0,0,0,0,0,0,0,0,0,0,0,0,0,0,0,0,0,0,0,0,0,0,0,0,0,0,0,0,0,0,0,0,
0,0,0,0,0,0,0,0,0,0,0,0,0,0,0,0,0,0,0,0,0,0,0,0,0,0,0,0,0,0,0,0,0,0,0,0,0,0,0,0,0,0,0,0,0,0,0,0,0,0,0,0,0,0,0,0,0,0,0,0,0,0,0,0,0,0,0,0,0,0,0,0,0,0,0,0,0,0,0,0,0,0,0,0,0,0,0,0,0,0,0,0,0,0,0,0,0,0,0,0

[layer]
type=object
data=
0,0,0,0,0,0,0,0,0,0,0,0,0,0,0,0,0,0,0,0,0,0,0,0,0,0,0,0,0,0,0,0,0,0,0,0,0,0,0,0,0,0,0,0,0,0,0,0,0,0,0,0,0,0,0,0,0,0,0,0,0,0,0,0,0,0,0,0,0,0,0,0,0,0,0,0,0,0,0,0,0,0,0,0,0,0,0,0,0,0,0,0,0,0,0,0,0,0,0,0,
0,0,0,0,0,0,0,0,0,0,0,0,0,0,0,0,0,0,0,0,0,0,0,0,0,0,0,0,0,0,0,0,0,77,65,97,65,69,97,109,69,69,107,103,69,99,69,103,107,65,78,0,0,0,0,0,0,0,0,0,0,0,0,0,0,0,0,0,0,0,0,0,0,0,0,0,0,0,0,0,0,0,0,0,0,0,0,0,0,0,0,0,0,0,0,0,0,0,0,0,
0,0,0,0,0,0,0,0,0,0,0,0,0,0,0,0,0,0,0,0,0,0,0,0,0,0,0,0,0,0,0,0,0,64,181,0,0,0,0,0,0,0,0,0,0,0,0,0,0,0,70,0,0,0,0,0,0,0,0,0,0,0,0,0,0,0,0,0,0,0,0,0,0,0,0,0,0,0,0,0,0,0,0,0,0,0,0,0,0,0,0,0,0,0,0,0,0,0,0,0,
0,0,0,0,0,0,0,0,0,0,0,0,0,0,0,0,0,0,0,0,0,0,0,0,0,0,0,0,0,0,0,0,0,104,193,0,0,193,179,0,193,0,0,0,0,0,0,0,0,0,82,0,0,0,0,0,0,0,0,0,0,0,0,0,0,0,0,0,0,0,0,0,0,0,0,0,0,0,0,0,0,0,0,0,0,0,0,0,0,0,0,0,0,0,0,0,0,0,0,0,
0,0,0,0,0,0,0,0,0,0,0,0,0,0,0,0,0,0,0,0,0,0,0,0,0,0,0,0,0,0,0,0,0,102,0,0,0,0,0,0,0,110,0,0,0,0,110,0,0,0,82,0,0,0,0,0,0,0,0,0,0,0,0,0,0,0,0,0,0,0,0,0,0,0,0,0,0,0,0,0,0,0,0,0,0,0,0,0,0,0,0,0,0,0,0,0,0,0,0,0,
0,0,0,0,0,0,0,0,0,0,0,0,0,0,0,0,0,0,0,0,0,0,0,0,0,0,0,0,0,0,0,0,0,106,0,0,0,0,0,0,0,0,0,0,0,0,0,0,0,0,82,0,0,0,0,0,0,0,0,0,0,0,0,0,0,0,0,0,0,0,0,0,0,0,0,0,0,0,0,0,0,0,0,0,0,0,0,0,0,0,0,0,0,0,0,0,0,0,0,0,
0,0,0,0,0,0,0,0,0,0,0,0,0,0,0,0,0,0,0,0,0,0,0,0,0,0,0,0,0,0,0,0,0,98,0,0,0,0,0,0,0,0,0,0,0,0,0,0,0,0,82,0,0,0,0,0,0,0,0,0,0,0,0,0,0,0,0,0,0,0,0,0,0,0,0,0,0,0,0,0,0,0,0,0,0,0,0,0,0,0,0,0,0,0,0,0,0,0,0,0,
0,0,0,0,0,0,0,0,0,0,0,0,0,0,0,0,0,0,0,0,0,0,0,0,0,0,0,0,0,0,0,0,0,68,0,0,0,0,0,0,0,0,0,0,0,0,0,0,0,0,82,0,0,0,0,0,0,0,0,0,0,0,0,0,0,0,0,0,0,0,0,0,0,0,0,0,0,0,0,0,0,0,0,0,0,0,0,0,0,0,0,0,0,0,0,0,0,0,0,0,
0,0,0,0,0,0,0,0,0,0,0,0,0,0,0,0,0,0,0,0,0,0,0,0,0,0,0,0,0,0,0,0,0,64,0,0,0,0,0,0,0,0,0,0,0,0,0,0,0,0,82,0,0,0,0,0,0,0,0,0,0,0,0,0,0,0,0,0,0,0,0,0,0,0,0,0,0,0,0,0,0,0,0,0,0,0,0,0,0,0,0,0,0,0,0,0,0,0,0,0,
0,0,0,0,0,77,97,107,103,99,78,77,107,97,65,107,78,77,99,103,107,105,78,0,0,0,0,0,0,0,0,0,0,98,0,0,0,0,0,0,0,110,0,0,0,0,110,0,0,0,82,0,0,0,0,0,0,77,109,69,103,99,65,107,69,103,69,107,99,69,65,99,107,65,103,105,107,65,99,103,65,65,78,0,0,0,0,0,0,0,0,0,0,0,0,0,0,0,0,0,
0,0,0,0,0,68,0,0,0,0,74,73,0,0,0,0,74,73,0,0,0,0,70,0,0,0,0,0,0,0,0,0,0,106,0,0,0,0,0,0,0,129,0,0,0,0,129,0,0,0,82,0,0,0,0,0,0,64,176,0,0,0,0,0,0,0,0,0,0,0,0,0,0,0,0,0,0,0,0,0,0,0,70,0,0,0,0,0,0,0,0,0,0,0,0,0,0,0,0,0,
0,0,0,0,0,98,0,0,0,0,0,0,0,0,0,0,0,0,0,0,0,0,82,0,0,0,0,0,0,0,0,0,0,102,0,0,0,0,0,0,0,0,0,0,0,0,0,0,0,0,82,0,0,0,0,0,0,64,0,0,0,0,0,0,0,0,0,0,0,0,0,0,0,0,0,0,0,0,0,0,0,0,82,0,0,0,0,0,0,0,0,0,0,0,0,0,0,0,0,0,
0,0,0,0,0,102,0,0,0,0,0,0,0,0,0,0,0,0,0,0,0,0,82,0,0,0,0,0,0,0,0,0,0,64,0,0,0,0,0,167,0,0,0,0,0,0,0,0,0,0,82,0,0,0,0,0,0,106,0,0,0,0,0,0,0,0,0,0,0,0,0,0,0,0,0,0,0,0,0,0,0,0,82,0,0,0,0,0,0,0,0,0,0,0,0,0,0,0,0,0,
0,0,0,0,0,68,0,0,0,0,0,0,0,0,0,0,0,0,0,0,0,0,82,0,0,0,0,0,0,0,0,0,0,64,0,0,0,0,0,0,0,0,0,0,0,0,0,0,0,0,82,0,0,0,0,0,0,102,0,0,0,0,0,0,0,0,0,0,0,0,0,0,0,0,0,0,0,0,0,0,0,0,90,81,65,107,103,101,69,65,101,103,107,69,78,0,0,0,0,0,
0,0,0,0,0,76,72,0,0,178,179,0,0,0,0,0,0,0,0,0,0,0,82,0,0,0,0,0,0,0,0,0,0,76,71,83,83,83,83,83,83,88,0,0,0,0,91,83,83,83,95,0,0,0,0,0,0,98,0,0,0,0,91,83,83,83,83,83,83,88,0,0,0,0,0,0,0,0,0,0,0,0,167,0,0,0,0,0,0,165,0,0,0,0,70,0,0,0,0,0,
0,0,0,0,0,77,73,0,0,0,0,0,0,0,0,0,0,0,0,0,0,0,82,0,0,0,0,0,0,0,0,0,0,0,0,0,0,0,0,0,0,80,0,0,0,0,82,0,0,0,0,0,0,0,0,0,0,106,0,0,0,0,82,0,0,0,0,0,0,80,0,0,0,0,0,0,0,0,0,0,0,0,0,0,0,0,0,0,205,180,205,0,205,0,82,0,0,0,0,0,
0,0,0,0,0,108,0,0,0,0,0,0,0,0,0,0,0,0,176,0,0,0,82,0,0,0,0,0,0,0,0,0,0,0,0,0,0,0,0,0,0,68,0,0,0,0,82,0,0,0,0,0,0,0,0,0,0,64,0,0,0,0,82,0,0,0,0,0,0,64,0,0,0,0,0,0,0,0,0,0,0,0,0,0,0,0,0,0,204,0,204,0,204,0,82,0,0,0,0,0,
0,0,0,0,0,102,0,0,0,0,0,0,0,0,0,0,0,0,0,180,0,0,90,81,99,103,107,105,65,65,107,103,99,69,78,0,0,0,0,0,0,106,0,0,0,0,82,0,0,0,0,0,0,0,0,0,0,68,0,0,0,0,82,0,0,77,65,107,65,73,0,0,0,0,0,0,0,0,0,0,0,0,0,0,0,0,0,0,0,0,137,0,0,0,82,0,0,0,0,0,
0,0,0,0,0,106,0,0,0,0,0,0,0,0,0,0,0,0,0,0,0,0,0,0,0,0,0,0,0,0,0,0,178,177,70,0,0,0,0,0,0,102,0,0,0,0,82,0,0,0,0,0,0,0,0,0,0,68,0,0,0,0,82,0,0,68,0,0,0,0,0,0,0,0,0,0,0,0,0,0,0,0,91,83,83,88,0,0,0,0,0,0,0,0,82,0,0,0,0,0,
0,0,0,0,0,68,0,0,0,0,0,0,0,0,0,0,0,0,0,0,0,0,0,0,0,0,0,0,0,0,0,0,0,181,82,0,0,0,0,0,0,98,0,0,0,0,82,0,0,0,0,0,0,0,0,0,0,106,0,0,0,0,82,0,0,96,0,0,0,0,0,0,0,0,0,0,0,0,0,0,0,0,82,0,0,80,0,0,0,0,0,0,0,0,82,0,0,0,0,0,
0,0,0,0,0,76,72,0,0,0,0,0,0,0,0,0,0,0,0,0,0,0,0,0,0,0,75,72,0,0,75,72,0,0,82,0,0,0,0,0,0,106,0,0,0,0,82,0,0,0,0,0,0,0,0,0,0,98,0,0,0,0,82,0,0,102,0,0,0,0,0,0,0,0,0,0,0,0,0,0,0,0,82,0,0,102,0,202,203,0,0,0,0,0,82,0,0,0,0,0,
0,0,0,0,0,77,73,0,0,0,0,0,0,0,0,0,0,0,0,0,0,0,0,0,0,0,74,73,0,0,74,73,0,0,82,0,0,0,0,0,0,68,0,0,0,0,82,0,0,0,0,0,0,0,0,0,0,102,0,0,0,0,82,0,0,64,0,0,0,0,0,0,0,111,0,0,0,0,0,0,0,0,82,0,0,100,0,0,0,0,0,202,203,0,82,0,0,0,0,0,
0,0,0,0,0,98,0,0,0,0,0,0,0,0,0,0,0,0,0,0,0,0,0,0,0,0,0,0,0,0,0,0,0,0,82,0,0,0,0,0,0,68,0,0,0,0,82,0,0,0,0,0,0,0,0,0,0,106,0,0,0,0,82,0,0,106,0,0,0,0,0,0,0,0,0,0,0,0,0,0,0,0,82,0,0,98,0,202,203,147,0,0,0,0,82,0,0,0,0,0,
0,0,0,0,0,104,0,0,0,0,0,0,0,0,182,0,0,0,0,0,0,0,0,0,0,0,0,0,0,0,0,0,0,0,82,0,0,0,0,0,0,64,0,0,0,0,82,0,0,0,0,0,0,0,0,0,0,64,0,0,0,0,82,0,0,64,0,0,0,121,0,0,0,0,0,0,0,0,0,0,0,0,82,0,0,100,0,0,0,0,0,202,203,0,82,0,0,0,0,0,
0,0,0,0,0,108,0,0,0,0,0,0,0,0,179,0,0,0,0,0,0,0,0,0,0,0,0,0,0,0,0,0,0,0,82,0,0,0,0,0,0,106,0,0,0,0,82,0,0,0,0,0,0,0,0,0,0,68,0,0,0,0,82,0,0,102,0,0,0,122,0,0,0,0,0,0,0,0,0,0,0,0,82,0,0,102,0,202,203,136,0,0,0,0,82,0,0,0,0,0,
0,0,0,0,0,98,0,0,0,0,0,0,0,0,0,0,0,0,0,0,0,0,0,0,0,0,0,0,0,0,0,0,0,0,82,0,0,0,0,0,0,98,0,0,0,0,90,81,69,103,107,69,115,107,103,69,105,73,0,0,0,0,82,0,0,106,0,0,0,122,0,0,0,0,0,0,0,0,0,0,0,0,82,0,0,64,0,0,0,0,0,0,0,0,82,0,0,0,0,0,
0,0,0,0,0,76,72,0,0,0,0,0,0,0,0,0,0,0,0,0,0,0,0,0,0,0,75,72,0,0,75,72,0,0,82,0,0,0,0,0,0,102,0,0,0,0,0,0,0,0,0,0,0,0,0,0,0,0,0,0,0,0,82,0,0,98,0,0,0,122,0,0,0,0,110,176,0,0,0,0,0,0,82,0,0,76,71,83,83,83,83,83,83,83,95,0,0,0,0,0,
0,0,0,0,0,77,73,0,0,0,0,0,0,0,0,0,0,0,0,0,0,0,0,0,0,0,74,73,0,0,74,73,0,0,82,0,0,0,0,0,0,106,0,0,0,0,0,0,0,0,0,0,0,0,0,0,0,0,0,0,0,0,82,0,0,96,0,0,0,122,0,0,0,0,178,0,0,0,0,0,0,0,82,0,0,0,0,0,0,0,0,0,0,0,0,0,0,0,0,0,
0,0,0,0,0,68,181,0,0,0,0,0,0,0,0,0,0,0,0,0,0,0,0,0,0,0,0,0,0,0,0,0,0,0,82,0,0,0,0,0,0,68,0,0,0,0,0,0,0,0,0,0,0,0,0,0,0,0,0,0,0,0,82,0,0,68,0,0,0,122,0,0,0,0,0,0,0,0,0,0,0,0,82,0,0,0,0,0,0,0,0,0,0,0,0,0,0,0,0,0,
0,0,0,0,0,106,0,0,0,0,0,0,0,0,0,0,0,0,0,0,0,0,0,0,0,0,0,0,0,0,0,0,0,0,82,0,0,0,0,0,0,96,0,0,0,0,0,0,0,0,0,0,0,0,0,0,0,0,0,0,0,0,82,0,0,98,0,0,0,122,0,0,0,0,110,0,0,0,0,0,0,0,82,0,0,0,0,0,0,0,0,0,0,0,0,0,0,0,0,0,
0,0,0,0,0,102,0,0,0,0,0,0,0,0,0,0,0,0,0,0,0,0,0,0,0,0,0,0,0,0,0,0,0,0,82,0,0,0,0,0,0,76,71,83,83,83,83,83,83,83,83,83,83,83,83,83,83,83,83,83,83,83,95,0,0,106,0,0,0,122,0,0,0,0,0,0,0,0,0,0,0,0,82,0,0,0,0,0,0,0,0,0,0,0,0,0,0,0,0,0,
0,0,0,0,0,96,0,0,0,0,0,176,0,0,0,0,0,0,0,0,0,0,0,0,0,0,0,0,0,0,0,0,0,0,82,0,0,0,0,0,0,0,0,0,0,0,0,0,0,0,0,0,0,0,0,0,0,0,0,0,0,0,0,0,0,102,0,0,0,122,0,0,0,0,0,0,0,0,0,0,0,0,82,0,0,0,0,0,0,0,0,0,0,0,0,0,0,0,0,0,
0,0,0,0,0,76,72,0,0,0,0,0,0,0,0,0,0,0,0,0,0,0,0,0,0,0,75,72,0,0,75,72,0,0,82,0,0,0,0,0,0,0,0,0,0,0,0,0,0,0,0,0,0,0,0,0,0,0,0,0,0,0,0,0,0,64,0,0,0,119,0,0,0,0,0,0,0,0,0,0,0,0,82,0,0,0,0,0,0,0,0,0,0,0,0,0,0,0,0,0,
0,0,0,0,0,77,73,0,0,0,0,0,0,0,0,0,0,0,0,0,0,0,0,0,0,0,74,73,0,0,74,73,0,0,82,0,0,0,0,0,0,0,0,0,0,0,0,0,0,0,0,0,0,0,0,0,0,0,0,0,0,0,0,0,0,106,0,0,0,0,0,0,0,0,0,0,0,0,0,0,0,0,82,0,0,77,65,103,107,101,101,107,103,105,78,0,0,0,0,0,
0,0,0,0,0,96,0,0,0,0,0,0,0,0,0,0,0,0,0,0,0,0,0,0,0,0,0,0,0,0,0,0,0,0,82,0,0,0,0,0,0,0,0,0,0,0,0,0,0,0,0,0,0,0,0,0,0,0,0,0,0,0,0,0,0,64,0,0,0,0,0,0,0,111,0,0,0,0,0,0,0,0,82,0,0,106,128,0,0,0,0,0,0,0,70,0,0,0,0,0,
0,0,0,0,0,102,0,0,183,0,0,0,0,0,0,0,0,0,0,0,0,0,0,0,0,0,0,0,0,0,0,0,0,0,82,0,0,0,0,0,0,0,0,0,0,0,0,0,0,0,0,0,0,0,0,0,0,0,0,0,0,0,0,0,0,102,0,0,0,0,0,0,0,0,0,0,0,0,0,0,0,0,82,0,0,102,202,203,0,0,205,0,205,0,82,0,0,0,0,0,
0,0,0,0,0,98,0,0,0,180,0,0,0,0,0,0,150,0,167,0,0,167,0,0,0,0,0,0,0,0,0,0,0,0,82,0,0,0,0,0,0,0,0,0,0,0,0,0,0,0,0,0,0,0,0,0,0,0,0,0,0,0,0,0,0,104,0,0,0,0,0,0,0,0,0,0,0,0,0,0,0,0,82,0,0,98,0,0,0,0,204,0,204,0,82,0,0,0,0,0,
0,0,0,0,0,64,0,0,0,0,0,0,0,0,0,0,0,0,0,0,0,0,0,0,0,0,0,0,0,0,0,0,0,0,82,0,0,0,0,0,0,0,0,0,0,0,0,0,0,0,0,0,0,0,0,0,0,0,0,0,0,0,0,0,0,64,0,0,0,0,0,0,0,0,0,0,0,0,0,0,0,0,82,0,0,68,202,203,0,0,137,0,146,0,82,0,0,0,0,0,
0,0,0,0,0,76,71,83,83,83,83,83,83,83,83,83,83,83,83,83,83,83,88,0,0,91,83,83,83,83,83,83,83,83,95,0,0,0,0,0,0,0,0,0,0,0,0,0,0,0,0,0,0,0,0,0,0,0,0,0,0,0,0,0,0,76,71,83,83,88,0,0,0,0,0,0,0,0,0,0,0,0,82,0,0,98,178,0,0,0,0,0,0,0,82,0,0,0,0,0,
0,0,0,0,0,0,0,0,0,0,0,0,0,0,0,0,0,0,0,0,0,0,80,0,0,82,0,0,0,0,0,0,0,0,0,0,0,0,0,0,0,0,0,0,0,0,0,0,0,0,0,0,0,0,0,0,0,0,0,0,0,0,0,0,0,0,0,0,0,80,0,0,0,0,0,0,0,0,0,0,0,0,82,0,0,102,202,203,136,0,0,0,0,0,82,0,0,0,0,0,
0,0,0,0,0,0,0,0,0,0,0,0,0,0,0,0,0,0,0,0,0,0,108,0,0,82,0,0,0,0,0,0,0,0,0,0,0,0,0,0,0,0,0,0,0,0,0,0,0,0,0,0,0,0,0,0,0,0,0,0,0,0,0,0,0,0,0,0,0,102,0,0,0,0,0,0,0,0,0,0,0,0,82,0,0,106,0,0,0,0,0,0,0,0,82,0,0,0,0,0,
0,0,0,0,0,0,0,0,0,0,0,0,0,0,0,0,0,0,0,0,0,0,102,0,0,82,0,0,0,0,0,0,0,0,0,0,0,0,0,0,0,0,0,0,0,0,0,0,0,0,0,0,0,0,0,0,0,0,0,0,0,0,0,0,0,0,0,0,0,68,0,0,0,0,0,0,0,0,0,0,0,0,90,81,97,73,0,0,0,0,0,0,0,0,82,0,0,0,0,0,
0,0,0,0,0,0,0,0,0,0,0,0,0,0,0,0,0,0,0,0,0,0,108,181,0,82,0,0,0,0,0,0,0,0,0,0,0,0,0,0,0,0,0,0,0,0,0,0,0,0,0,0,0,0,0,0,0,0,0,0,0,0,0,0,0,0,0,0,0,106,0,0,0,0,0,0,0,0,0,0,0,0,0,0,0,0,0,0,0,0,0,0,0,0,82,0,0,0,0,0,
0,0,0,0,0,0,0,0,0,0,0,0,0,0,0,0,0,0,0,0,0,0,64,0,0,82,0,0,0,0,0,0,0,0,0,0,0,0,0,0,0,0,0,0,0,0,0,0,0,0,0,0,0,0,0,0,0,0,0,0,0,0,0,0,0,0,0,0,0,108,0,0,0,0,0,0,0,0,0,0,0,0,0,0,0,0,0,0,0,0,0,0,0,0,82,0,0,0,0,0,
0,0,0,0,0,0,0,0,0,0,0,0,0,0,0,0,0,0,0,0,0,0,68,0,0,82,0,0,0,0,0,0,0,0,0,0,0,0,0,0,0,0,0,0,0,0,0,0,0,0,0,0,0,0,0,0,0,0,0,0,0,0,0,0,0,0,0,0,0,102,0,0,0,0,0,0,0,0,0,0,0,0,0,0,0,0,0,0,0,0,0,0,0,0,82,0,0,0,0,0,
0,0,0,0,0,0,0,0,0,0,0,0,0,0,0,0,0,0,0,0,0,0,102,0,178,82,0,0,0,0,0,0,0,0,0,0,0,0,0,0,0,0,0,0,0,0,0,0,0,0,0,0,0,0,0,0,0,0,0,0,0,0,0,0,0,0,0,0,0,68,178,0,0,0,0,0,0,0,0,0,0,0,167,0,0,0,0,0,0,0,0,0,0,0,82,0,0,0,0,0,
0,0,0,0,0,0,0,0,0,0,0,0,0,0,0,0,0,0,0,0,0,0,96,0,0,82,0,0,0,0,0,0,0,0,0,0,0,0,0,0,0,0,0,0,0,0,0,0,0,0,0,0,0,0,0,0,0,0,0,0,0,0,0,0,0,0,0,0,0,76,71,83,83,83,83,83,83,88,0,0,0,0,91,83,83,83,83,83,83,83,83,83,83,83,95,0,0,0,0,0,
0,0,0,0,0,0,0,0,0,0,0,0,0,0,0,0,0,0,0,0,0,0,64,0,0,82,0,0,0,0,0,0,0,0,0,0,0,0,0,0,0,0,0,0,0,0,0,0,0,0,0,0,0,0,0,0,0,0,0,0,0,0,0,0,0,0,0,0,0,0,0,0,0,0,0,0,0,80,0,0,0,0,82,0,0,0,0,0,0,0,0,0,0,0,0,0,0,0,0,0,
0,0,0,0,0,0,0,0,0,0,0,0,0,0,0,0,0,0,0,0,0,0,104,0,0,82,0,0,0,0,0,0,0,0,0,0,0,0,0,0,0,0,0,0,0,0,0,0,0,0,0,0,0,0,0,0,0,0,0,0,0,0,0,0,0,0,0,0,0,0,0,0,0,0,0,0,0,68,0,0,0,0,82,0,0,0,0,0,0,0,0,0,0,0,0,0,0,0,0,0,
0,0,0,0,0,0,0,0,0,0,0,0,0,0,0,0,0,0,0,0,0,0,68,0,0,82,0,0,0,0,0,0,0,0,0,0,0,0,0,0,0,0,0,0,0,0,0,0,0,0,0,0,0,0,0,0,0,0,0,0,0,0,0,0,0,0,0,0,0,0,0,0,0,0,0,0,0,68,0,0,0,0,82,0,0,0,0,0,0,0,0,0,0,0,0,0,0,0,0,0,
0,0,0,0,0,0,0,0,0,0,0,0,0,0,0,0,0,0,0,0,0,0,108,179,0,82,0,0,0,0,0,0,0,0,0,0,0,0,0,0,0,0,0,0,0,0,0,0,0,0,0,77,73,282,283,74,78,0,0,0,0,0,0,0,0,0,0,0,0,0,0,0,0,0,0,0,0,106,0,0,0,0,82,0,0,0,0,0,0,0,0,0,0,0,0,0,0,0,0,0,
0,0,0,0,0,0,0,0,0,0,0,0,0,0,0,0,0,0,0,0,0,0,108,0,183,82,0,0,0,0,0,0,0,0,0,0,0,0,0,0,0,0,0,0,0,0,0,0,0,0,0,68,151,0,0,151,70,0,0,0,0,0,0,0,0,0,0,0,0,0,0,0,0,0,0,0,0,102,0,0,0,0,82,0,0,0,0,0,0,0,0,0,0,0,0,0,0,0,0,0,
0,0,0,0,0,0,0,0,0,0,0,0,0,0,0,0,0,0,0,0,0,0,68,0,0,82,0,0,0,0,0,0,0,0,0,0,0,0,0,0,0,0,0,0,0,0,0,0,0,0,0,106,128,180,0,130,82,0,0,0,0,0,0,0,0,0,0,0,0,0,0,0,0,0,0,0,0,64,0,0,0,0,82,0,0,0,0,0,0,0,0,0,0,0,0,0,0,0,0,0,
0,0,0,0,0,0,0,0,0,0,0,0,0,0,0,0,0,0,0,0,0,0,108,0,0,82,0,0,0,0,0,0,0,0,0,0,0,0,0,0,0,0,0,0,0,0,0,0,0,0,0,64,178,0,0,0,82,0,0,0,0,0,0,0,0,0,0,0,0,0,0,0,0,0,0,0,0,114,0,0,0,0,82,0,0,0,0,0,0,0,0,0,0,0,0,0,0,0,0,0,
0,0,0,0,0,0,0,0,0,0,0,0,0,0,0,0,0,0,0,0,0,0,102,0,0,82,0,0,0,0,0,0,0,0,0,0,0,0,0,0,0,0,0,0,0,0,0,0,0,0,0,102,0,0,0,0,82,0,0,0,0,0,0,0,0,0,0,0,0,0,0,0,0,0,0,0,0,68,0,0,0,0,82,0,0,0,0,0,0,0,0,0,0,0,0,0,0,0,0,0,
0,0,0,0,0,0,0,0,0,0,0,0,0,0,0,0,0,0,0,0,0,0,96,0,0,82,0,0,0,0,0,0,0,0,0,0,0,0,0,0,0,0,0,0,0,0,0,0,0,0,0,98,0,0,0,0,82,0,0,0,0,0,0,0,0,0,0,0,0,0,0,0,0,0,0,0,0,64,0,0,0,0,82,0,0,0,0,0,0,0,0,0,0,0,0,0,0,0,0,0,
0,0,0,0,0,0,0,0,0,0,0,0,0,0,0,0,0,0,0,0,0,0,64,0,0,82,0,0,0,0,0,0,0,0,0,0,0,0,0,0,0,0,0,0,0,0,0,0,0,0,0,106,0,0,0,0,82,0,0,0,0,0,0,0,0,0,0,0,0,0,0,0,0,0,0,0,0,102,0,0,0,0,82,0,0,0,0,0,0,0,0,0,0,0,0,0,0,0,0,0,
0,0,0,0,0,0,0,0,0,0,0,0,0,0,0,0,0,0,0,0,0,0,108,0,0,82,0,0,0,0,0,0,0,0,0,0,0,0,0,0,0,0,0,0,0,0,0,0,0,0,0,64,0,0,0,0,82,0,0,0,0,0,0,0,0,0,0,0,0,0,0,0,0,0,0,0,0,106,0,0,0,0,82,0,0,0,0,0,0,0,0,0,0,0,0,0,0,0,0,0,
0,0,0,0,0,0,0,0,0,0,0,0,0,0,0,0,0,0,0,0,0,0,102,180,0,82,0,0,0,0,0,0,0,0,0,0,0,0,0,0,0,0,0,0,0,0,0,0,0,0,0,96,0,0,0,0,82,0,0,0,0,0,0,0,0,0,0,0,0,0,0,0,0,0,0,0,0,64,0,0,0,0,82,0,0,0,0,0,0,0,0,0,0,0,0,0,0,0,0,0,
0,0,0,0,0,0,0,0,0,0,0,0,0,0,0,0,0,0,0,0,0,0,104,0,0,82,0,0,0,0,0,0,0,0,0,0,0,0,0,0,0,0,0,0,0,0,0,0,0,0,0,64,128,0,0,130,82,0,0,0,0,0,0,0,0,0,0,0,0,0,0,0,0,0,0,0,0,98,0,0,0,0,82,0,0,0,0,0,0,0,0,0,0,0,0,0,0,0,0,0,
0,0,0,0,0,0,0,0,0,0,0,0,0,0,0,0,0,0,0,0,0,0,68,0,0,82,0,0,0,0,0,0,0,0,0,0,0,0,0,0,0,0,0,0,0,0,0,0,0,0,0,114,0,0,0,179,82,0,0,0,0,0,0,0,0,0,0,0,0,0,0,0,0,0,0,0,0,64,0,0,0,0,82,0,0,0,0,0,0,0,0,0,0,0,0,0,0,0,0,0,
0,0,0,0,0,0,0,0,0,0,0,0,0,77,107,103,99,65,69,99,103,107,73,0,0,90,94,0,0,77,105,65,103,107,99,69,65,99,107,103,69,69,78,0,0,0,0,0,0,0,0,106,0,0,0,0,82,0,0,0,0,0,0,0,0,77,99,103,107,65,97,107,103,99,78,0,0,98,0,0,0,0,90,81,65,103,107,65,99,69,107,103,101,101,78,0,0,0,0,0,
0,0,0,0,0,0,0,0,0,0,0,0,0,64,0,0,167,0,0,167,0,0,0,0,0,0,82,0,0,64,0,0,0,0,0,0,0,0,0,0,0,0,70,0,0,0,0,0,0,0,0,98,0,0,0,0,82,0,0,0,0,0,0,0,0,64,0,0,0,0,0,0,0,0,70,0,0,64,0,0,0,0,0,0,0,0,0,0,0,0,0,0,0,0,70,0,0,0,0,0,
0,0,0,0,0,0,0,0,0,0,0,0,0,98,0,0,0,0,0,0,0,0,0,0,0,0,82,0,0,68,0,0,0,195,167,0,0,167,195,0,0,0,82,0,0,0,0,0,0,0,0,102,0,0,0,0,82,0,0,0,0,0,0,0,0,102,0,195,167,0,0,167,195,0,82,0,0,106,0,0,0,0,0,0,0,0,205,0,205,0,205,0,205,0,82,0,0,0,0,0,
0,0,0,0,0,0,0,0,0,0,0,0,0,102,0,0,0,0,0,0,0,0,0,0,0,0,82,0,0,102,0,0,0,194,0,0,0,0,194,0,0,0,82,0,0,0,0,0,0,0,0,68,0,0,0,0,82,0,0,0,0,0,0,0,0,106,0,194,0,0,0,0,194,0,82,0,0,102,0,0,0,0,0,0,0,0,204,0,204,0,204,0,204,0,82,0,0,0,0,0,
0,0,0,0,0,0,0,0,0,0,0,0,0,64,0,0,0,0,0,0,0,0,0,0,0,0,82,0,0,106,0,0,0,0,0,0,0,0,0,0,0,0,82,0,0,0,0,0,0,0,0,106,0,0,0,0,82,0,0,0,0,0,0,0,0,68,0,0,0,0,0,0,0,0,82,0,0,100,0,0,0,0,0,0,0,0,0,0,0,0,137,0,0,0,82,0,0,0,0,0,
0,0,0,0,0,0,0,0,0,0,0,0,0,76,72,0,0,91,83,83,83,83,83,83,83,83,95,0,0,98,0,0,0,0,0,0,0,0,0,0,0,0,82,0,0,0,0,0,0,0,0,68,128,0,0,130,82,0,0,0,0,0,0,0,0,64,0,0,0,0,0,0,0,0,82,0,0,64,0,0,0,0,0,0,0,0,0,110,0,0,0,110,0,0,82,0,0,0,0,0,
0,0,0,0,0,0,0,0,0,0,0,0,0,0,68,0,0,82,0,0,0,0,0,0,0,0,0,0,0,68,0,0,0,0,121,0,0,0,0,0,0,0,82,0,0,0,0,0,0,0,0,76,72,0,0,91,95,0,0,0,0,0,0,0,0,106,0,0,0,0,0,0,0,0,82,0,0,64,0,0,0,0,0,0,0,0,0,0,0,0,0,0,0,0,82,0,0,0,0,0,
0,0,0,0,0,0,0,0,0,0,0,0,0,0,68,282,283,82,0,0,0,0,0,0,0,0,0,0,0,96,0,0,0,0,122,0,0,0,0,0,0,0,82,0,0,0,0,0,0,0,0,0,68,0,0,82,0,0,0,0,0,0,0,0,0,102,0,0,0,0,0,0,0,0,82,0,0,100,0,0,0,0,0,0,0,0,0,0,0,0,0,0,0,0,82,0,0,0,0,0,
0,0,0,0,0,0,0,0,0,0,0,0,0,77,73,0,0,90,81,109,107,69,103,65,107,65,78,0,0,98,0,0,0,0,122,0,0,0,0,0,0,0,82,0,0,0,0,0,0,0,0,0,104,0,0,82,0,0,0,0,0,0,0,0,0,68,0,0,0,0,0,0,0,0,82,0,0,102,0,0,0,0,0,0,0,0,0,0,0,0,0,0,0,0,82,0,0,0,0,0,
0,0,0,0,0,0,0,0,0,0,0,0,0,96,0,0,0,0,0,0,0,0,0,0,0,0,70,0,0,106,0,0,0,0,119,0,0,0,0,0,0,0,90,81,109,103,105,69,109,103,65,109,73,0,0,90,81,69,103,97,109,109,103,69,109,73,0,0,0,0,0,0,0,0,82,0,0,106,0,0,0,0,75,67,67,67,67,67,67,72,0,0,0,0,82,0,0,0,0,0,
0,0,0,0,0,0,0,0,0,0,0,0,0,102,0,0,0,0,0,0,0,0,0,0,0,0,82,0,0,102,0,0,0,0,0,0,0,0,0,0,0,0,0,0,0,181,0,0,0,0,0,179,0,0,0,0,0,176,0,0,183,0,0,0,0,0,0,0,0,0,0,0,0,0,82,0,0,104,0,0,0,0,66,0,0,0,0,0,0,100,0,0,0,0,82,0,0,0,0,0,
0,0,0,0,0,0,0,0,0,0,0,0,0,106,0,0,0,0,0,0,0,0,75,72,0,0,82,0,0,64,0,0,0,0,0,0,0,0,0,0,0,0,0,0,0,0,0,182,0,0,0,0,0,0,0,0,0,0,177,0,0,0,0,0,0,0,0,0,0,0,0,0,0,0,82,0,0,64,0,0,0,0,66,0,0,0,0,0,0,100,0,0,0,0,82,0,0,0,0,0,
0,0,0,0,0,0,0,0,0,0,0,0,0,98,144,0,0,0,0,0,0,0,74,73,0,0,82,0,0,64,131,120,123,123,123,118,131,0,0,0,0,0,91,83,83,83,83,83,83,83,83,83,83,83,83,83,83,83,83,83,83,83,83,83,83,88,0,0,0,0,0,0,0,0,90,81,105,73,0,0,0,0,74,101,103,101,101,103,101,73,0,0,0,0,82,0,0,0,0,0,
0,0,0,0,0,0,0,0,0,0,0,0,0,108,0,0,0,0,0,0,0,0,0,0,0,0,82,0,0,76,71,83,83,83,83,83,83,88,0,0,0,0,82,0,0,0,0,0,0,0,0,0,0,0,0,0,0,0,0,0,0,0,0,0,0,80,0,0,0,0,0,0,0,0,0,0,0,0,0,0,0,0,0,0,0,0,0,0,0,0,0,0,0,0,82,0,0,0,0,0,
0,0,0,0,0,0,0,0,0,0,0,0,0,102,0,0,0,0,0,0,0,0,0,0,0,0,82,0,0,0,0,0,0,0,0,0,0,80,0,0,0,0,82,0,0,0,0,0,0,0,0,0,0,0,0,0,0,0,0,0,0,0,0,0,0,68,0,0,0,0,0,0,0,0,0,0,0,0,0,0,0,0,0,0,165,0,0,165,0,0,0,0,0,0,82,0,0,0,0,0,
0,0,0,0,0,0,0,0,0,0,0,0,0,100,144,0,0,0,0,0,0,0,0,0,0,0,82,0,0,0,0,0,0,0,0,0,0,102,0,0,0,0,82,0,0,0,0,0,0,0,0,0,0,0,0,0,0,0,0,0,0,0,0,0,0,106,0,0,0,0,0,0,0,0,0,0,0,0,0,0,0,0,0,0,0,0,0,0,0,0,0,0,0,0,82,0,0,0,0,0,
0,0,0,0,0,0,0,0,0,0,0,0,0,68,0,0,0,0,0,0,0,0,0,0,0,0,82,0,0,0,0,0,0,0,0,0,0,104,0,0,0,0,82,0,0,0,0,0,0,0,0,0,0,0,0,0,0,0,0,0,0,0,0,0,0,64,0,0,0,0,0,0,0,0,0,0,0,0,0,0,0,0,0,0,137,0,0,0,0,0,0,0,0,0,82,0,0,0,0,0,
0,0,0,0,0,0,0,0,0,0,0,0,0,64,0,0,0,0,0,0,0,0,0,0,0,0,82,0,0,0,0,0,0,0,0,0,0,64,0,0,0,0,82,0,0,0,0,0,0,0,0,0,0,0,0,0,0,0,0,0,0,0,0,0,0,102,0,0,75,72,0,0,0,0,75,72,0,0,0,0,0,0,0,0,0,0,0,137,0,0,0,0,0,0,82,0,0,0,0,0,
0,0,0,0,0,0,0,0,0,0,0,0,0,100,0,0,0,0,0,0,0,0,0,0,0,0,82,0,0,0,0,0,0,0,0,0,0,102,0,0,0,0,82,0,0,0,0,0,0,0,0,0,0,0,0,0,0,0,0,0,0,0,0,0,0,68,0,0,74,73,179,0,0,0,74,73,0,0,0,0,0,0,0,0,0,137,0,0,0,0,0,0,0,0,82,0,0,0,0,0,
0,0,0,0,0,0,0,0,0,0,0,0,0,102,0,0,75,72,0,0,0,0,75,72,0,0,82,0,0,0,0,0,0,0,0,0,0,64,0,0,0,0,82,0,0,0,0,0,0,0,0,0,0,0,0,0,0,0,0,0,0,0,0,0,0,106,0,0,0,181,0,0,0,0,0,0,0,0,0,0,0,0,0,0,0,0,0,0,0,0,0,0,0,0,82,0,0,0,0,0,
0,0,0,0,0,0,0,0,0,0,0,0,0,64,0,0,74,73,0,0,0,0,74,73,0,0,90,81,107,103,99,65,65,99,103,107,69,73,0,0,0,0,82,0,0,0,0,0,0,0,0,0,0,0,0,0,0,0,0,0,0,0,0,0,0,64,0,0,0,0,0,0,0,0,0,0,0,0,0,0,0,0,0,0,0,0,0,0,0,0,0,0,0,0,82,0,0,0,0,0,
0,0,0,0,0,0,0,0,0,0,0,0,0,98,0,0,0,0,0,0,0,0,0,0,0,0,0,0,0,0,0,0,0,0,0,0,0,0,0,0,0,0,82,0,0,0,0,0,0,0,0,0,0,0,0,0,0,0,0,0,0,0,0,0,0,76,71,83,83,83,83,83,83,83,83,83,83,83,83,83,83,83,83,83,83,83,83,83,83,83,83,83,83,83,95,0,0,0,0,0,
0,0,0,0,0,0,0,0,0,0,0,0,0,106,0,0,0,0,0,0,0,0,0,0,0,0,0,0,0,0,0,0,0,0,0,0,0,0,0,0,0,0,82,0,0,0,0,0,0,0,0,0,0,0,0,0,0,0,0,0,0,0,0,0,0,0,0,0,0,0,0,0,0,0,0,0,0,0,0,0,0,0,0,0,0,0,0,0,0,0,0,0,0,0,0,0,0,0,0,0,
0,0,0,0,0,0,0,0,0,0,0,0,0,102,0,0,0,0,0,0,0,0,0,0,0,0,0,0,0,0,0,0,0,0,0,0,0,0,0,0,0,0,82,0,0,0,0,0,0,0,0,0,0,0,0,0,0,0,0,0,0,0,0,0,0,0,0,0,0,0,0,0,0,0,0,0,0,0,0,0,0,0,0,0,0,0,0,0,0,0,0,0,0,0,0,0,0,0,0,0,
0,0,0,0,0,0,0,0,0,0,0,0,0,64,0,0,0,0,0,0,0,0,0,0,0,0,0,0,0,0,0,0,0,0,0,0,0,0,0,0,0,0,82,0,0,0,0,0,0,0,0,0,0,0,0,0,0,0,0,0,0,0,0,0,0,0,0,0,0,0,0,0,0,0,0,0,0,0,0,0,0,0,0,0,0,0,0,0,0,0,0,0,0,0,0,0,0,0,0,0,
0,0,0,0,0,0,0,0,0,0,0,0,0,76,71,83,83,83,83,83,83,83,83,83,83,83,83,83,83,83,83,83,83,83,83,83,83,83,83,83,83,83,95,0,0,0,0,0,0,0,0,0,0,0,0,0,0,0,0,0,0,0,0,0,0,0,0,0,0,0,0,0,0,0,0,0,0,0,0,0,0,0,0,0,0,0,0,0,0,0,0,0,0,0,0,0,0,0,0,0,
0,0,0,0,0,0,0,0,0,0,0,0,0,0,0,0,0,0,0,0,0,0,0,0,0,0,0,0,0,0,0,0,0,0,0,0,0,0,0,0,0,0,0,0,0,0,0,0,0,0,0,0,0,0,0,0,0,0,0,0,0,0,0,0,0,0,0,0,0,0,0,0,0,0,0,0,0,0,0,0,0,0,0,0,0,0,0,0,0,0,0,0,0,0,0,0,0,0,0,0,
0,0,0,0,0,0,0,0,0,0,0,0,0,0,0,0,0,0,0,0,0,0,0,0,0,0,0,0,0,0,0,0,0,0,0,0,0,0,0,0,0,0,0,0,0,0,0,0,0,0,0,0,0,0,0,0,0,0,0,0,0,0,0,0,0,0,0,0,0,0,0,0,0,0,0,0,0,0,0,0,0,0,0,0,0,0,0,0,0,0,0,0,0,0,0,0,0,0,0,0,
0,0,0,0,0,0,0,0,0,0,0,0,0,0,0,0,0,0,0,0,0,0,0,0,0,0,0,0,0,0,0,0,0,0,0,0,0,0,0,0,0,0,0,0,0,0,0,0,0,0,0,0,0,0,0,0,0,0,0,0,0,0,0,0,0,0,0,0,0,0,0,0,0,0,0,0,0,0,0,0,0,0,0,0,0,0,0,0,0,0,0,0,0,0,0,0,0,0,0,0,
0,0,0,0,0,0,0,0,0,0,0,0,0,0,0,0,0,0,0,0,0,0,0,0,0,0,0,0,0,0,0,0,0,0,0,0,0,0,0,0,0,0,0,0,0,0,0,0,0,0,0,0,0,0,0,0,0,0,0,0,0,0,0,0,0,0,0,0,0,0,0,0,0,0,0,0,0,0,0,0,0,0,0,0,0,0,0,0,0,0,0,0,0,0,0,0,0,0,0,0,
0,0,0,0,0,0,0,0,0,0,0,0,0,0,0,0,0,0,0,0,0,0,0,0,0,0,0,0,0,0,0,0,0,0,0,0,0,0,0,0,0,0,0,0,0,0,0,0,0,0,0,0,0,0,0,0,0,0,0,0,0,0,0,0,0,0,0,0,0,0,0,0,0,0,0,0,0,0,0,0,0,0,0,0,0,0,0,0,0,0,0,0,0,0,0,0,0,0,0,0,
0,0,0,0,0,0,0,0,0,0,0,0,0,0,0,0,0,0,0,0,0,0,0,0,0,0,0,0,0,0,0,0,0,0,0,0,0,0,0,0,0,0,0,0,0,0,0,0,0,0,0,0,0,0,0,0,0,0,0,0,0,0,0,0,0,0,0,0,0,0,0,0,0,0,0,0,0,0,0,0,0,0,0,0,0,0,0,0,0,0,0,0,0,0,0,0,0,0,0,0,
0,0,0,0,0,0,0,0,0,0,0,0,0,0,0,0,0,0,0,0,0,0,0,0,0,0,0,0,0,0,0,0,0,0,0,0,0,0,0,0,0,0,0,0,0,0,0,0,0,0,0,0,0,0,0,0,0,0,0,0,0,0,0,0,0,0,0,0,0,0,0,0,0,0,0,0,0,0,0,0,0,0,0,0,0,0,0,0,0,0,0,0,0,0,0,0,0,0,0,0,
0,0,0,0,0,0,0,0,0,0,0,0,0,0,0,0,0,0,0,0,0,0,0,0,0,0,0,0,0,0,0,0,0,0,0,0,0,0,0,0,0,0,0,0,0,0,0,0,0,0,0,0,0,0,0,0,0,0,0,0,0,0,0,0,0,0,0,0,0,0,0,0,0,0,0,0,0,0,0,0,0,0,0,0,0,0,0,0,0,0,0,0,0,0,0,0,0,0,0,0,
0,0,0,0,0,0,0,0,0,0,0,0,0,0,0,0,0,0,0,0,0,0,0,0,0,0,0,0,0,0,0,0,0,0,0,0,0,0,0,0,0,0,0,0,0,0,0,0,0,0,0,0,0,0,0,0,0,0,0,0,0,0,0,0,0,0,0,0,0,0,0,0,0,0,0,0,0,0,0,0,0,0,0,0,0,0,0,0,0,0,0,0,0,0,0,0,0,0,0,0,
0,0,0,0,0,0,0,0,0,0,0,0,0,0,0,0,0,0,0,0,0,0,0,0,0,0,0,0,0,0,0,0,0,0,0,0,0,0,0,0,0,0,0,0,0,0,0,0,0,0,0,0,0,0,0,0,0,0,0,0,0,0,0,0,0,0,0,0,0,0,0,0,0,0,0,0,0,0,0,0,0,0,0,0,0,0,0,0,0,0,0,0,0,0,0,0,0,0,0,0,
0,0,0,0,0,0,0,0,0,0,0,0,0,0,0,0,0,0,0,0,0,0,0,0,0,0,0,0,0,0,0,0,0,0,0,0,0,0,0,0,0,0,0,0,0,0,0,0,0,0,0,0,0,0,0,0,0,0,0,0,0,0,0,0,0,0,0,0,0,0,0,0,0,0,0,0,0,0,0,0,0,0,0,0,0,0,0,0,0,0,0,0,0,0,0,0,0,0,0,0,
0,0,0,0,0,0,0,0,0,0,0,0,0,0,0,0,0,0,0,0,0,0,0,0,0,0,0,0,0,0,0,0,0,0,0,0,0,0,0,0,0,0,0,0,0,0,0,0,0,0,0,0,0,0,0,0,0,0,0,0,0,0,0,0,0,0,0,0,0,0,0,0,0,0,0,0,0,0,0,0,0,0,0,0,0,0,0,0,0,0,0,0,0,0,0,0,0,0,0,0,
0,0,0,0,0,0,0,0,0,0,0,0,0,0,0,0,0,0,0,0,0,0,0,0,0,0,0,0,0,0,0,0,0,0,0,0,0,0,0,0,0,0,0,0,0,0,0,0,0,0,0,0,0,0,0,0,0,0,0,0,0,0,0,0,0,0,0,0,0,0,0,0,0,0,0,0,0,0,0,0,0,0,0,0,0,0,0,0,0,0,0,0,0,0,0,0,0,0,0,0

[layer]
type=collision
data=
3,3,3,3,3,3,3,3,3,3,3,3,3,3,3,3,3,3,3,3,3,3,3,3,3,3,3,3,3,3,3,3,3,3,3,3,3,3,3,3,3,3,3,3,3,3,3,3,3,3,3,3,3,3,3,3,3,3,3,3,3,3,3,3,3,3,3,3,3,3,3,3,3,3,3,3,3,3,3,3,3,3,3,3,3,3,3,3,3,3,3,3,3,3,3,3,3,3,3,3,
3,3,3,3,3,3,3,3,3,3,3,3,3,3,3,3,3,3,3,3,3,3,3,3,3,3,3,3,3,3,3,3,3,1,1,1,1,1,1,1,1,1,1,1,1,1,1,1,1,1,1,3,3,3,3,3,3,3,3,3,3,3,3,3,3,3,3,3,3,3,3,3,3,3,3,3,3,3,3,3,3,3,3,3,3,3,3,3,3,3,3,3,3,3,3,3,3,3,3,3,
3,3,3,3,3,3,3,3,3,3,3,3,3,3,3,3,3,3,3,3,3,3,3,3,3,3,3,3,3,3,3,3,3,1,0,0,0,0,0,0,0,0,0,0,0,0,0,0,0,0,1,3,3,3,3,3,3,3,3,3,3,3,3,3,3,3,3,3,3,3,3,3,3,3,3,3,3,3,3,3,3,3,3,3,3,3,3,3,3,3,3,3,3,3,3,3,3,3,3,3,
3,3,3,3,3,3,3,3,3,3,3,3,3,3,3,3,3,3,3,3,3,3,3,3,3,3,3,3,3,3,3,3,3,1,4,0,0,4,0,0,4,0,0,0,0,0,0,0,0,0,1,3,3,3,3,3,3,3,3,3,3,3,3,3,3,3,3,3,3,3,3,3,3,3,3,3,3,3,3,3,3,3,3,3,3,3,3,3,3,3,3,3,3,3,3,3,3,3,3,3,
3,3,3,3,3,3,3,3,3,3,3,3,3,3,3,3,3,3,3,3,3,3,3,3,3,3,3,3,3,3,3,3,3,1,0,0,0,0,0,0,0,1,0,0,0,0,1,0,0,0,1,3,3,3,3,3,3,3,3,3,3,3,3,3,3,3,3,3,3,3,3,3,3,3,3,3,3,3,3,3,3,3,3,3,3,3,3,3,3,3,3,3,3,3,3,3,3,3,3,3,
3,3,3,3,3,3,3,3,3,3,3,3,3,3,3,3,3,3,3,3,3,3,3,3,3,3,3,3,3,3,3,3,3,1,0,0,0,0,0,0,0,0,0,0,0,0,0,0,0,0,1,3,3,3,3,3,3,3,3,3,3,3,3,3,3,3,3,3,3,3,3,3,3,3,3,3,3,3,3,3,3,3,3,3,3,3,3,3,3,3,3,3,3,3,3,3,3,3,3,3,
3,3,3,3,3,3,3,3,3,3,3,3,3,3,3,3,3,3,3,3,3,3,3,3,3,3,3,3,3,3,3,3,3,1,0,0,0,0,0,0,0,0,0,0,0,0,0,0,0,0,1,3,3,3,3,3,3,3,3,3,3,3,3,3,3,3,3,3,3,3,3,3,3,3,3,3,3,3,3,3,3,3,3,3,3,3,3,3,3,3,3,3,3,3,3,3,3,3,3,3,
3,3,3,3,3,3,3,3,3,3,3,3,3,3,3,3,3,3,3,3,3,3,3,3,3,3,3,3,3,3,3,3,3,1,0,0,0,0,0,0,0,0,0,0,0,0,0,0,0,0,1,3,3,3,3,3,3,3,3,3,3,3,3,3,3,3,3,3,3,3,3,3,3,3,3,3,3,3,3,3,3,3,3,3,3,3,3,3,3,3,3,3,3,3,3,3,3,3,3,3,
3,3,3,3,3,3,3,3,3,3,3,3,3,3,3,3,3,3,3,3,3,3,3,3,3,3,3,3,3,3,3,3,3,1,0,0,0,0,0,0,0,0,0,0,0,0,0,0,0,0,1,3,3,3,3,3,3,3,3,3,3,3,3,3,3,3,3,3,3,3,3,3,3,3,3,3,3,3,3,3,3,3,3,3,3,3,3,3,3,3,3,3,3,3,3,3,3,3,3,3,
3,3,3,3,3,1,1,1,1,1,1,1,1,1,1,1,1,1,1,1,1,1,1,3,3,3,3,3,3,3,3,3,3,1,0,0,0,0,0,0,0,1,0,0,0,0,1,0,0,0,1,3,3,3,3,3,3,1,1,1,1,1,1,1,1,1,1,1,1,1,1,1,1,1,1,1,1,1,1,1,1,1,1,3,3,3,3,3,3,3,3,3,3,3,3,3,3,3,3,3,
3,3,3,3,3,1,0,0,0,0,1,1,0,0,0,0,1,1,0,0,0,0,1,3,3,3,3,3,3,3,3,3,3,1,0,0,0,0,0,0,0,3,0,0,0,0,3,0,0,0,1,3,3,3,3,3,3,1,0,0,0,0,0,0,0,0,0,0,0,0,0,0,0,0,0,0,0,0,0,0,0,0,1,3,3,3,3,3,3,3,3,3,3,3,3,3,3,3,3,3,
3,3,3,3,3,1,0,0,0,0,0,0,0,0,0,0,0,0,0,0,0,0,1,3,3,3,3,3,3,3,3,3,3,1,0,0,0,0,0,0,0,0,0,0,0,0,0,0,0,0,1,3,3,3,3,3,3,1,0,0,0,0,0,0,0,0,0,0,0,0,0,0,0,0,0,0,0,0,0,0,0,0,1,3,3,3,3,3,3,3,3,3,3,3,3,3,3,3,3,3,
3,3,3,3,3,1,0,0,0,0,0,0,0,0,0,0,0,0,0,0,0,0,1,3,3,3,3,3,3,3,3,3,3,1,0,0,0,0,0,4,0,0,0,0,0,0,0,0,0,0,1,3,3,3,3,3,3,1,0,0,0,0,0,0,0,0,0,0,0,0,0,0,0,0,0,0,0,0,0,0,0,0,1,3,3,3,3,3,3,3,3,3,3,3,3,3,3,3,3,3,
3,3,3,3,3,1,0,0,0,0,0,0,0,0,0,0,0,0,0,0,0,0,1,3,3,3,3,3,3,3,3,3,3,1,0,0,0,0,0,0,0,0,0,0,0,0,0,0,0,0,1,3,3,3,3,3,3,1,0,0,0,0,0,0,0,0,0,0,0,0,0,0,0,0,0,0,0,0,0,0,0,0,1,1,1,1,1,1,1,1,1,1,1,1,1,3,3,3,3,3,
3,3,3,3,3,1,1,0,0,0,0,2,2,2,2,2,2,0,0,0,0,0,1,3,3,3,3,3,3,3,3,3,3,1,1,1,1,1,1,1,1,1,0,0,0,0,1,1,1,1,1,3,3,3,3,3,3,1,0,0,0,0,1,1,1,1,1,1,1,1,0,0,0,0,2,2,2,2,0,0,0,0,4,0,0,0,0,0,0,4,0,0,0,0,1,3,3,3,3,3,
3,3,3,3,3,1,1,0,0,0,2,2,4,4,4,4,2,2,0,0,0,0,1,3,3,3,3,3,3,3,3,3,3,3,3,3,3,3,3,3,3,1,0,0,0,0,1,3,3,3,3,3,3,3,3,3,3,1,0,0,0,0,1,3,3,3,3,3,3,1,0,0,0,0,2,4,4,2,0,0,0,0,0,0,0,0,0,0,4,0,4,0,4,0,1,3,3,3,3,3,
3,3,3,3,3,1,0,0,0,0,2,4,4,4,4,4,4,2,0,0,0,0,1,3,3,3,3,3,3,3,3,3,3,3,3,3,3,3,3,3,3,1,0,0,0,0,1,3,3,3,3,3,3,3,3,3,3,1,0,0,0,0,1,3,3,3,3,3,3,1,0,0,0,0,2,4,4,2,0,0,0,0,0,0,0,0,0,0,4,0,4,0,4,0,1,3,3,3,3,3,
3,3,3,3,3,1,0,0,0,0,2,4,4,4,4,4,4,2,0,0,0,0,1,1,1,1,1,1,1,1,1,1,1,1,1,3,3,3,3,3,3,1,0,0,0,0,1,3,3,3,3,3,3,3,3,3,3,1,0,0,0,0,1,3,3,1,1,1,1,1,0,0,0,0,2,4,4,2,0,0,0,0,0,0,0,0,0,0,0,0,4,0,0,0,1,3,3,3,3,3,
3,3,3,3,3,1,0,0,0,2,2,4,4,4,4,4,4,2,2,2,2,0,0,0,0,0,0,0,0,0,0,0,0,0,1,3,3,3,3,3,3,1,0,0,0,0,1,3,3,3,3,3,3,3,3,3,3,1,0,0,0,0,1,3,3,1,0,0,0,0,0,0,0,0,2,4,4,2,0,0,0,0,1,1,1,1,0,0,0,0,0,0,0,0,1,3,3,3,3,3,
3,3,3,3,3,1,0,0,0,2,4,4,4,4,4,4,4,4,4,4,2,2,0,0,0,0,0,0,0,0,0,0,0,0,1,3,3,3,3,3,3,1,0,0,0,0,1,3,3,3,3,3,3,3,3,3,3,1,0,0,0,0,1,3,3,1,0,0,0,0,0,0,0,0,2,4,4,2,0,0,0,0,1,3,3,1,0,0,0,0,0,0,0,0,1,3,3,3,3,3,
3,3,3,3,3,1,1,0,0,2,4,4,0,0,0,0,4,4,4,4,4,2,2,0,0,0,1,1,0,0,1,1,0,0,1,3,3,3,3,3,3,1,0,0,0,0,1,3,3,3,3,3,3,3,3,3,3,1,0,0,0,0,1,3,3,1,0,0,0,0,0,0,0,0,2,4,4,2,0,0,0,0,1,3,3,1,0,4,4,0,0,0,0,0,1,3,3,3,3,3,
3,3,3,3,3,1,1,0,0,2,4,4,0,0,0,0,4,4,4,4,4,2,2,0,0,0,1,1,0,0,1,1,0,0,1,3,3,3,3,3,3,1,0,0,0,0,1,3,3,3,3,3,3,3,3,3,3,1,0,0,0,0,1,3,3,1,0,0,0,0,0,0,0,1,2,4,4,2,0,0,0,0,1,3,3,1,0,0,0,0,0,4,4,0,1,3,3,3,3,3,
3,3,3,3,3,1,0,0,0,2,4,4,0,0,0,0,4,4,4,4,4,2,0,0,0,0,0,0,0,0,0,0,0,0,1,3,3,3,3,3,3,1,0,0,0,0,1,3,3,3,3,3,3,3,3,3,3,1,0,0,0,0,1,3,3,1,0,0,0,0,2,2,2,2,2,4,4,2,0,0,0,0,1,3,3,1,0,4,4,4,0,0,0,0,1,3,3,3,3,3,
3,3,3,3,3,1,0,0,0,2,4,4,2,0,0,2,4,4,4,4,4,2,0,0,0,0,0,0,0,0,0,0,0,0,1,3,3,3,3,3,3,1,0,0,0,0,1,3,3,3,3,3,3,3,3,3,3,1,0,0,0,0,1,3,3,1,0,0,0,2,2,4,4,4,4,4,4,2,0,0,0,0,1,3,3,1,0,0,0,0,0,4,4,0,1,3,3,3,3,3,
3,3,3,3,3,1,0,0,0,2,4,4,2,0,0,2,4,4,4,4,4,2,0,0,0,0,0,0,0,0,0,0,0,0,1,3,3,3,3,3,3,1,0,0,0,0,1,3,3,3,3,3,3,3,3,3,3,1,0,0,0,0,1,3,3,1,0,0,0,2,2,4,4,4,4,4,4,2,0,0,0,0,1,3,3,1,0,4,4,4,0,0,0,0,1,3,3,3,3,3,
3,3,3,3,3,1,0,0,0,2,2,4,2,0,0,2,4,4,4,2,2,2,0,0,0,0,0,0,0,0,0,0,0,0,1,3,3,3,3,3,3,1,0,0,0,0,1,1,1,1,1,1,1,1,1,1,1,1,0,0,0,0,1,3,3,1,0,0,0,2,2,4,4,2,2,2,2,2,0,0,0,0,1,3,3,1,0,0,0,0,0,0,0,0,1,3,3,3,3,3,
3,3,3,3,3,1,1,0,0,0,2,2,2,0,0,2,2,4,4,2,0,0,0,0,0,0,1,1,0,0,1,1,0,0,1,3,3,3,3,3,3,1,0,0,0,0,0,0,0,0,0,0,0,0,0,0,0,0,0,0,0,0,1,3,3,1,0,0,0,2,2,4,4,2,1,0,0,0,0,0,0,0,1,3,3,1,1,1,1,1,1,1,1,1,1,3,3,3,3,3,
3,3,3,3,3,1,1,0,0,0,0,0,0,0,0,0,2,4,2,2,0,0,0,0,0,0,1,1,0,0,1,1,0,0,1,3,3,3,3,3,3,1,0,0,0,0,0,0,0,0,0,0,0,0,0,0,0,0,0,0,0,0,1,3,3,1,0,0,0,2,2,4,4,2,0,0,0,0,0,0,0,0,1,3,3,3,3,3,3,3,3,3,3,3,3,3,3,3,3,3,
3,3,3,3,3,1,0,0,0,0,0,0,0,0,0,0,2,2,2,0,0,0,0,0,0,0,0,0,0,0,0,0,0,0,1,3,3,3,3,3,3,1,0,0,0,0,0,0,0,0,0,0,0,0,0,0,0,0,0,0,0,0,1,3,3,1,0,0,0,2,2,4,4,2,0,0,0,0,0,0,0,0,1,3,3,3,3,3,3,3,3,3,3,3,3,3,3,3,3,3,
3,3,3,3,3,1,0,0,0,0,0,0,0,0,0,0,0,0,0,0,0,0,0,0,0,0,0,0,0,0,0,0,0,0,1,3,3,3,3,3,3,1,0,0,0,0,0,0,0,0,0,0,0,0,0,0,0,0,0,0,0,0,1,3,3,1,0,0,0,2,2,4,4,2,1,0,0,0,0,0,0,0,1,3,3,3,3,3,3,3,3,3,3,3,3,3,3,3,3,3,
3,3,3,3,3,1,0,0,0,0,0,0,0,0,0,0,0,0,0,0,0,0,0,0,0,0,0,0,0,0,0,0,0,0,1,3,3,3,3,3,3,1,1,1,1,1,1,1,1,1,1,1,1,1,1,1,1,1,1,1,1,1,1,3,3,1,0,0,0,2,2,4,4,2,2,2,2,2,0,0,0,0,1,3,3,3,3,3,3,3,3,3,3,3,3,3,3,3,3,3,
3,3,3,3,3,1,0,0,0,0,0,0,0,0,0,0,0,0,0,0,0,0,0,0,0,0,0,0,0,0,0,0,0,0,1,3,3,3,3,3,3,3,3,3,3,3,3,3,3,3,3,3,3,3,3,3,3,3,3,3,3,3,3,3,3,1,0,0,0,2,2,4,4,4,4,4,4,2,0,0,0,0,1,3,3,3,3,3,3,3,3,3,3,3,3,3,3,3,3,3,
3,3,3,3,3,1,1,0,0,0,0,0,0,0,0,0,0,0,0,0,0,0,0,0,0,0,1,1,0,0,1,1,0,0,1,3,3,3,3,3,3,3,3,3,3,3,3,3,3,3,3,3,3,3,3,3,3,3,3,3,3,3,3,3,3,1,0,0,0,2,2,4,4,4,4,4,4,2,0,0,0,0,1,3,3,3,3,3,3,3,3,3,3,3,3,3,3,3,3,3,
3,3,3,3,3,1,1,0,0,0,0,0,0,0,0,0,0,0,0,0,0,0,0,0,0,0,1,1,0,0,1,1,0,0,1,3,3,3,3,3,3,3,3,3,3,3,3,3,3,3,3,3,3,3,3,3,3,3,3,3,3,3,3,3,3,1,0,0,0,0,2,2,2,2,2,4,4,2,0,0,0,0,1,3,3,1,1,1,1,1,1,1,1,1,1,3,3,3,3,3,
3,3,3,3,3,1,0,0,0,0,0,0,0,0,0,0,0,0,0,0,0,0,0,0,0,0,0,0,0,0,0,0,0,0,1,3,3,3,3,3,3,3,3,3,3,3,3,3,3,3,3,3,3,3,3,3,3,3,3,3,3,3,3,3,3,1,0,0,0,0,0,0,0,1,2,4,4,2,0,0,0,0,1,3,3,1,3,0,0,0,0,0,0,0,1,3,3,3,3,3,
3,3,3,3,3,1,0,0,0,0,0,0,0,0,0,0,0,0,0,0,0,0,0,0,0,0,0,0,0,0,0,0,0,0,1,3,3,3,3,3,3,3,3,3,3,3,3,3,3,3,3,3,3,3,3,3,3,3,3,3,3,3,3,3,3,1,0,0,0,0,0,0,0,0,2,4,4,2,0,0,0,0,1,3,3,1,4,4,0,0,4,0,4,0,1,3,3,3,3,3,
3,3,3,3,3,1,0,0,0,0,0,0,0,0,0,0,4,0,4,0,0,4,0,0,0,0,0,0,0,0,0,0,0,0,1,3,3,3,3,3,3,3,3,3,3,3,3,3,3,3,3,3,3,3,3,3,3,3,3,3,3,3,3,3,3,1,0,0,0,0,0,0,0,0,2,4,4,2,0,0,0,0,1,3,3,1,0,0,0,0,4,0,4,0,1,3,3,3,3,3,
3,3,3,3,3,1,0,0,0,0,0,0,0,0,0,0,0,0,0,0,0,0,0,0,0,0,0,0,0,0,0,0,0,0,1,3,3,3,3,3,3,3,3,3,3,3,3,3,3,3,3,3,3,3,3,3,3,3,3,3,3,3,3,3,3,1,0,0,0,0,0,0,0,0,2,4,4,2,0,0,0,0,1,3,3,1,4,4,0,0,4,0,4,0,1,3,3,3,3,3,
3,3,3,3,3,1,1,1,1,1,1,1,1,1,1,1,1,1,1,1,1,1,1,0,0,1,1,1,1,1,1,1,1,1,1,3,3,3,3,3,3,3,3,3,3,3,3,3,3,3,3,3,3,3,3,3,3,3,3,3,3,3,3,3,3,1,1,1,1,1,0,0,0,0,2,4,4,2,0,0,0,0,1,3,3,1,0,0,0,0,0,0,0,0,1,3,3,3,3,3,
3,3,3,3,3,3,3,3,3,3,3,3,3,3,3,3,3,3,3,3,3,3,1,0,0,1,3,3,3,3,3,3,3,3,3,3,3,3,3,3,3,3,3,3,3,3,3,3,3,3,3,3,3,3,3,3,3,3,3,3,3,3,3,3,3,3,3,3,3,1,0,0,0,0,2,4,4,2,0,0,0,0,1,3,3,1,4,4,4,0,0,0,0,0,1,3,3,3,3,3,
3,3,3,3,3,3,3,3,3,3,3,3,3,3,3,3,3,3,3,3,3,3,1,0,0,1,3,3,3,3,3,3,3,3,3,3,3,3,3,3,3,3,3,3,3,3,3,3,3,3,3,3,3,3,3,3,3,3,3,3,3,3,3,3,3,3,3,3,3,1,0,0,0,0,2,4,4,2,0,0,0,0,1,3,3,1,0,0,0,0,0,0,0,0,1,3,3,3,3,3,
3,3,3,3,3,3,3,3,3,3,3,3,3,3,3,3,3,3,3,3,3,3,1,0,0,1,3,3,3,3,3,3,3,3,3,3,3,3,3,3,3,3,3,3,3,3,3,3,3,3,3,3,3,3,3,3,3,3,3,3,3,3,3,3,3,3,3,3,3,1,0,0,0,0,2,2,2,2,0,0,0,0,1,1,1,1,0,0,0,0,0,0,0,0,1,3,3,3,3,3,
3,3,3,3,3,3,3,3,3,3,3,3,3,3,3,3,3,3,3,3,3,3,1,0,0,1,3,3,3,3,3,3,3,3,3,3,3,3,3,3,3,3,3,3,3,3,3,3,3,3,3,3,3,3,3,3,3,3,3,3,3,3,3,3,3,3,3,3,3,1,0,0,0,0,0,0,0,0,0,0,0,0,0,0,0,0,0,0,0,0,0,0,0,0,1,3,3,3,3,3,
3,3,3,3,3,3,3,3,3,3,3,3,3,3,3,3,3,3,3,3,3,3,1,0,0,1,3,3,3,3,3,3,3,3,3,3,3,3,3,3,3,3,3,3,3,3,3,3,3,3,3,3,3,3,3,3,3,3,3,3,3,3,3,3,3,3,3,3,3,1,0,0,0,0,0,0,0,0,0,0,0,0,0,0,0,0,0,0,0,0,0,0,0,0,1,3,3,3,3,3,
3,3,3,3,3,3,3,3,3,3,3,3,3,3,3,3,3,3,3,3,3,3,1,0,0,1,3,3,3,3,3,3,3,3,3,3,3,3,3,3,3,3,3,3,3,3,3,3,3,3,3,3,3,3,3,3,3,3,3,3,3,3,3,3,3,3,3,3,3,1,0,0,0,0,0,0,0,0,0,0,0,0,0,0,0,0,0,0,0,0,0,0,0,0,1,3,3,3,3,3,
3,3,3,3,3,3,3,3,3,3,3,3,3,3,3,3,3,3,3,3,3,3,1,0,0,1,3,3,3,3,3,3,3,3,3,3,3,3,3,3,3,3,3,3,3,3,3,3,3,3,3,3,3,3,3,3,3,3,3,3,3,3,3,3,3,3,3,3,3,1,0,0,0,0,0,0,0,0,0,0,0,0,4,0,0,0,0,0,0,0,0,0,0,0,1,3,3,3,3,3,
3,3,3,3,3,3,3,3,3,3,3,3,3,3,3,3,3,3,3,3,3,3,1,0,0,1,3,3,3,3,3,3,3,3,3,3,3,3,3,3,3,3,3,3,3,3,3,3,3,3,3,3,3,3,3,3,3,3,3,3,3,3,3,3,3,3,3,3,3,1,1,1,1,1,1,1,1,1,0,0,0,0,1,1,1,1,1,1,1,1,1,1,1,1,1,3,3,3,3,3,
3,3,3,3,3,3,3,3,3,3,3,3,3,3,3,3,3,3,3,3,3,3,1,0,0,1,3,3,3,3,3,3,3,3,3,3,3,3,3,3,3,3,3,3,3,3,3,3,3,3,3,3,3,3,3,3,3,3,3,3,3,3,3,3,3,3,3,3,3,3,3,3,3,3,3,3,3,1,0,0,0,0,1,3,3,3,3,3,3,3,3,3,3,3,3,3,3,3,3,3,
3,3,3,3,3,3,3,3,3,3,3,3,3,3,3,3,3,3,3,3,3,3,1,0,0,1,3,3,3,3,3,3,3,3,3,3,3,3,3,3,3,3,3,3,3,3,3,3,3,3,3,3,3,3,3,3,3,3,3,3,3,3,3,3,3,3,3,3,3,3,3,3,3,3,3,3,3,1,0,0,0,0,1,3,3,3,3,3,3,3,3,3,3,3,3,3,3,3,3,3,
3,3,3,3,3,3,3,3,3,3,3,3,3,3,3,3,3,3,3,3,3,3,1,0,0,1,3,3,3,3,3,3,3,3,3,3,3,3,3,3,3,3,3,3,3,3,3,3,3,3,3,3,3,3,3,3,3,3,3,3,3,3,3,3,3,3,3,3,3,3,3,3,3,3,3,3,3,1,0,0,0,0,1,3,3,3,3,3,3,3,3,3,3,3,3,3,3,3,3,3,
3,3,3,3,3,3,3,3,3,3,3,3,3,3,3,3,3,3,3,3,3,3,1,0,0,1,3,3,3,3,3,3,3,3,3,3,3,3,3,3,3,3,3,3,3,3,3,3,3,3,3,1,1,0,0,1,1,3,3,3,3,3,3,3,3,3,3,3,3,3,3,3,3,3,3,3,3,1,0,0,0,0,1,3,3,3,3,3,3,3,3,3,3,3,3,3,3,3,3,3,
3,3,3,3,3,3,3,3,3,3,3,3,3,3,3,3,3,3,3,3,3,3,1,0,0,1,3,3,3,3,3,3,3,3,3,3,3,3,3,3,3,3,3,3,3,3,3,3,3,3,3,1,4,0,0,4,1,3,3,3,3,3,3,3,3,3,3,3,3,3,3,3,3,3,3,3,3,1,0,0,0,0,1,3,3,3,3,3,3,3,3,3,3,3,3,3,3,3,3,3,
3,3,3,3,3,3,3,3,3,3,3,3,3,3,3,3,3,3,3,3,3,3,1,0,0,1,3,3,3,3,3,3,3,3,3,3,3,3,3,3,3,3,3,3,3,3,3,3,3,3,3,1,3,0,0,3,1,3,3,3,3,3,3,3,3,3,3,3,3,3,3,3,3,3,3,3,3,1,0,0,0,0,1,3,3,3,3,3,3,3,3,3,3,3,3,3,3,3,3,3,
3,3,3,3,3,3,3,3,3,3,3,3,3,3,3,3,3,3,3,3,3,3,1,0,0,1,3,3,3,3,3,3,3,3,3,3,3,3,3,3,3,3,3,3,3,3,3,3,3,3,3,1,0,0,0,0,1,3,3,3,3,3,3,3,3,3,3,3,3,3,3,3,3,3,3,3,3,1,0,0,0,0,1,3,3,3,3,3,3,3,3,3,3,3,3,3,3,3,3,3,
3,3,3,3,3,3,3,3,3,3,3,3,3,3,3,3,3,3,3,3,3,3,1,0,0,1,3,3,3,3,3,3,3,3,3,3,3,3,3,3,3,3,3,3,3,3,3,3,3,3,3,1,0,0,0,0,1,3,3,3,3,3,3,3,3,3,3,3,3,3,3,3,3,3,3,3,3,1,0,0,0,0,1,3,3,3,3,3,3,3,3,3,3,3,3,3,3,3,3,3,
3,3,3,3,3,3,3,3,3,3,3,3,3,3,3,3,3,3,3,3,3,3,1,0,0,1,3,3,3,3,3,3,3,3,3,3,3,3,3,3,3,3,3,3,3,3,3,3,3,3,3,1,0,0,0,0,1,3,3,3,3,3,3,3,3,3,3,3,3,3,3,3,3,3,3,3,3,1,0,0,0,0,1,3,3,3,3,3,3,3,3,3,3,3,3,3,3,3,3,3,
3,3,3,3,3,3,3,3,3,3,3,3,3,3,3,3,3,3,3,3,3,3,1,0,0,1,3,3,3,3,3,3,3,3,3,3,3,3,3,3,3,3,3,3,3,3,3,3,3,3,3,1,0,0,0,0,1,3,3,3,3,3,3,3,3,3,3,3,3,3,3,3,3,3,3,3,3,1,0,0,0,0,1,3,3,3,3,3,3,3,3,3,3,3,3,3,3,3,3,3,
3,3,3,3,3,3,3,3,3,3,3,3,3,3,3,3,3,3,3,3,3,3,1,0,0,1,3,3,3,3,3,3,3,3,3,3,3,3,3,3,3,3,3,3,3,3,3,3,3,3,3,1,0,0,0,0,1,3,3,3,3,3,3,3,3,3,3,3,3,3,3,3,3,3,3,3,3,1,0,0,0,0,1,3,3,3,3,3,3,3,3,3,3,3,3,3,3,3,3,3,
3,3,3,3,3,3,3,3,3,3,3,3,3,3,3,3,3,3,3,3,3,3,1,0,0,1,3,3,3,3,3,3,3,3,3,3,3,3,3,3,3,3,3,3,3,3,3,3,3,3,3,1,0,0,0,0,1,3,3,3,3,3,3,3,3,3,3,3,3,3,3,3,3,3,3,3,3,1,0,0,0,0,1,3,3,3,3,3,3,3,3,3,3,3,3,3,3,3,3,3,
3,3,3,3,3,3,3,3,3,3,3,3,3,3,3,3,3,3,3,3,3,3,1,0,0,1,3,3,3,3,3,3,3,3,3,3,3,3,3,3,3,3,3,3,3,3,3,3,3,3,3,1,3,0,0,3,1,3,3,3,3,3,3,3,3,3,3,3,3,3,3,3,3,3,3,3,3,1,0,0,0,0,1,3,3,3,3,3,3,3,3,3,3,3,3,3,3,3,3,3,
3,3,3,3,3,3,3,3,3,3,3,3,3,3,3,3,3,3,3,3,3,3,1,0,0,1,3,3,3,3,3,3,3,3,3,3,3,3,3,3,3,3,3,3,3,3,3,3,3,3,3,1,0,0,0,0,1,3,3,3,3,3,3,3,3,3,3,3,3,3,3,3,3,3,3,3,3,1,0,0,0,0,1,3,3,3,3,3,3,3,3,3,3,3,3,3,3,3,3,3,
3,3,3,3,3,3,3,3,3,3,3,3,3,1,1,1,1,1,1,1,1,1,1,0,0,1,1,3,3,1,1,1,1,1,1,1,1,1,1,1,1,1,1,3,3,3,3,3,3,3,3,1,0,0,0,0,1,3,3,3,3,3,3,3,3,1,1,1,1,1,1,1,1,1,1,3,3,1,0,0,0,0,1,1,1,1,1,1,1,1,1,1,1,1,1,3,3,3,3,3,
3,3,3,3,3,3,3,3,3,3,3,3,3,1,0,0,4,0,0,4,0,0,0,0,0,0,1,3,3,1,0,0,0,0,0,0,0,0,0,0,0,0,1,3,3,3,3,3,3,3,3,1,0,0,0,0,1,3,3,3,3,3,3,3,3,1,0,0,0,0,0,0,0,0,1,3,3,1,0,0,0,0,0,0,0,0,0,0,0,0,0,0,0,0,1,3,3,3,3,3,
3,3,3,3,3,3,3,3,3,3,3,3,3,1,0,0,0,0,0,0,0,0,0,0,0,0,1,3,3,1,0,0,0,4,4,0,0,4,4,0,0,0,1,3,3,3,3,3,3,3,3,1,0,0,0,0,1,3,3,3,3,3,3,3,3,1,0,4,4,0,0,4,4,0,1,3,3,1,0,0,0,0,0,0,0,0,4,0,4,0,4,0,4,0,1,3,3,3,3,3,
3,3,3,3,3,3,3,3,3,3,3,3,3,1,0,0,0,0,0,0,0,0,0,0,0,0,1,3,3,1,0,0,0,4,0,0,0,0,4,0,0,0,1,3,3,3,3,3,3,3,3,1,0,0,0,0,1,3,3,3,3,3,3,3,3,1,0,4,0,0,0,0,4,0,1,3,3,1,0,0,0,0,0,0,0,0,4,0,4,0,4,0,4,0,1,3,3,3,3,3,
3,3,3,3,3,3,3,3,3,3,3,3,3,1,0,0,0,0,0,0,0,0,0,0,0,0,1,3,3,1,0,0,0,0,0,0,0,0,0,0,0,0,1,3,3,3,3,3,3,3,3,1,0,0,0,0,1,3,3,3,3,3,3,3,3,1,0,0,0,0,0,0,0,0,1,3,3,1,0,0,0,0,0,0,0,0,0,0,0,0,4,0,0,0,1,3,3,3,3,3,
3,3,3,3,3,3,3,3,3,3,3,3,3,1,1,0,0,1,1,1,1,1,1,1,1,1,1,3,3,1,0,0,0,0,0,0,0,0,0,0,0,0,1,3,3,3,3,3,3,3,3,1,3,0,0,3,1,3,3,3,3,3,3,3,3,1,0,0,0,0,0,0,0,0,1,3,3,1,0,0,0,0,0,0,0,0,0,1,0,0,0,1,0,0,1,3,3,3,3,3,
3,3,3,3,3,3,3,3,3,3,3,3,3,3,1,1,1,1,3,3,3,3,3,3,3,3,3,3,3,1,0,0,0,0,2,0,0,0,0,0,0,0,1,3,3,3,3,3,3,3,3,1,1,0,0,1,1,3,3,3,3,3,3,3,3,1,0,0,0,0,0,0,0,0,1,3,3,1,0,0,0,0,0,0,0,0,0,0,0,0,0,0,0,0,1,3,3,3,3,3,
3,3,3,3,3,3,3,3,3,3,3,3,3,3,1,1,1,1,3,3,3,3,3,3,3,3,3,3,3,1,0,0,0,0,2,0,0,0,0,0,0,0,1,3,3,3,3,3,3,3,3,3,1,0,0,1,3,3,3,3,3,3,3,3,3,1,0,0,0,0,0,0,0,0,1,3,3,1,0,0,0,0,0,0,0,0,0,0,0,0,0,0,0,0,1,3,3,3,3,3,
3,3,3,3,3,3,3,3,3,3,3,3,3,1,1,0,0,1,1,1,1,1,1,1,1,1,1,3,3,1,0,0,0,0,2,0,0,0,0,0,0,0,1,3,3,3,3,3,3,3,3,3,1,0,0,1,3,3,3,3,3,3,3,3,3,1,0,0,0,0,0,0,0,0,1,3,3,1,0,0,0,0,0,0,0,0,0,0,0,0,0,0,0,0,1,3,3,3,3,3,
3,3,3,3,3,3,3,3,3,3,3,3,3,1,0,0,0,0,0,0,0,0,0,0,0,0,1,3,3,1,0,0,0,0,2,0,0,0,0,0,0,0,1,1,1,1,1,1,1,1,1,1,1,0,0,1,1,1,1,1,1,1,1,1,1,1,0,0,0,0,0,0,0,0,1,3,3,1,0,0,0,0,1,1,1,1,1,1,1,1,0,0,0,0,1,3,3,3,3,3,
3,3,3,3,3,3,3,3,3,3,3,3,3,1,0,0,0,0,0,0,0,0,0,0,0,0,1,3,3,1,0,0,0,0,0,0,0,0,0,0,0,0,0,0,0,0,0,0,0,0,0,0,0,0,0,0,0,0,0,0,0,0,0,0,0,0,0,0,0,0,0,0,0,0,1,3,3,1,0,0,0,0,1,3,3,3,3,3,3,1,0,0,0,0,1,3,3,3,3,3,
3,3,3,3,3,3,3,3,3,3,3,3,3,1,0,0,0,0,0,0,0,0,1,1,0,0,1,3,3,1,0,0,0,0,0,0,0,0,0,0,0,0,0,0,0,0,0,0,0,0,0,0,0,0,0,0,0,0,0,0,0,0,0,0,0,0,0,0,0,0,0,0,0,0,1,3,3,1,0,0,0,0,1,3,3,3,3,3,3,1,0,0,0,0,1,3,3,3,3,3,
3,3,3,3,3,3,3,3,3,3,3,3,3,1,4,0,0,0,0,0,0,0,1,1,0,0,1,3,3,1,3,2,2,2,2,2,3,0,0,0,0,0,1,1,1,1,1,1,1,1,1,1,1,1,1,1,1,1,1,1,1,1,1,1,1,1,0,0,0,0,0,0,0,0,1,1,1,1,0,0,0,0,1,1,1,1,1,1,1,1,0,0,0,0,1,3,3,3,3,3,
3,3,3,3,3,3,3,3,3,3,3,3,3,1,0,0,0,0,0,0,0,0,0,0,0,0,1,3,3,1,1,1,1,1,1,1,1,1,0,0,0,0,1,3,3,3,3,3,3,3,3,3,3,3,3,3,3,3,3,3,3,3,3,3,3,1,0,0,0,0,0,0,0,0,0,0,0,0,0,0,0,0,0,0,0,0,0,0,0,0,0,0,0,0,1,3,3,3,3,3,
3,3,3,3,3,3,3,3,3,3,3,3,3,1,0,0,0,0,0,0,0,0,0,0,0,0,1,3,3,3,3,3,3,3,3,3,3,1,0,0,0,0,1,3,3,3,3,3,3,3,3,3,3,3,3,3,3,3,3,3,3,3,3,3,3,1,0,0,0,0,0,0,0,0,0,0,0,0,0,0,0,0,0,0,4,0,0,4,0,0,0,0,0,0,1,3,3,3,3,3,
3,3,3,3,3,3,3,3,3,3,3,3,3,1,4,0,0,0,0,0,0,0,0,0,0,0,1,3,3,3,3,3,3,3,3,3,3,1,0,0,0,0,1,3,3,3,3,3,3,3,3,3,3,3,3,3,3,3,3,3,3,3,3,3,3,1,0,0,0,0,0,0,0,0,0,0,0,0,0,0,0,0,0,0,0,0,0,0,0,0,0,0,0,0,1,3,3,3,3,3,
3,3,3,3,3,3,3,3,3,3,3,3,3,1,0,0,0,0,0,0,0,0,0,0,0,0,1,3,3,3,3,3,3,3,3,3,3,1,0,0,0,0,1,3,3,3,3,3,3,3,3,3,3,3,3,3,3,3,3,3,3,3,3,3,3,1,0,0,0,0,0,0,0,0,0,0,0,0,0,0,0,0,0,0,4,0,0,0,0,0,0,0,0,0,1,3,3,3,3,3,
3,3,3,3,3,3,3,3,3,3,3,3,3,1,0,0,0,0,0,0,0,0,0,0,0,0,1,3,3,3,3,3,3,3,3,3,3,1,0,0,0,0,1,3,3,3,3,3,3,3,3,3,3,3,3,3,3,3,3,3,3,3,3,3,3,1,0,0,1,1,0,0,0,0,1,1,0,0,0,0,0,0,0,0,0,0,0,4,0,0,0,0,0,0,1,3,3,3,3,3,
3,3,3,3,3,3,3,3,3,3,3,3,3,1,0,0,0,0,0,0,0,0,0,0,0,0,1,3,3,3,3,3,3,3,3,3,3,1,0,0,0,0,1,3,3,3,3,3,3,3,3,3,3,3,3,3,3,3,3,3,3,3,3,3,3,1,0,0,1,1,0,0,0,0,1,1,0,0,0,0,0,0,0,0,0,4,0,0,0,0,0,0,0,0,1,3,3,3,3,3,
3,3,3,3,3,3,3,3,3,3,3,3,3,1,0,0,1,1,0,0,0,0,1,1,0,0,1,3,3,3,3,3,3,3,3,3,3,1,0,0,0,0,1,3,3,3,3,3,3,3,3,3,3,3,3,3,3,3,3,3,3,3,3,3,3,1,0,0,0,0,0,0,0,0,0,0,0,0,0,0,0,0,0,0,0,0,0,0,0,0,0,0,0,0,1,3,3,3,3,3,
3,3,3,3,3,3,3,3,3,3,3,3,3,1,0,0,1,1,0,0,0,0,1,1,0,0,1,1,1,1,1,1,1,1,1,1,1,1,0,0,0,0,1,3,3,3,3,3,3,3,3,3,3,3,3,3,3,3,3,3,3,3,3,3,3,1,0,0,0,0,0,0,0,0,0,0,0,0,0,0,0,0,0,0,0,0,0,0,0,0,0,0,0,0,1,3,3,3,3,3,
3,3,3,3,3,3,3,3,3,3,3,3,3,1,0,0,0,0,0,0,0,0,0,0,0,0,0,0,0,0,0,0,0,0,0,0,0,0,0,0,0,0,1,3,3,3,3,3,3,3,3,3,3,3,3,3,3,3,3,3,3,3,3,3,3,1,1,1,1,1,1,1,1,1,1,1,1,1,1,1,1,1,1,1,1,1,1,1,1,1,1,1,1,1,1,3,3,3,3,3,
3,3,3,3,3,3,3,3,3,3,3,3,3,1,0,0,0,0,0,0,0,0,0,0,0,0,0,0,0,0,0,0,0,0,0,0,0,0,0,0,0,0,1,3,3,3,3,3,3,3,3,3,3,3,3,3,3,3,3,3,3,3,3,3,3,3,3,3,3,3,3,3,3,3,3,3,3,3,3,3,3,3,3,3,3,3,3,3,3,3,3,3,3,3,3,3,3,3,3,3,
3,3,3,3,3,3,3,3,3,3,3,3,3,1,0,0,0,0,0,0,0,0,0,0,0,0,0,0,0,0,0,0,0,0,0,0,0,0,0,0,0,0,1,3,3,3,3,3,3,3,3,3,3,3,3,3,3,3,3,3,3,3,3,3,3,3,3,3,3,3,3,3,3,3,3,3,3,3,3,3,3,3,3,3,3,3,3,3,3,3,3,3,3,3,3,3,3,3,3,3,
3,3,3,3,3,3,3,3,3,3,3,3,3,1,0,0,0,0,0,0,0,0,0,0,0,0,0,0,0,0,0,0,0,0,0,0,0,0,0,0,0,0,1,3,3,3,3,3,3,3,3,3,3,3,3,3,3,3,3,3,3,3,3,3,3,3,3,3,3,3,3,3,3,3,3,3,3,3,3,3,3,3,3,3,3,3,3,3,3,3,3,3,3,3,3,3,3,3,3,3,
3,3,3,3,3,3,3,3,3,3,3,3,3,1,1,1,1,1,1,1,1,1,1,1,1,1,1,1,1,1,1,1,1,1,1,1,1,1,1,1,1,1,1,3,3,3,3,3,3,3,3,3,3,3,3,3,3,3,3,3,3,3,3,3,3,3,3,3,3,3,3,3,3,3,3,3,3,3,3,3,3,3,3,3,3,3,3,3,3,3,3,3,3,3,3,3,3,3,3,3,
3,3,3,3,3,3,3,3,3,3,3,3,3,3,3,3,3,3,3,3,3,3,3,3,3,3,3,3,3,3,3,3,3,3,3,3,3,3,3,3,3,3,3,3,3,3,3,3,3,3,3,3,3,3,3,3,3,3,3,3,3,3,3,3,3,3,3,3,3,3,3,3,3,3,3,3,3,3,3,3,3,3,3,3,3,3,3,3,3,3,3,3,3,3,3,3,3,3,3,3,
3,3,3,3,3,3,3,3,3,3,3,3,3,3,3,3,3,3,3,3,3,3,3,3,3,3,3,3,3,3,3,3,3,3,3,3,3,3,3,3,3,3,3,3,3,3,3,3,3,3,3,3,3,3,3,3,3,3,3,3,3,3,3,3,3,3,3,3,3,3,3,3,3,3,3,3,3,3,3,3,3,3,3,3,3,3,3,3,3,3,3,3,3,3,3,3,3,3,3,3,
3,3,3,3,3,3,3,3,3,3,3,3,3,3,3,3,3,3,3,3,3,3,3,3,3,3,3,3,3,3,3,3,3,3,3,3,3,3,3,3,3,3,3,3,3,3,3,3,3,3,3,3,3,3,3,3,3,3,3,3,3,3,3,3,3,3,3,3,3,3,3,3,3,3,3,3,3,3,3,3,3,3,3,3,3,3,3,3,3,3,3,3,3,3,3,3,3,3,3,3,
3,3,3,3,3,3,3,3,3,3,3,3,3,3,3,3,3,3,3,3,3,3,3,3,3,3,3,3,3,3,3,3,3,3,3,3,3,3,3,3,3,3,3,3,3,3,3,3,3,3,3,3,3,3,3,3,3,3,3,3,3,3,3,3,3,3,3,3,3,3,3,3,3,3,3,3,3,3,3,3,3,3,3,3,3,3,3,3,3,3,3,3,3,3,3,3,3,3,3,3,
3,3,3,3,3,3,3,3,3,3,3,3,3,3,3,3,3,3,3,3,3,3,3,3,3,3,3,3,3,3,3,3,3,3,3,3,3,3,3,3,3,3,3,3,3,3,3,3,3,3,3,3,3,3,3,3,3,3,3,3,3,3,3,3,3,3,3,3,3,3,3,3,3,3,3,3,3,3,3,3,3,3,3,3,3,3,3,3,3,3,3,3,3,3,3,3,3,3,3,3,
3,3,3,3,3,3,3,3,3,3,3,3,3,3,3,3,3,3,3,3,3,3,3,3,3,3,3,3,3,3,3,3,3,3,3,3,3,3,3,3,3,3,3,3,3,3,3,3,3,3,3,3,3,3,3,3,3,3,3,3,3,3,3,3,3,3,3,3,3,3,3,3,3,3,3,3,3,3,3,3,3,3,3,3,3,3,3,3,3,3,3,3,3,3,3,3,3,3,3,3,
3,3,3,3,3,3,3,3,3,3,3,3,3,3,3,3,3,3,3,3,3,3,3,3,3,3,3,3,3,3,3,3,3,3,3,3,3,3,3,3,3,3,3,3,3,3,3,3,3,3,3,3,3,3,3,3,3,3,3,3,3,3,3,3,3,3,3,3,3,3,3,3,3,3,3,3,3,3,3,3,3,3,3,3,3,3,3,3,3,3,3,3,3,3,3,3,3,3,3,3,
3,3,3,3,3,3,3,3,3,3,3,3,3,3,3,3,3,3,3,3,3,3,3,3,3,3,3,3,3,3,3,3,3,3,3,3,3,3,3,3,3,3,3,3,3,3,3,3,3,3,3,3,3,3,3,3,3,3,3,3,3,3,3,3,3,3,3,3,3,3,3,3,3,3,3,3,3,3,3,3,3,3,3,3,3,3,3,3,3,3,3,3,3,3,3,3,3,3,3,3,
3,3,3,3,3,3,3,3,3,3,3,3,3,3,3,3,3,3,3,3,3,3,3,3,3,3,3,3,3,3,3,3,3,3,3,3,3,3,3,3,3,3,3,3,3,3,3,3,3,3,3,3,3,3,3,3,3,3,3,3,3,3,3,3,3,3,3,3,3,3,3,3,3,3,3,3,3,3,3,3,3,3,3,3,3,3,3,3,3,3,3,3,3,3,3,3,3,3,3,3,
3,3,3,3,3,3,3,3,3,3,3,3,3,3,3,3,3,3,3,3,3,3,3,3,3,3,3,3,3,3,3,3,3,3,3,3,3,3,3,3,3,3,3,3,3,3,3,3,3,3,3,3,3,3,3,3,3,3,3,3,3,3,3,3,3,3,3,3,3,3,3,3,3,3,3,3,3,3,3,3,3,3,3,3,3,3,3,3,3,3,3,3,3,3,3,3,3,3,3,3,
3,3,3,3,3,3,3,3,3,3,3,3,3,3,3,3,3,3,3,3,3,3,3,3,3,3,3,3,3,3,3,3,3,3,3,3,3,3,3,3,3,3,3,3,3,3,3,3,3,3,3,3,3,3,3,3,3,3,3,3,3,3,3,3,3,3,3,3,3,3,3,3,3,3,3,3,3,3,3,3,3,3,3,3,3,3,3,3,3,3,3,3,3,3,3,3,3,3,3,3,
3,3,3,3,3,3,3,3,3,3,3,3,3,3,3,3,3,3,3,3,3,3,3,3,3,3,3,3,3,3,3,3,3,3,3,3,3,3,3,3,3,3,3,3,3,3,3,3,3,3,3,3,3,3,3,3,3,3,3,3,3,3,3,3,3,3,3,3,3,3,3,3,3,3,3,3,3,3,3,3,3,3,3,3,3,3,3,3,3,3,3,3,3,3,3,3,3,3,3,3,
3,3,3,3,3,3,3,3,3,3,3,3,3,3,3,3,3,3,3,3,3,3,3,3,3,3,3,3,3,3,3,3,3,3,3,3,3,3,3,3,3,3,3,3,3,3,3,3,3,3,3,3,3,3,3,3,3,3,3,3,3,3,3,3,3,3,3,3,3,3,3,3,3,3,3,3,3,3,3,3,3,3,3,3,3,3,3,3,3,3,3,3,3,3,3,3,3,3,3,3

[event]
# Unlock waypoint
type=event
location=41,4,6,6
activate=on_trigger
mapmod=background,43,7,265
msg=Underworld Stronghold: Barracks waypoint discovered.
repeat=false
requires_not_status=emp_waypoint_11
set_status=emp_waypoint_11

[event]
# to Hyperspace
type=event
location=43,6,2,2
activate=on_trigger
hotspot=location
intermap=maps/hyperspace.txt,9,17
requires_status=emp_waypoint_11
soundfx=soundfx/environment/teleporter.ogg,0,0
tooltip=Hyperspace

[event]
# unlock waypoint (on_load)
type=event
location=49,0,1,1
activate=on_load
mapmod=background,43,7,265
requires_status=emp_waypoint_11

[event]
# Wind sound
type=event
location=0,0,1,1
activate=on_load
soundfx=soundfx/environment/cave_wind_loop.ogg

[event]
# set map status
type=event
location=0,2,1,1
activate=on_load
requires_not_status=emp_stronghold2_init
set_status=emp_stronghold2_init

[event]
# brazier sound effect
type=event
location=39,12,1,1
activate=on_load
soundfx=soundfx/environment/open_fire_loop.ogg

[event]
# brazier sound effect
type=event
location=82,14,1,1
activate=on_load
soundfx=soundfx/environment/open_fire_loop.ogg

[event]
# brazier sound effect
type=event
location=82,45,1,1
activate=on_load
soundfx=soundfx/environment/open_fire_loop.ogg

[event]
# brazier sound effect
type=event
location=69,62,1,1
activate=on_load
soundfx=soundfx/environment/open_fire_loop.ogg

[event]
# brazier sound effect
type=event
location=35,62,1,1
activate=on_load
soundfx=soundfx/environment/open_fire_loop.ogg

[event]
# brazier sound effect
type=event
location=17,61,1,1
activate=on_load
soundfx=soundfx/environment/open_fire_loop.ogg

[event]
# brazier sound effect
type=event
location=19,38,1,1
activate=on_load
soundfx=soundfx/environment/open_fire_loop.ogg

[event]
# Crate
type=event
location=89,22,1,1
activate=on_trigger
hotspot=location
loot=loot/level_15.txt
loot_count=1,2
mapmod=object,89,22,163
repeat=false
soundfx=soundfx/wood_open.ogg
tooltip=Crate

[event]
# Barrel
type=event
location=92,37,1,1
activate=on_trigger
hotspot=location
loot=loot/level_15.txt
loot_count=1,2
mapmod=object,92,37,162
repeat=false
soundfx=soundfx/wood_open.ogg
tooltip=Barrel

[event]
# Treasure Chest
type=event
location=14,76,1,1
activate=on_trigger
hotspot=location
loot=loot/level_16.txt
loot_count=3,4
mapmod=object,14,76,160
repeat=false
soundfx=soundfx/wood_open.ogg
tooltip=Treasure Chest

[event]
# Treasure Chest
type=event
location=14,73,1,1
activate=on_trigger
hotspot=location
loot=loot/level_16.txt
loot_count=3,4
mapmod=object,14,73,160
repeat=false
soundfx=soundfx/wood_open.ogg
tooltip=Treasure Chest

[event]
# floor spikes (east to west)
type=event
location=62,71,1,1
activate=static
delay=4s
power=255
power_damage=400
repeat=true

[event]
# floor spikes (east to west)
type=event
location=63,71,1,1
activate=static
cooldown=1s
delay=3s
power=255
power_damage=400
repeat=true

[event]
# floor spikes (east to west)
type=event
location=64,71,1,1
activate=static
cooldown=2s
delay=2s
power=255
power_damage=400
repeat=true

[event]
# floor spikes (east to west)
type=event
location=65,71,1,1
activate=static
cooldown=3s
delay=1s
power=255
power_damage=400
repeat=true

[event]
# floor spikes (east to west)
type=event
location=65,72,1,1
activate=static
cooldown=3s
delay=1s
power=255
power_damage=400
repeat=true

[event]
# floor spikes (east to west)
type=event
location=64,72,1,1
activate=static
cooldown=2s
delay=2s
power=255
power_damage=400
repeat=true

[event]
# floor spikes (east to west)
type=event
location=63,72,1,1
activate=static
cooldown=1s
delay=3s
power=255
power_damage=400
repeat=true

[event]
# floor spikes (east to west)
type=event
location=62,72,1,1
activate=static
delay=4s
power=255
power_damage=400
repeat=true

[event]
# floor spikes (east to west)
type=event
location=61,72,1,1
activate=static
cooldown=3s
delay=1s
power=255
power_damage=400
repeat=true

[event]
# floor spikes (east to west)
type=event
location=60,72,1,1
activate=static
cooldown=2s
delay=2s
power=255
power_damage=400
repeat=true

[event]
# floor spikes (east to west)
type=event
location=61,71,1,1
activate=static
cooldown=3s
delay=1s
power=255
power_damage=400
repeat=true

[event]
# floor spikes (east to west)
type=event
location=59,72,1,1
activate=static
cooldown=1s
delay=3s
power=255
power_damage=400
repeat=true

[event]
# floor spikes (east to west)
type=event
location=60,71,1,1
activate=static
cooldown=2s
delay=2s
power=255
power_damage=400
repeat=true

[event]
# floor spikes (east to west)
type=event
location=58,72,1,1
activate=static
delay=4s
power=255
power_damage=400
repeat=true

[event]
# floor spikes (east to west)
type=event
location=59,71,1,1
activate=static
cooldown=1s
delay=3s
power=255
power_damage=400
repeat=true

[event]
# floor spikes (east to west)
type=event
location=58,71,1,1
activate=static
delay=4s
power=255
power_damage=400
repeat=true

[event]
# floor spikes (east to west)
type=event
location=57,72,1,1
activate=static
cooldown=3s
delay=1s
power=255
power_damage=400
repeat=true

[event]
# floor spikes (east to west)
type=event
location=56,72,1,1
activate=static
cooldown=2s
delay=2s
power=255
power_damage=400
repeat=true

[event]
# floor spikes (east to west)
type=event
location=57,71,1,1
activate=static
cooldown=3s
delay=1s
power=255
power_damage=400
repeat=true

[event]
# floor spikes (east to west)
type=event
location=55,72,1,1
activate=static
cooldown=1s
delay=3s
power=255
power_damage=400
repeat=true

[event]
# floor spikes (east to west)
type=event
location=56,71,1,1
activate=static
cooldown=2s
delay=2s
power=255
power_damage=400
repeat=true

[event]
# floor spikes (east to west)
type=event
location=54,72,1,1
activate=static
delay=4s
power=255
power_damage=400
repeat=true

[event]
# floor spikes (east to west)
type=event
location=55,71,1,1
activate=static
cooldown=1s
delay=3s
power=255
power_damage=400
repeat=true

[event]
# floor spikes (east to west)
type=event
location=54,71,1,1
activate=static
delay=4s
power=255
power_damage=400
repeat=true

[event]
# floor spikes (east to west)
type=event
location=53,72,1,1
activate=static
cooldown=3s
delay=1s
power=255
power_damage=400
repeat=true

[event]
# floor spikes (east to west)
type=event
location=52,72,1,1
activate=static
cooldown=2s
delay=2s
power=255
power_damage=400
repeat=true

[event]
# floor spikes (east to west)
type=event
location=53,71,1,1
activate=static
cooldown=3s
delay=1s
power=255
power_damage=400
repeat=true

[event]
# floor spikes (east to west)
type=event
location=51,72,1,1
activate=static
cooldown=1s
delay=3s
power=255
power_damage=400
repeat=true

[event]
# floor spikes (east to west)
type=event
location=52,71,1,1
activate=static
cooldown=2s
delay=2s
power=255
power_damage=400
repeat=true

[event]
# floor spikes (east to west)
type=event
location=50,72,1,1
activate=static
delay=4s
power=255
power_damage=400
repeat=true

[event]
# floor spikes (east to west)
type=event
location=51,71,1,1
activate=static
cooldown=1s
delay=3s
power=255
power_damage=400
repeat=true

[event]
# floor spikes (east to west)
type=event
location=50,71,1,1
activate=static
delay=4s
power=255
power_damage=400
repeat=true

[event]
# floor spikes (east to west)
type=event
location=49,72,1,1
activate=static
cooldown=3s
delay=1s
power=255
power_damage=400
repeat=true

[event]
# floor spikes (east to west)
type=event
location=48,72,1,1
activate=static
cooldown=2s
delay=2s
power=255
power_damage=400
repeat=true

[event]
# floor spikes (east to west)
type=event
location=49,71,1,1
activate=static
cooldown=3s
delay=1s
power=255
power_damage=400
repeat=true

[event]
# floor spikes (east to west)
type=event
location=47,72,1,1
activate=static
cooldown=1s
delay=3s
power=255
power_damage=400
repeat=true

[event]
# floor spikes (east to west)
type=event
location=48,71,1,1
activate=static
cooldown=2s
delay=2s
power=255
power_damage=400
repeat=true

[event]
# floor spikes (east to west)
type=event
location=46,72,1,1
activate=static
delay=4s
power=255
power_damage=400
repeat=true

[event]
# floor spikes (east to west)
type=event
location=47,71,1,1
activate=static
cooldown=1s
delay=3s
power=255
power_damage=400
repeat=true

[event]
# floor spikes (east to west)
type=event
location=46,71,1,1
activate=static
delay=4s
power=255
power_damage=400
repeat=true

[event]
# floor spikes (east to west)
type=event
location=45,72,1,1
activate=static
cooldown=3s
delay=1s
power=255
power_damage=400
repeat=true

[event]
# floor spikes (east to west)
type=event
location=44,72,1,1
activate=static
cooldown=2s
delay=2s
power=255
power_damage=400
repeat=true

[event]
# floor spikes (east to west)
type=event
location=45,71,1,1
activate=static
cooldown=3s
delay=1s
power=255
power_damage=400
repeat=true

[event]
# floor spikes (east to west)
type=event
location=43,72,1,1
activate=static
cooldown=1s
delay=3s
power=255
power_damage=400
repeat=true

[event]
# floor spikes (east to west)
type=event
location=44,71,1,1
activate=static
cooldown=2s
delay=2s
power=255
power_damage=400
repeat=true

[event]
# floor spikes (east to west)
type=event
location=42,72,1,1
activate=static
delay=4s
power=255
power_damage=400
repeat=true

[event]
# floor spikes (east to west)
type=event
location=43,71,1,1
activate=static
cooldown=1s
delay=3s
power=255
power_damage=400
repeat=true

[event]
# floor spikes (east to west)
type=event
location=42,71,1,1
activate=static
delay=4s
power=255
power_damage=400
repeat=true

[event]
# spike sound
type=event
location=62,70,1,1
activate=static
delay=1s
repeat=true
soundfx=soundfx/powers/spikes.ogg

[event]
# spike sound
type=event
location=45,70,1,1
activate=static
delay=1s
repeat=true
soundfx=soundfx/powers/spikes.ogg

[event]
# spike sound
type=event
location=53,70,1,1
activate=static
delay=1s
repeat=true
soundfx=soundfx/powers/spikes.ogg

[event]
# floor spikes (south to north)
type=event
location=23,58,1,1
activate=static
delay=4s
power=255
power_damage=400
repeat=true

[event]
# floor spikes (south to north)
type=event
location=23,59,1,1
activate=static
cooldown=1s
delay=3s
power=255
power_damage=400
repeat=true

[event]
# floor spikes (south to north)
type=event
location=23,60,1,1
activate=static
cooldown=2s
delay=2s
power=255
power_damage=400
repeat=true

[event]
# floor spikes (south to north)
type=event
location=23,61,1,1
activate=static
cooldown=3s
delay=1s
power=255
power_damage=400
repeat=true

[event]
# floor spikes (south to north)
type=event
location=24,61,1,1
activate=static
cooldown=3s
delay=1s
power=255
power_damage=400
repeat=true

[event]
# floor spikes (south to north)
type=event
location=24,60,1,1
activate=static
cooldown=2s
delay=2s
power=255
power_damage=400
repeat=true

[event]
# floor spikes (south to north)
type=event
location=24,59,1,1
activate=static
cooldown=1s
delay=3s
power=255
power_damage=400
repeat=true

[event]
# floor spikes (south to north)
type=event
location=24,58,1,1
activate=static
delay=4s
power=255
power_damage=400
repeat=true

[event]
# floor spikes (south to north)
type=event
location=24,57,1,1
activate=static
cooldown=3s
delay=1s
power=255
power_damage=400
repeat=true

[event]
# floor spikes (south to north)
type=event
location=24,56,1,1
activate=static
cooldown=2s
delay=2s
power=255
power_damage=400
repeat=true

[event]
# floor spikes (south to north)
type=event
location=23,57,1,1
activate=static
cooldown=3s
delay=1s
power=255
power_damage=400
repeat=true

[event]
# floor spikes (south to north)
type=event
location=24,55,1,1
activate=static
cooldown=1s
delay=3s
power=255
power_damage=400
repeat=true

[event]
# floor spikes (south to north)
type=event
location=23,56,1,1
activate=static
cooldown=2s
delay=2s
power=255
power_damage=400
repeat=true

[event]
# floor spikes (south to north)
type=event
location=24,54,1,1
activate=static
delay=4s
power=255
power_damage=400
repeat=true

[event]
# floor spikes (south to north)
type=event
location=23,55,1,1
activate=static
cooldown=1s
delay=3s
power=255
power_damage=400
repeat=true

[event]
# floor spikes (south to north)
type=event
location=23,54,1,1
activate=static
delay=4s
power=255
power_damage=400
repeat=true

[event]
# floor spikes (south to north)
type=event
location=24,53,1,1
activate=static
cooldown=3s
delay=1s
power=255
power_damage=400
repeat=true

[event]
# floor spikes (south to north)
type=event
location=24,52,1,1
activate=static
cooldown=2s
delay=2s
power=255
power_damage=400
repeat=true

[event]
# floor spikes (south to north)
type=event
location=23,53,1,1
activate=static
cooldown=3s
delay=1s
power=255
power_damage=400
repeat=true

[event]
# floor spikes (south to north)
type=event
location=24,51,1,1
activate=static
cooldown=1s
delay=3s
power=255
power_damage=400
repeat=true

[event]
# floor spikes (south to north)
type=event
location=23,52,1,1
activate=static
cooldown=2s
delay=2s
power=255
power_damage=400
repeat=true

[event]
# floor spikes (south to north)
type=event
location=24,50,1,1
activate=static
delay=4s
power=255
power_damage=400
repeat=true

[event]
# floor spikes (south to north)
type=event
location=23,51,1,1
activate=static
cooldown=1s
delay=3s
power=255
power_damage=400
repeat=true

[event]
# floor spikes (south to north)
type=event
location=23,50,1,1
activate=static
delay=4s
power=255
power_damage=400
repeat=true

[event]
# floor spikes (south to north)
type=event
location=24,49,1,1
activate=static
cooldown=3s
delay=1s
power=255
power_damage=400
repeat=true

[event]
# floor spikes (south to north)
type=event
location=24,48,1,1
activate=static
cooldown=2s
delay=2s
power=255
power_damage=400
repeat=true

[event]
# floor spikes (south to north)
type=event
location=23,49,1,1
activate=static
cooldown=3s
delay=1s
power=255
power_damage=400
repeat=true

[event]
# floor spikes (south to north)
type=event
location=24,47,1,1
activate=static
cooldown=1s
delay=3s
power=255
power_damage=400
repeat=true

[event]
# floor spikes (south to north)
type=event
location=23,48,1,1
activate=static
cooldown=2s
delay=2s
power=255
power_damage=400
repeat=true

[event]
# floor spikes (south to north)
type=event
location=24,46,1,1
activate=static
delay=4s
power=255
power_damage=400
repeat=true

[event]
# floor spikes (south to north)
type=event
location=23,47,1,1
activate=static
cooldown=1s
delay=3s
power=255
power_damage=400
repeat=true

[event]
# floor spikes (south to north)
type=event
location=23,46,1,1
activate=static
delay=4s
power=255
power_damage=400
repeat=true

[event]
# floor spikes (south to north)
type=event
location=24,45,1,1
activate=static
cooldown=3s
delay=1s
power=255
power_damage=400
repeat=true

[event]
# floor spikes (south to north)
type=event
location=24,44,1,1
activate=static
cooldown=2s
delay=2s
power=255
power_damage=400
repeat=true

[event]
# floor spikes (south to north)
type=event
location=23,45,1,1
activate=static
cooldown=3s
delay=1s
power=255
power_damage=400
repeat=true

[event]
# floor spikes (south to north)
type=event
location=24,43,1,1
activate=static
cooldown=1s
delay=3s
power=255
power_damage=400
repeat=true

[event]
# floor spikes (south to north)
type=event
location=23,44,1,1
activate=static
cooldown=2s
delay=2s
power=255
power_damage=400
repeat=true

[event]
# floor spikes (south to north)
type=event
location=24,42,1,1
activate=static
delay=4s
power=255
power_damage=400
repeat=true

[event]
# floor spikes (south to north)
type=event
location=23,43,1,1
activate=static
cooldown=1s
delay=3s
power=255
power_damage=400
repeat=true

[event]
# floor spikes (south to north)
type=event
location=23,42,1,1
activate=static
delay=4s
power=255
power_damage=400
repeat=true

[event]
# floor spikes (south to north)
type=event
location=24,41,1,1
activate=static
cooldown=3s
delay=1s
power=255
power_damage=400
repeat=true

[event]
# floor spikes (south to north)
type=event
location=24,40,1,1
activate=static
cooldown=2s
delay=2s
power=255
power_damage=400
repeat=true

[event]
# floor spikes (south to north)
type=event
location=23,41,1,1
activate=static
cooldown=3s
delay=1s
power=255
power_damage=400
repeat=true

[event]
# floor spikes (south to north)
type=event
location=24,39,1,1
activate=static
cooldown=1s
delay=3s
power=255
power_damage=400
repeat=true

[event]
# floor spikes (south to north)
type=event
location=23,40,1,1
activate=static
cooldown=2s
delay=2s
power=255
power_damage=400
repeat=true

[event]
# floor spikes (south to north)
type=event
location=24,38,1,1
activate=static
delay=4s
power=255
power_damage=400
repeat=true

[event]
# floor spikes (south to north)
type=event
location=23,39,1,1
activate=static
cooldown=1s
delay=3s
power=255
power_damage=400
repeat=true

[event]
# floor spikes (south to north)
type=event
location=23,38,1,1
activate=static
delay=4s
power=255
power_damage=400
repeat=true

[event]
# spike sound
type=event
location=22,58,1,1
activate=static
delay=1s
repeat=true
soundfx=soundfx/powers/spikes.ogg

[event]
# spike sound
type=event
location=22,49,1,1
activate=static
delay=1s
repeat=true
soundfx=soundfx/powers/spikes.ogg

[event]
# spike sound
type=event
location=22,41,1,1
activate=static
delay=1s
repeat=true
soundfx=soundfx/powers/spikes.ogg

[event]
# enable bypass teleporters
type=event
location=16,36,1,1
activate=on_trigger
hotspot=location
mapmod=object,16,36,166;background,19,36,61;background,20,36,63;background,17,62,61;background,18,62,63;background,35,63,60;background,36,63,62;background,69,63,60;background,70,63,62
repeat=false
requires_not_status=emp_stronghold2_bypass
set_status=emp_stronghold2_bypass
soundfx=soundfx/door_open.ogg
tooltip=Switch

[event]
# enable bypass teleporters (on_load)
type=event
location=17,40,1,1
activate=on_load
mapmod=object,16,36,166;background,19,36,61;background,20,36,63;background,17,62,61;background,18,62,63;background,35,63,60;background,36,63,62;background,69,63,60;background,70,63,62
requires_status=emp_stronghold2_bypass

[event]
# bypass teleporter
type=event
location=19,36,2,1
intramap=17,64
requires_status=emp_stronghold2_bypass
soundfx=soundfx/environment/teleporter.ogg,0,0

[event]
# bypass teleporter
type=event
location=17,62,2,1
intramap=19,34
requires_status=emp_stronghold2_bypass
soundfx=soundfx/environment/teleporter.ogg,0,0

[event]
# bypass teleporter
type=event
location=35,63,2,1
intramap=69,65
requires_status=emp_stronghold2_bypass
soundfx=soundfx/environment/teleporter.ogg,0,0

[event]
# bypass teleporter
type=event
location=69,63,2,1
intramap=35,65
requires_status=emp_stronghold2_bypass
soundfx=soundfx/environment/teleporter.ogg,0,0

[event]
# Locked Door
type=event
location=15,67,2,2
activate=on_trigger
hotspot=location
msg=This door needs a key to be opened.
requires_not_item=1029
requires_not_status=emp_stronghold2_door
tooltip=Locked Door

[event]
# Unlock Door (on_load)
type=event
location=10,65,1,1
activate=on_load
mapmod=collision,15,67,0;collision,16,67,0;collision,15,68,0;collision,16,68,0;object,15,68,0;object,16,68,0;object,14,67,208;object,17,67,222
requires_status=emp_stronghold2_door

[event]
# Unlock Door
type=event
location=10,67,1,1
activate=on_trigger
hotspot=15,67,2,2
mapmod=collision,15,67,0;collision,16,67,0;collision,15,68,0;collision,16,68,0;object,15,68,0;object,16,68,0;object,14,67,208;object,17,67,222
remove_item=1029
requires_item=1029
requires_not_status=emp_stronghold2_door
set_status=emp_stronghold2_door
soundfx=soundfx/door_open.ogg
tooltip=Locked Door

[event]
# to Underworld Stronghold: Foyer
type=event
location=34,10,4,4
activate=on_trigger
hotspot=location
intermap=maps/underworld_stronghold_1.txt,22,7
soundfx=soundfx/environment/stairs.ogg,0,0
tooltip=Underworld Stronghold: Foyer

[event]
# to Halls of Infinity
type=event
location=53,50,2,1
activate=on_trigger
hotspot=location
intermap=maps/halls_of_infinity.txt,12,55
repeat=false
soundfx=soundfx/door_open.ogg,0,0
tooltip=Halls of Infinity

[event]
# to The Pit
type=event
location=12,20,4,3
activate=on_trigger
intermap=maps/the_pit.txt,71,71
set_status=emp_pit_fall

[event]
# sparkle effect for pit
type=event
location=17,24,1,1
activate=static
cooldown=1s
power=268
power_path=13,20
repeat=true

[enemy]
type=enemy
location=42,18,20,12
category=dungeon
level=15
number=5,6

[enemy]
type=enemy
location=58,10,24,8
category=dungeon
level=15
number=4,5

[enemy]
type=enemy
location=86,14,8,12
category=dungeon
level=15
number=3,4

[enemy]
type=enemy
location=86,34,8,12
category=dungeon
level=15
number=3,4

[enemy]
type=enemy
location=66,18,16,28
category=dungeon
level=15
number=6,7

[enemy]
type=enemy
location=78,54,16,28
category=dungeon
level=15
number=6,7

[enemy]
type=enemy
location=66,67,12,15
category=dungeon
level=15
number=4

[enemy]
type=enemy
location=30,65,12,12
category=dungeon
level=15
number=5

[enemy]
type=enemy
location=26,82,16,4
category=dungeon
level=15
number=3,4

[enemy]
type=enemy
location=14,74,12,12
category=dungeon
level=15
number=5

[enemy]
type=enemy
location=22,18,12,14
category=dungeon
level=15
number=5,6

[enemy]
type=enemy
location=6,10,16,8
category=dungeon
level=15
number=5,6

[enemy]
type=enemy
location=6,18,3,8
category=dungeon
level=15
number=3,4

[enemy]
type=enemy
location=17,71,1,1
category=rakk
number=1

