[header]
width=120
height=105
tilewidth=64
tileheight=32
orientation=isometric
background_color=0,0,0,255
hero_pos=70,99
music=music/cave_theme.ogg
parallax_layers=maps/parallax/fog.txt
tileset=tilesetdefs/tileset_cave.txt
title=Underworld Catacombs

[tilesets]
tileset=../../../tiled/cave/tiled_collision.png,64,32,0,0
tileset=../../../tiled/cave/tiled_cave.png,64,128,0,0
tileset=../../../tiled/cave/set_rules.png,64,32,0,0
tileset=../../../tiled/cave/tiled_cave_2x2.png,128,64,0,16

[layer]
type=background
data=
0,0,0,0,0,0,0,0,0,0,0,0,0,0,0,0,0,0,0,0,0,0,0,0,0,0,0,0,0,0,0,0,0,0,0,0,0,0,0,0,0,0,0,0,0,0,0,0,0,0,0,0,0,0,0,0,0,0,0,0,0,0,0,0,0,0,0,0,0,0,0,0,0,0,0,0,0,0,0,0,0,0,0,0,0,0,0,0,0,0,0,0,0,0,0,0,0,0,0,0,0,0,0,0,0,0,0,0,0,0,0,0,0,0,0,0,0,0,0,0,
0,0,0,0,0,0,0,0,0,0,0,0,0,0,0,0,0,0,0,0,0,0,0,0,0,0,0,0,0,0,0,0,0,0,0,0,0,0,0,0,0,0,0,0,0,0,0,0,0,0,0,0,0,0,0,0,0,0,0,0,0,0,0,0,0,0,0,0,0,0,0,0,0,0,0,0,0,0,0,0,0,0,0,0,0,0,0,0,0,0,0,0,0,0,0,0,0,0,0,0,0,0,0,0,0,0,0,0,0,0,0,0,0,0,0,0,0,0,0,0,
0,0,0,0,0,0,0,0,0,0,0,0,0,0,0,0,0,0,0,0,0,0,0,0,0,0,0,0,0,0,0,0,0,0,0,0,0,0,0,0,0,0,0,0,0,0,0,0,0,0,0,0,0,0,0,0,0,0,0,0,0,0,0,0,0,0,0,0,0,0,0,0,0,0,0,0,0,0,0,0,0,0,0,0,0,0,0,0,0,0,0,0,0,0,0,0,0,0,0,0,0,0,0,0,0,0,0,0,0,0,0,0,0,0,0,0,0,0,0,0,
0,0,0,0,0,0,0,0,0,0,0,0,0,0,0,0,0,0,0,18,19,16,17,18,19,57,0,0,0,0,0,18,19,16,17,18,19,57,0,0,0,0,0,18,19,16,17,18,57,0,0,0,0,0,0,18,19,16,17,18,57,57,0,0,0,0,0,18,19,16,17,18,19,57,0,0,0,0,0,18,19,16,17,18,19,57,0,0,0,0,0,18,19,16,17,18,19,57,0,0,0,0,0,0,0,0,0,0,0,0,0,0,0,0,0,0,0,0,0,0,
0,0,0,0,0,0,0,0,0,0,0,0,0,0,0,0,0,0,0,22,23,20,21,49,23,20,57,22,23,20,21,22,48,20,21,22,23,20,57,22,23,20,21,22,23,20,21,22,23,0,21,22,23,20,21,22,49,20,21,22,23,20,57,22,23,20,21,22,23,20,21,22,23,20,57,22,23,20,21,22,54,20,21,22,23,50,57,22,23,20,21,22,23,48,50,22,23,20,0,0,0,0,0,0,0,0,0,0,0,0,0,0,0,0,0,0,0,0,0,0,
0,0,0,0,0,0,0,0,0,0,0,0,0,0,0,0,0,0,0,26,27,24,25,26,27,24,25,26,27,24,25,26,27,24,25,26,27,24,25,26,27,24,49,26,27,24,25,26,27,0,25,201,206,24,25,54,27,24,25,26,27,24,25,26,27,24,25,26,27,24,25,26,27,24,25,26,27,24,25,26,27,24,25,26,27,24,25,26,27,24,25,26,27,24,25,26,27,24,0,0,0,0,0,0,0,0,0,0,0,0,0,0,0,0,0,0,0,0,0,0,
0,0,0,0,0,0,0,0,0,0,0,0,0,0,0,0,0,0,0,30,31,28,29,30,31,28,29,30,31,28,50,30,31,28,29,30,31,28,29,30,31,28,29,30,31,55,29,30,31,0,29,192,198,28,29,30,31,28,29,50,31,28,29,30,31,48,29,30,31,28,29,30,31,28,29,30,31,28,29,30,51,28,29,30,31,28,29,30,31,28,29,30,31,28,29,30,31,28,0,0,0,0,0,0,0,0,0,0,0,0,0,0,0,0,0,0,0,0,0,0,
0,0,0,0,0,0,0,0,0,0,0,0,0,0,0,0,0,0,0,18,19,16,17,18,19,16,17,18,19,16,17,18,19,16,17,18,19,16,17,18,19,16,17,18,19,16,50,18,19,0,17,192,210,202,50,18,51,16,17,18,19,16,17,18,19,16,17,18,19,16,17,18,19,16,17,18,19,16,17,18,19,16,17,18,19,16,17,18,19,16,17,18,49,16,17,18,19,16,0,0,0,0,0,0,0,0,0,0,0,0,0,0,0,0,0,0,0,0,0,0,
0,0,0,0,0,0,0,0,0,0,0,0,0,0,0,0,0,0,0,22,50,20,21,22,23,20,21,22,23,20,21,22,23,20,21,22,23,20,21,22,23,20,21,22,23,20,21,22,23,0,21,196,211,203,53,22,23,20,21,22,23,20,21,22,23,20,21,22,23,20,21,22,23,20,21,22,23,20,21,22,23,20,21,22,23,20,21,22,23,20,21,22,23,20,21,22,23,20,0,0,0,0,0,0,0,0,0,0,0,0,0,0,0,0,0,0,0,0,0,0,
0,0,0,0,0,0,0,0,0,0,0,0,0,0,0,0,0,0,0,56,27,24,25,26,27,24,25,0,56,24,25,0,56,24,25,0,56,48,25,26,27,24,25,26,27,0,56,26,27,0,56,200,207,0,56,26,27,24,25,26,27,24,25,0,56,24,25,0,56,24,25,0,56,24,25,26,27,24,25,26,27,0,56,26,27,0,56,26,27,0,56,26,27,24,25,26,27,24,0,0,0,0,0,0,0,0,0,0,0,0,0,0,0,0,0,0,0,0,0,0,
0,0,0,0,0,0,0,0,0,0,0,0,0,0,0,0,0,0,0,0,56,28,29,30,31,28,0,0,0,0,0,0,0,0,0,0,0,56,29,30,31,28,29,30,0,0,0,0,0,0,0,0,0,0,0,56,31,28,29,30,31,28,0,0,0,0,0,0,0,0,0,0,0,56,29,30,31,28,29,30,0,0,0,0,0,0,0,0,0,0,0,56,31,28,29,30,31,0,0,0,0,0,0,0,0,0,0,0,0,0,0,0,0,0,0,0,0,0,0,0,
0,0,0,0,0,0,0,0,0,0,0,0,0,0,0,0,0,0,0,0,19,16,17,18,19,0,0,0,0,0,0,0,0,0,0,0,0,0,56,18,19,16,17,0,0,0,0,0,0,0,0,0,0,0,0,0,56,16,17,18,19,0,0,0,0,0,0,0,0,0,0,0,0,0,56,18,19,16,17,0,0,0,0,0,0,0,0,0,0,0,0,0,56,48,17,18,19,0,0,0,0,0,0,0,0,0,0,0,0,0,0,0,0,0,0,0,0,0,0,0,
0,0,0,0,0,0,0,0,0,0,0,0,0,0,0,0,0,0,0,0,23,48,21,22,23,57,0,0,0,0,0,0,0,0,0,0,0,20,21,22,23,20,21,57,0,0,0,0,0,0,0,0,0,0,0,22,23,20,51,22,23,57,0,0,0,0,0,0,0,0,0,0,0,20,21,22,23,20,21,57,0,0,0,0,0,0,0,0,0,0,0,22,23,20,21,22,23,0,0,0,0,0,0,0,0,0,0,0,0,0,0,0,0,0,0,0,0,0,0,0,
0,0,0,0,0,0,0,0,0,0,0,0,0,0,0,0,0,0,0,0,27,24,25,26,27,24,0,0,0,0,0,0,0,0,0,0,0,24,54,26,27,24,25,26,0,0,0,0,0,0,0,0,0,0,0,26,27,24,25,26,27,24,0,0,0,0,0,0,0,0,0,0,0,24,25,26,27,24,25,26,0,0,0,0,0,0,0,0,0,0,0,26,27,24,25,26,27,0,0,0,0,0,0,0,0,0,0,0,0,0,0,0,0,0,0,0,0,0,0,0,
0,0,0,0,0,0,0,0,0,0,0,0,0,0,0,0,0,0,0,0,31,28,29,30,31,28,0,0,0,0,0,0,0,0,0,0,0,56,29,30,31,28,29,30,0,0,0,0,0,0,0,0,0,0,0,56,31,28,29,30,31,28,0,0,0,0,0,0,0,0,0,0,0,56,29,30,31,28,29,30,0,0,0,0,0,0,0,0,0,0,0,56,31,28,29,30,31,0,0,0,0,0,0,0,0,0,0,0,0,0,0,0,0,0,0,0,0,0,0,0,
0,16,17,57,0,0,17,18,57,0,0,18,19,57,0,0,0,0,0,18,19,16,17,18,19,0,0,0,0,0,0,0,0,0,0,0,0,0,56,18,19,16,17,0,0,0,0,0,0,0,0,0,0,0,0,0,0,0,0,0,0,0,0,0,0,0,0,0,0,0,0,0,0,0,56,18,19,16,17,0,0,0,0,0,0,0,0,0,0,0,0,0,56,16,48,18,19,57,0,0,0,0,0,18,19,57,0,0,19,16,57,0,0,16,17,57,0,0,0,0,
0,20,50,52,0,0,21,22,53,0,0,22,23,20,0,0,0,0,0,22,23,20,21,22,23,57,0,0,0,0,0,0,0,0,0,0,0,20,21,22,23,20,21,57,0,0,0,0,0,0,0,0,0,0,0,22,23,20,21,22,23,57,0,0,0,0,0,0,0,0,0,0,0,20,21,22,23,20,21,57,0,0,0,0,0,0,0,0,0,0,0,22,23,20,21,22,23,20,0,0,0,0,0,22,23,52,0,0,23,20,21,0,0,20,21,22,0,0,0,0,
0,24,25,26,57,24,25,26,27,57,25,26,27,24,0,0,0,0,0,26,27,24,25,26,27,24,0,0,0,0,0,0,0,0,0,0,0,24,49,26,27,24,25,26,0,0,0,0,0,0,0,0,0,0,0,26,27,51,48,26,27,24,0,0,0,0,0,0,0,0,0,0,0,24,25,26,27,24,25,26,0,0,0,0,0,0,0,0,0,0,0,26,55,24,25,26,27,24,0,0,0,0,0,26,51,24,57,26,27,53,25,57,27,24,25,26,0,0,0,0,
0,28,29,30,31,28,29,30,31,28,29,30,31,28,0,0,0,0,0,30,31,28,29,30,31,28,0,0,0,0,0,0,0,0,0,0,0,56,29,30,31,28,29,30,0,0,0,0,0,0,0,0,0,0,0,56,55,28,29,30,31,28,0,0,0,0,0,0,0,0,0,0,0,56,29,51,31,28,29,30,0,0,0,0,0,0,0,0,0,0,0,56,31,28,29,30,31,28,0,0,0,0,0,30,50,28,29,30,31,28,29,30,31,28,29,30,0,0,0,0,
0,56,55,18,19,16,17,18,19,16,17,18,19,16,0,0,0,0,0,18,19,16,17,18,19,0,0,0,0,0,0,0,0,0,0,0,0,0,56,18,19,16,17,0,0,0,0,0,0,0,0,0,0,0,0,0,56,16,17,18,19,0,0,0,0,0,0,0,0,0,0,0,0,0,56,18,19,16,17,0,0,0,0,0,0,0,0,0,0,0,0,0,56,16,17,18,19,16,0,0,0,0,0,18,19,16,17,18,19,16,17,18,19,16,17,18,0,0,0,0,
0,0,0,56,23,20,21,22,23,20,21,22,23,20,0,0,0,0,0,22,23,20,21,22,23,57,0,0,0,0,0,0,0,0,0,0,0,20,21,22,23,20,21,57,0,0,0,0,0,0,0,0,0,0,0,22,23,20,21,22,23,57,0,0,0,0,0,0,0,0,0,0,0,20,21,22,23,20,21,57,0,0,0,0,0,0,0,0,0,0,0,22,23,20,21,22,23,20,0,0,0,0,0,22,23,20,21,22,23,20,21,22,23,20,0,0,0,0,0,0,
0,0,0,26,27,24,25,26,27,24,25,26,27,24,57,26,27,24,25,26,27,24,25,26,27,24,57,0,16,16,57,0,27,24,57,0,27,24,25,26,48,24,25,26,57,0,25,26,57,0,25,26,57,0,25,26,27,24,25,26,27,24,57,0,27,24,57,0,27,24,57,0,27,24,49,26,27,24,25,26,57,0,25,26,57,0,25,26,57,0,25,26,27,24,25,26,27,24,57,26,27,24,25,26,27,24,25,26,27,24,25,26,27,24,0,0,0,0,0,0,
0,28,29,30,31,28,29,30,31,28,29,30,31,28,29,30,31,28,29,48,31,28,29,30,31,28,53,57,16,205,202,0,31,28,51,57,31,51,29,30,31,28,29,30,51,57,29,30,53,57,29,30,31,57,29,50,31,28,29,30,31,28,29,57,31,28,29,0,31,201,202,57,31,28,29,30,31,28,29,30,31,57,29,30,31,57,29,30,31,57,29,30,31,28,29,30,31,28,29,30,31,48,29,30,31,28,29,30,31,28,29,30,31,28,57,57,0,0,0,0,
0,16,17,18,19,16,17,18,19,16,17,18,19,16,17,18,19,16,17,18,19,16,17,18,19,16,17,51,201,209,198,0,19,16,53,18,19,16,17,18,19,16,17,18,19,16,17,18,19,16,17,18,19,49,17,18,19,16,17,18,19,16,17,18,19,16,17,0,19,192,210,206,50,16,17,18,19,16,17,48,19,16,17,18,19,16,17,18,19,16,17,18,19,16,17,18,19,16,17,18,19,16,17,18,19,16,17,18,19,16,17,18,19,16,17,18,0,0,0,0,
0,20,21,22,23,20,21,22,23,20,21,22,23,20,21,22,23,20,21,22,23,20,21,22,23,20,21,205,209,217,198,0,23,20,21,22,23,20,21,22,48,20,21,22,50,20,21,22,23,20,21,22,23,20,21,22,23,20,21,22,23,20,21,22,48,20,21,0,23,204,208,194,23,20,21,22,51,20,21,22,23,20,21,22,23,20,21,22,23,20,21,22,23,20,21,22,23,20,21,22,23,20,21,22,23,20,21,22,23,20,21,22,23,20,21,22,0,0,0,0,
0,24,25,26,27,24,25,26,27,24,25,26,27,24,25,26,27,24,25,26,27,24,25,26,27,24,25,192,218,219,194,0,27,24,52,26,27,24,25,26,27,24,25,26,27,24,25,26,27,24,25,26,27,24,25,26,27,24,25,26,27,24,25,26,27,24,25,0,27,24,200,207,27,24,25,26,27,24,25,26,27,24,25,26,27,24,25,26,27,24,25,26,27,24,25,26,27,24,25,26,27,24,25,26,27,24,25,26,27,24,25,26,27,24,25,26,0,0,0,0,
0,56,29,30,31,28,29,30,31,28,29,30,31,28,29,30,31,28,29,30,31,28,29,30,31,28,29,200,195,208,198,0,31,28,29,30,31,28,29,30,31,28,29,30,31,28,29,30,31,28,29,30,31,28,29,30,31,28,29,30,31,28,29,30,31,28,29,0,31,28,29,30,55,28,29,30,31,28,29,30,31,28,29,30,31,28,29,30,31,28,29,30,31,28,29,30,31,28,29,30,31,28,29,30,31,28,29,30,31,28,29,30,31,28,29,30,0,0,0,0,
0,0,0,56,19,16,17,18,19,16,17,18,19,16,17,18,19,16,17,18,19,16,17,18,19,16,17,0,56,200,203,0,56,16,17,0,56,50,17,18,19,16,17,18,19,0,56,18,19,0,56,18,19,0,56,18,19,16,17,18,19,16,17,0,56,16,17,0,56,16,17,0,56,51,17,18,19,16,17,18,19,0,56,18,19,0,56,18,19,0,56,18,19,16,17,18,19,16,17,18,19,16,17,18,19,16,17,18,19,16,17,18,19,16,0,0,0,0,0,0,
0,0,0,22,23,20,21,22,23,20,21,22,23,20,0,0,0,0,0,0,56,20,21,22,23,20,0,0,0,0,0,0,0,0,0,0,0,56,21,22,23,20,21,22,0,0,0,0,0,0,0,0,0,0,0,56,23,20,21,22,23,20,0,0,0,0,0,0,0,0,0,0,0,56,52,22,23,20,21,22,0,0,0,0,0,0,0,0,0,0,0,56,23,20,21,22,23,0,0,0,0,0,0,56,23,20,21,22,23,49,21,22,23,20,0,0,0,0,0,0,
0,24,25,26,27,24,25,26,27,24,25,26,27,24,0,0,0,0,0,0,27,24,25,26,27,0,0,0,0,0,0,0,0,0,0,0,0,0,56,26,27,49,25,0,0,0,0,0,0,0,0,0,0,0,0,0,56,24,25,48,27,0,0,0,0,0,0,0,0,0,0,0,0,0,56,26,27,24,25,0,0,0,0,0,0,0,0,0,0,0,0,0,56,24,25,26,27,0,0,0,0,0,0,26,55,24,25,26,27,24,25,26,27,24,57,57,0,0,0,0,
0,28,29,30,53,28,29,30,31,28,29,30,31,28,0,0,0,0,0,0,31,28,50,30,31,57,0,0,0,0,0,0,0,0,0,0,0,28,29,30,54,28,29,57,0,0,0,0,0,0,0,0,0,0,0,30,31,28,29,30,31,57,0,0,0,0,0,0,0,0,0,0,0,28,29,30,31,28,29,57,0,0,0,0,0,0,0,0,0,0,0,30,31,28,29,30,31,0,0,0,0,0,0,30,31,28,29,30,31,28,29,30,31,28,29,30,0,0,0,0,
0,16,17,18,19,16,17,18,19,16,17,18,19,16,0,0,0,0,0,0,19,16,17,18,19,16,0,0,0,0,0,0,0,0,0,0,0,16,17,18,19,16,17,18,0,0,0,0,0,0,0,0,0,0,0,18,19,16,17,18,19,16,0,0,0,0,0,0,0,0,0,0,0,16,17,18,19,16,17,18,0,0,0,0,0,0,0,0,0,0,0,18,19,16,17,18,19,0,0,0,0,0,0,18,19,16,17,18,19,16,17,18,19,16,17,18,0,0,0,0,
0,20,21,22,0,0,56,22,23,0,0,56,23,20,0,0,0,0,0,0,56,20,21,22,23,20,0,0,0,0,0,0,0,0,0,0,0,56,21,22,23,20,21,22,0,0,0,0,0,0,0,0,0,0,0,56,23,20,21,22,23,20,0,0,0,0,0,0,0,0,0,0,0,56,21,22,23,20,21,22,0,0,0,0,0,0,0,0,0,0,0,56,23,20,21,22,23,0,0,0,0,0,0,22,23,20,0,0,56,20,21,0,0,56,21,22,0,0,0,0,
0,56,25,26,0,0,25,26,27,0,0,56,27,24,0,0,0,0,0,0,0,0,0,0,0,0,0,0,0,0,0,0,0,0,0,0,0,0,0,0,0,0,0,0,0,0,0,0,0,0,0,0,0,0,0,0,56,24,25,26,27,0,0,0,0,0,0,0,0,0,0,0,0,0,0,0,0,0,0,0,0,0,0,0,0,0,0,0,0,0,0,0,0,0,0,0,0,0,0,0,0,0,0,56,27,24,0,0,27,24,25,0,0,56,25,26,0,0,0,0,
0,0,0,0,0,0,29,30,31,0,0,0,0,0,0,0,0,0,0,30,31,28,29,30,31,57,0,0,0,0,0,0,0,0,0,0,0,28,29,30,31,28,29,57,0,0,0,0,0,0,0,0,0,0,0,30,31,28,29,30,31,57,0,0,0,0,0,0,0,0,0,0,0,28,29,30,31,28,29,57,0,0,0,0,0,0,0,0,0,0,0,30,31,28,29,30,31,57,0,0,0,0,0,0,0,0,0,0,31,28,29,0,0,0,0,0,0,0,0,0,
0,0,0,0,0,0,17,18,19,0,0,0,0,0,0,0,0,0,0,18,19,51,17,18,19,16,0,0,0,0,0,0,0,0,0,0,0,16,17,49,19,16,17,18,0,0,0,0,0,0,0,0,0,0,0,18,50,16,17,18,19,16,0,0,0,0,0,0,0,0,0,0,0,16,17,18,19,16,17,18,0,0,0,0,0,0,0,0,0,0,0,18,19,50,49,18,19,16,0,0,0,0,0,0,0,0,0,0,19,16,17,0,0,0,0,0,0,0,0,0,
0,0,0,0,0,0,21,22,23,0,0,0,0,0,0,0,0,0,0,22,23,20,21,22,23,20,0,0,0,0,0,0,0,0,0,0,0,56,21,22,23,20,21,22,0,0,0,0,0,0,0,0,0,0,0,56,23,20,21,22,23,20,0,0,0,0,0,0,0,0,0,0,0,56,21,22,54,20,21,22,0,0,0,0,0,0,0,0,0,0,0,56,23,55,21,22,23,20,0,0,0,0,0,0,0,0,0,0,23,20,21,0,0,0,0,0,0,0,0,0,
0,0,0,0,0,0,25,26,27,0,0,0,0,0,0,0,0,0,0,26,50,24,25,26,27,0,0,0,0,0,0,0,0,0,0,0,0,0,56,48,27,24,25,0,0,0,0,0,0,0,0,0,0,0,0,0,56,24,25,26,27,0,0,0,0,0,0,0,0,0,0,0,0,0,56,50,27,24,25,0,0,0,0,0,0,0,0,0,0,0,0,0,56,24,25,26,27,24,0,0,0,0,0,0,0,0,0,0,27,24,25,0,0,0,0,0,0,0,0,0,
0,0,0,0,0,0,29,30,31,0,0,0,0,0,0,0,0,0,0,30,31,28,29,30,31,57,0,0,0,0,0,0,0,0,0,0,0,28,29,30,31,28,29,57,0,0,0,0,0,0,0,0,0,0,0,30,31,28,29,30,31,57,0,0,0,0,0,0,0,0,0,0,0,28,29,53,31,28,29,57,0,0,0,0,0,0,0,0,0,0,0,30,31,28,29,30,31,28,0,0,0,0,0,0,0,0,0,0,31,28,29,0,0,0,0,0,0,0,0,0,
0,16,17,18,19,16,17,18,19,57,17,18,19,57,0,0,0,0,0,56,19,16,17,18,19,16,57,0,19,16,57,0,19,16,57,0,19,16,17,18,19,16,17,18,57,0,17,18,57,0,17,18,57,0,17,18,52,16,17,18,19,16,57,0,19,16,57,0,19,16,57,0,19,16,17,18,19,16,17,48,57,0,17,18,57,0,17,18,57,0,17,18,19,16,17,18,19,16,0,0,0,0,0,18,19,16,17,18,19,16,17,57,19,16,17,57,0,0,0,0,
0,20,201,193,206,20,21,22,23,20,21,22,23,20,0,0,0,0,0,0,56,20,21,22,23,20,21,57,23,20,21,57,23,20,21,57,23,20,21,22,23,20,21,50,23,57,21,22,23,0,21,22,49,57,21,22,23,20,21,22,23,49,21,57,23,20,21,57,23,20,21,57,23,20,21,48,23,20,21,22,23,57,21,22,23,57,21,22,51,57,21,22,23,20,21,22,23,0,0,0,0,0,0,22,23,49,49,22,23,20,21,22,23,20,21,22,0,0,0,0,
0,24,196,211,203,24,25,26,27,24,51,26,27,24,0,0,0,0,0,0,27,24,25,26,27,24,25,26,27,24,25,26,27,24,25,26,27,24,25,49,27,24,25,26,27,24,25,26,27,0,25,53,27,24,25,26,27,24,25,26,27,24,25,26,27,24,25,26,27,24,25,26,27,24,25,26,27,24,25,26,27,24,25,26,27,24,25,26,27,24,25,26,27,24,48,26,27,0,0,0,0,0,0,26,27,51,25,26,27,24,25,26,27,48,25,26,0,0,0,0,
0,28,196,198,31,28,29,30,31,28,29,53,31,28,0,0,0,0,0,0,31,28,29,30,31,28,29,30,31,28,29,30,31,28,29,30,31,28,29,30,31,28,29,30,31,28,50,30,31,0,29,30,31,28,29,30,31,28,29,0,51,28,29,30,31,28,29,30,31,28,29,30,31,28,29,30,31,28,29,30,31,28,29,30,31,28,29,30,31,28,29,30,31,28,29,30,31,0,0,0,0,0,0,30,50,54,29,30,31,28,29,30,31,52,29,30,0,0,0,0,
0,16,204,207,19,50,17,18,19,16,17,18,19,16,0,0,0,0,0,0,19,16,17,18,19,16,17,18,19,16,17,18,19,16,17,18,19,16,17,18,19,16,17,18,19,16,17,18,19,0,17,18,19,16,17,18,51,16,264,0,19,16,17,18,19,16,17,18,19,16,17,18,19,16,17,18,19,16,17,18,19,16,17,18,19,16,17,18,19,16,17,18,19,16,17,18,19,0,0,0,0,0,0,18,19,16,17,18,19,16,17,18,19,53,17,18,0,0,0,0,
0,20,21,22,51,20,21,22,23,20,21,22,23,20,0,0,0,0,0,0,23,20,21,22,23,20,21,22,23,20,21,22,23,20,21,22,23,20,21,22,23,20,21,22,23,20,21,22,23,0,21,22,23,20,21,22,23,20,21,22,23,20,21,22,23,20,21,22,23,20,21,22,23,20,21,22,23,20,21,22,23,20,21,22,23,20,21,22,23,20,21,22,23,20,21,22,23,0,0,0,0,0,0,22,23,20,21,22,23,20,21,22,23,20,21,22,0,0,0,0,
0,56,25,26,27,24,25,26,27,24,25,26,27,24,0,0,0,0,0,26,27,24,25,26,27,24,25,0,56,24,25,0,56,24,25,0,56,24,25,51,27,24,25,26,27,0,56,26,27,0,56,26,27,0,56,26,27,24,25,26,27,24,25,0,56,24,25,0,56,24,25,0,56,24,25,26,27,24,25,26,27,0,56,26,27,0,56,26,27,0,56,26,27,24,25,26,27,57,0,0,0,0,0,56,27,24,25,26,27,24,25,26,27,24,25,26,0,0,0,0,
0,0,0,0,0,0,56,30,31,0,0,0,0,0,0,0,0,0,0,30,31,28,29,30,31,28,0,0,0,0,0,0,0,0,0,0,0,56,29,30,31,28,29,30,0,0,0,0,0,0,0,0,0,0,0,56,31,28,55,30,31,28,0,0,0,0,0,0,0,0,0,0,0,56,29,30,31,28,29,30,0,0,0,0,0,0,0,0,0,0,0,56,31,28,29,30,31,28,0,0,0,0,0,0,0,0,0,0,56,28,29,0,0,0,0,0,0,0,0,0,
0,0,0,0,0,0,17,18,19,0,0,0,0,0,0,0,0,0,0,18,19,16,17,18,19,0,0,0,0,0,0,0,0,0,0,0,0,0,56,18,19,16,17,0,0,0,0,0,0,0,0,0,0,0,0,0,56,16,17,18,19,0,0,0,0,0,0,0,0,0,0,0,0,0,56,18,19,16,17,0,0,0,0,0,0,0,0,0,0,0,0,0,56,16,17,18,19,16,0,0,0,0,0,0,0,0,0,0,19,16,17,0,0,0,0,0,0,0,0,0,
0,0,0,0,0,0,21,22,23,0,0,0,0,0,0,0,0,0,0,22,23,20,21,22,23,57,0,0,0,0,0,0,0,0,0,0,0,20,21,22,23,20,21,57,0,0,0,0,0,0,0,0,0,0,0,22,23,20,21,22,23,57,0,0,0,0,0,0,0,0,0,0,0,20,21,55,23,20,21,57,0,0,0,0,0,0,0,0,0,0,0,22,23,50,21,22,23,20,0,0,0,0,0,0,0,0,0,0,23,20,21,0,0,0,0,0,0,0,0,0,
0,0,0,0,0,0,25,26,27,0,0,0,0,0,0,0,0,0,0,26,27,24,25,26,27,24,0,0,0,0,0,0,0,0,0,0,0,24,25,26,27,24,25,26,0,0,0,0,0,0,0,0,0,0,0,26,27,24,25,26,27,24,0,0,0,0,0,0,0,0,0,0,0,24,25,26,27,24,25,26,0,0,0,0,0,0,0,0,0,0,0,26,27,24,25,26,27,24,0,0,0,0,0,0,0,0,0,0,27,24,25,0,0,0,0,0,0,0,0,0,
0,0,0,0,0,0,29,30,31,0,0,0,0,0,0,0,0,0,0,30,31,28,29,30,31,28,0,0,0,0,0,0,0,0,0,0,0,56,29,30,31,28,29,30,0,0,0,0,0,0,0,0,0,0,0,56,31,28,29,30,31,28,0,0,0,0,0,0,0,0,0,0,0,56,29,30,31,28,29,30,0,0,0,0,0,0,0,0,0,0,0,56,31,28,29,30,31,28,0,0,0,0,0,0,0,0,0,0,31,28,29,0,0,0,0,0,0,0,0,0,
0,16,17,57,0,0,17,18,19,0,0,18,19,57,0,0,0,0,0,56,19,16,17,18,19,0,0,0,0,0,0,0,0,0,0,0,0,0,0,0,0,0,0,0,0,0,0,0,0,0,0,0,0,0,0,0,0,0,0,0,0,0,0,0,0,0,0,0,0,0,0,0,0,0,0,0,0,0,0,0,0,0,0,0,0,0,0,0,0,0,0,0,56,16,17,18,19,16,0,0,0,0,0,18,19,57,0,0,19,16,17,0,0,16,17,57,0,0,0,0,
0,20,21,22,0,0,21,22,23,0,0,22,23,20,0,0,0,0,0,0,56,20,21,22,23,57,0,0,0,0,0,0,0,0,0,0,0,20,21,22,23,20,21,57,0,0,0,0,0,0,0,0,0,0,0,16,16,16,16,16,16,57,0,0,0,0,0,0,0,0,0,0,0,20,21,22,23,20,21,57,0,0,0,0,0,0,0,0,0,0,0,22,23,20,21,22,23,0,0,0,0,0,0,22,201,202,0,0,23,20,21,0,0,20,21,22,0,0,0,0,
0,24,53,26,57,24,25,26,27,57,25,26,27,24,0,0,0,0,0,0,27,24,25,26,27,24,0,0,0,0,0,0,0,0,0,0,0,24,52,26,27,24,25,26,0,0,0,0,0,0,0,0,0,0,0,16,205,197,197,197,197,202,0,0,0,0,0,0,0,0,0,0,0,24,25,26,27,24,25,26,0,0,0,0,0,0,0,0,0,0,0,26,27,24,25,26,27,0,0,0,0,0,0,26,196,198,57,26,27,24,25,57,27,24,25,26,0,0,0,0,
0,28,29,30,31,28,29,30,31,28,29,30,31,28,0,0,0,0,0,0,31,28,29,30,31,28,0,0,0,0,0,0,0,0,0,0,0,56,29,30,31,28,29,30,0,0,0,0,0,0,0,0,0,0,0,56,200,208,216,211,199,207,0,0,0,0,0,0,0,0,0,0,0,56,55,30,31,54,29,30,0,0,0,0,0,0,0,0,0,0,0,56,48,28,29,30,31,0,0,0,0,0,0,30,196,210,193,206,31,28,29,30,31,28,29,30,0,0,0,0,
0,56,17,18,19,16,17,18,19,16,17,18,19,16,0,0,0,0,0,0,19,16,17,18,19,0,0,0,0,0,0,0,0,0,0,0,0,0,56,50,19,16,17,0,0,0,0,0,0,0,0,0,0,0,0,0,56,196,211,207,19,0,0,0,0,0,0,0,0,0,0,0,0,0,56,18,49,16,17,0,0,0,0,0,0,0,0,0,0,0,0,0,56,16,17,18,19,0,0,0,0,0,0,18,204,208,211,203,19,16,17,18,19,16,17,18,0,0,0,0,
0,0,0,56,23,20,21,22,23,20,21,22,23,20,0,0,0,0,0,0,23,20,21,22,23,57,0,0,0,0,0,0,0,0,0,0,0,20,21,22,23,20,21,57,0,0,0,0,0,0,0,0,0,0,0,22,23,200,203,54,23,57,0,0,0,0,0,0,0,0,0,0,0,20,21,22,23,20,48,57,0,0,0,0,0,0,0,0,0,0,0,22,23,20,21,22,23,0,0,0,0,0,0,22,23,204,203,22,23,20,21,22,23,20,0,0,0,0,0,0,
0,0,0,26,27,24,49,26,27,24,25,26,27,24,57,26,27,24,25,26,27,24,25,26,27,24,57,0,27,24,57,0,27,24,57,0,27,24,25,26,27,24,25,26,57,0,25,26,57,0,25,26,57,0,25,26,27,24,50,51,27,24,57,0,27,24,57,0,27,24,57,0,27,24,25,26,27,24,25,26,57,0,25,26,57,0,25,26,57,0,25,26,27,24,25,26,27,57,25,26,27,24,25,26,54,24,25,26,27,49,25,26,27,24,0,0,0,0,0,0,
0,28,29,30,31,28,29,30,31,28,29,30,31,28,29,30,49,48,29,30,31,28,29,30,31,28,29,57,31,28,29,0,31,55,29,57,31,51,29,30,31,28,29,49,31,57,29,30,31,57,29,30,31,57,29,30,31,28,29,30,31,28,29,57,31,28,29,57,31,28,51,57,31,28,29,30,31,28,29,30,31,57,29,30,31,0,29,30,31,57,29,30,31,28,29,30,31,28,29,30,48,49,29,30,31,28,29,30,31,51,29,30,31,28,57,57,0,0,0,0,
0,16,17,18,19,16,17,18,19,16,17,18,19,16,17,18,19,16,17,18,19,16,17,18,19,16,17,18,19,16,17,0,19,54,17,18,19,16,17,18,19,16,17,18,19,16,17,18,19,16,17,18,19,16,17,18,19,16,17,18,19,16,17,18,19,16,17,18,19,16,17,18,19,16,17,18,19,16,17,18,19,16,17,18,19,0,17,48,19,16,17,18,19,16,17,18,19,16,17,18,19,16,17,18,19,16,17,18,19,16,17,18,19,16,17,18,0,0,0,0,
0,20,49,22,23,20,21,22,23,20,21,22,23,20,21,22,23,20,21,22,23,20,21,22,23,20,21,22,23,20,21,0,23,20,21,22,23,20,48,22,23,20,21,22,23,20,21,22,23,20,21,22,23,50,21,22,23,20,21,22,23,20,21,22,23,20,21,22,23,20,21,22,23,20,21,22,23,20,21,22,23,20,21,22,23,0,21,22,53,20,21,22,23,20,21,22,23,20,21,22,23,20,21,22,23,20,21,22,23,20,21,22,23,53,21,22,0,0,0,0,
0,24,54,26,27,24,25,26,27,24,25,26,27,24,25,26,27,24,25,26,27,24,25,26,27,24,25,26,27,24,25,0,27,24,25,26,27,24,25,26,27,24,25,26,27,24,25,26,27,24,25,26,27,24,25,26,27,24,25,26,27,24,25,26,27,24,25,26,27,24,25,26,27,24,25,26,27,24,25,26,27,24,53,26,27,0,25,26,27,24,25,26,27,24,25,26,27,24,25,26,27,24,25,26,27,24,25,26,27,24,25,26,27,24,25,26,0,0,0,0,
0,56,29,30,31,28,29,30,31,28,29,30,31,28,29,30,31,28,29,30,31,28,29,30,31,28,29,30,31,28,29,0,31,28,29,30,31,28,29,30,31,28,29,30,31,28,29,30,31,28,29,30,31,28,29,30,31,28,29,30,31,28,29,30,31,28,29,30,31,28,29,30,31,28,29,30,31,28,29,30,31,28,29,30,31,0,29,30,31,28,29,30,31,28,29,30,31,28,29,30,31,28,29,30,31,28,29,30,31,28,29,30,31,28,29,30,0,0,0,0,
0,0,0,56,19,16,17,50,19,16,17,18,19,16,17,18,19,16,17,18,19,16,17,18,19,16,17,0,56,16,17,0,56,16,17,0,56,16,17,18,19,16,17,18,19,0,56,18,19,0,56,18,19,0,56,18,19,16,17,18,19,16,17,0,56,16,17,0,56,16,17,0,56,16,17,18,19,16,17,18,19,0,56,18,19,0,56,18,19,0,56,18,19,16,17,18,19,16,17,18,19,16,17,18,19,16,17,18,19,16,50,18,19,16,0,0,0,0,0,0,
0,0,0,22,23,20,21,22,49,20,21,22,23,20,0,0,0,0,0,56,23,20,21,22,23,20,0,0,0,0,0,0,0,0,0,0,0,56,21,22,23,20,21,22,0,0,0,0,0,0,0,0,0,0,0,56,23,20,21,22,23,20,0,0,0,0,0,0,0,0,0,0,0,56,21,22,23,20,21,22,0,0,0,0,0,0,0,0,0,0,0,56,23,20,21,22,23,20,0,0,0,0,0,56,23,20,21,22,23,20,21,22,23,20,0,0,0,0,0,0,
0,24,25,26,27,24,25,26,27,24,25,26,27,24,0,0,0,0,0,26,27,24,25,26,27,0,0,0,0,0,0,0,0,0,0,0,0,0,56,26,27,24,25,0,0,0,0,0,0,0,0,0,0,0,0,0,56,24,25,26,27,0,0,0,0,0,0,0,0,0,0,0,0,0,56,26,27,24,25,0,0,0,0,0,0,0,0,0,0,0,0,0,56,24,25,26,27,24,0,0,0,0,0,26,27,24,25,26,27,24,25,26,27,24,57,57,0,0,0,0,
0,28,29,30,31,28,29,30,31,28,29,30,31,28,0,0,0,0,0,30,31,28,29,30,31,57,0,0,0,0,0,0,0,0,0,0,0,28,29,30,31,28,29,57,0,0,0,0,0,0,0,0,0,0,0,30,31,28,29,30,31,57,0,0,0,0,0,0,0,0,0,0,0,28,29,30,31,28,29,57,0,0,0,0,0,0,0,0,0,0,0,30,31,28,29,30,31,28,0,0,0,0,0,30,31,28,29,30,31,28,29,30,31,28,29,30,0,0,0,0,
0,16,17,18,19,16,17,18,19,16,17,18,19,16,0,0,0,0,0,18,19,16,17,18,19,16,0,0,0,0,0,0,0,0,0,0,0,16,17,18,19,16,17,18,0,0,0,0,0,0,0,0,0,0,0,18,19,16,17,18,19,16,0,0,0,0,0,0,0,0,0,0,0,16,17,18,19,16,17,18,0,0,0,0,0,0,0,0,0,0,0,18,19,16,17,18,19,16,0,0,0,0,0,18,19,16,17,18,19,16,17,18,19,16,17,18,0,0,0,0,
0,20,21,22,0,0,56,22,23,0,0,56,23,20,0,0,0,0,0,22,23,20,21,22,23,20,0,0,0,0,0,0,0,0,0,0,0,56,21,22,23,20,21,22,0,0,0,0,0,0,0,0,0,0,0,56,51,20,21,22,23,20,0,0,0,0,0,0,0,0,0,0,0,56,21,22,23,20,21,22,0,0,0,0,0,0,0,0,0,0,0,56,23,20,21,22,23,20,0,0,0,0,0,22,23,20,0,0,56,20,21,0,0,56,21,22,0,0,0,0,
0,56,25,26,0,0,56,26,27,0,0,56,27,24,0,0,0,0,0,56,27,24,25,26,27,0,0,0,0,0,0,0,0,0,0,0,0,0,56,26,27,24,25,0,0,0,0,0,0,0,0,0,0,0,0,0,56,24,25,26,27,0,0,0,0,0,0,0,0,0,0,0,0,0,0,0,0,0,0,0,0,0,0,0,0,0,0,0,0,0,0,0,56,24,25,26,27,24,0,0,0,0,0,56,27,24,0,0,56,24,25,0,0,56,25,26,0,0,0,0,
0,0,0,0,0,0,0,0,0,0,0,0,0,0,0,0,0,0,0,0,56,28,29,30,31,57,0,0,0,0,0,0,0,0,0,0,0,28,29,30,31,28,29,57,0,0,0,0,0,0,0,0,0,0,0,30,31,28,50,30,31,57,0,0,0,0,0,0,0,0,0,0,0,28,29,30,31,28,29,57,0,0,0,0,0,0,0,0,0,0,0,30,31,28,29,30,31,0,0,0,0,0,0,0,0,0,0,0,0,0,0,0,0,0,0,0,0,0,0,0,
0,0,0,0,0,0,0,0,0,0,0,0,0,0,0,0,0,0,0,0,19,16,17,18,19,16,0,0,0,0,0,0,0,0,0,0,0,16,17,18,19,16,17,18,0,0,0,0,0,0,0,0,0,0,0,18,53,16,17,18,19,16,0,0,0,0,0,0,0,0,0,0,0,16,17,18,19,16,17,18,0,0,0,0,0,0,0,0,0,0,0,18,49,16,17,18,19,0,0,0,0,0,0,0,0,0,0,0,0,0,0,0,0,0,0,0,0,0,0,0,
0,0,0,0,0,0,0,0,0,0,0,0,0,0,0,0,0,0,0,0,23,20,21,22,23,20,0,0,0,0,0,0,0,0,0,0,0,56,21,22,23,20,21,22,0,0,0,0,0,0,0,0,0,0,0,56,23,20,21,22,23,20,0,0,0,0,0,0,0,0,0,0,0,56,21,22,55,49,21,22,0,0,0,0,0,0,0,0,0,0,0,56,23,20,21,22,23,0,0,0,0,0,0,0,0,0,0,0,0,0,0,0,0,0,0,0,0,0,0,0,
0,0,0,0,0,0,0,0,0,0,0,0,0,0,0,0,0,0,0,0,27,24,25,26,27,0,0,0,0,0,0,0,0,0,0,0,0,0,56,26,27,24,25,0,0,0,0,0,0,0,0,0,0,0,0,0,56,24,25,26,27,0,0,0,0,0,0,0,0,0,0,0,0,0,56,26,27,24,25,0,0,0,0,0,0,0,0,0,0,0,0,0,56,24,25,26,27,0,0,0,0,0,0,0,0,0,0,0,0,0,0,0,0,0,0,0,0,0,0,0,
0,0,0,0,0,0,0,0,0,0,0,0,0,0,0,0,0,0,0,0,31,28,29,30,31,57,0,0,0,0,0,0,0,0,0,0,0,28,29,30,31,28,29,57,0,0,0,0,0,0,0,0,0,0,0,30,31,28,29,30,31,57,0,0,0,0,0,0,0,0,0,0,0,28,29,49,31,28,29,57,0,0,0,0,0,0,0,0,0,0,0,30,31,28,29,30,31,0,0,0,0,0,0,0,0,0,0,0,0,0,0,0,0,0,0,0,0,0,0,0,
0,0,0,0,0,0,0,0,0,0,0,0,0,0,0,0,0,0,0,18,19,16,17,18,19,16,57,0,19,16,57,0,19,16,57,0,19,16,17,18,19,16,17,18,57,0,17,18,57,0,17,18,57,0,17,18,19,16,17,18,19,16,57,0,19,16,57,0,19,16,57,0,19,16,17,18,19,16,17,18,57,0,17,18,57,0,17,18,57,0,17,18,48,16,17,18,19,57,0,0,0,0,0,0,0,0,0,0,0,0,0,0,0,0,0,0,0,0,0,0,
0,0,0,0,0,0,0,0,0,0,0,0,0,0,0,0,0,0,0,22,23,20,21,22,23,20,21,57,23,20,51,57,23,20,21,57,23,20,21,22,23,20,21,22,23,57,21,52,23,57,21,22,23,57,21,22,23,20,21,22,23,20,21,57,23,20,21,0,23,201,202,57,23,201,202,22,23,20,21,22,23,57,21,22,23,57,21,22,23,57,21,22,23,20,21,22,23,20,0,0,0,0,0,0,0,0,0,0,0,0,0,0,0,0,0,0,0,0,0,0,
0,0,0,0,0,0,0,0,0,0,0,0,0,0,0,0,0,0,0,26,51,24,25,26,27,24,25,26,27,24,25,26,27,24,25,26,27,24,25,26,27,24,25,26,27,24,25,26,27,24,25,26,27,24,25,26,27,24,25,26,27,24,25,26,27,24,25,0,27,192,210,193,197,213,194,26,54,50,25,26,27,24,25,26,27,48,25,26,27,24,25,26,27,24,25,26,27,24,0,0,0,0,0,0,0,0,0,0,0,0,0,0,0,0,0,0,0,0,0,0,
0,0,0,0,0,0,0,0,0,0,0,0,0,0,0,0,0,0,0,30,31,28,29,30,31,28,29,30,31,28,29,30,31,28,29,30,31,28,29,30,31,28,29,30,31,28,29,30,31,28,29,30,31,28,29,30,31,28,29,30,31,28,29,30,31,28,29,0,31,204,208,216,211,195,207,50,31,28,29,30,31,28,29,30,31,28,29,30,31,28,29,30,31,28,29,30,31,28,0,0,0,0,0,0,0,0,0,0,0,0,0,0,0,0,0,0,0,0,0,0,
0,0,0,0,0,0,0,0,0,0,0,0,0,0,0,0,0,0,0,18,19,16,50,18,19,16,17,18,19,16,17,18,19,16,17,18,19,16,17,18,19,16,17,18,19,16,17,18,19,16,17,18,19,16,17,18,19,16,17,18,19,16,17,18,19,16,17,0,19,16,204,195,207,16,17,18,19,16,17,18,19,16,17,18,19,16,17,18,19,16,17,18,19,16,17,18,19,16,0,0,0,0,0,0,0,0,0,0,0,0,0,0,0,0,0,0,0,0,0,0,
0,0,0,0,0,0,0,0,0,0,0,0,0,0,0,0,0,0,0,22,23,20,21,22,23,20,21,22,23,20,21,22,23,20,21,22,23,20,21,22,23,20,21,22,23,20,21,22,23,20,21,22,23,20,21,22,23,20,21,22,23,20,21,22,23,20,21,0,23,20,21,22,23,20,21,22,23,20,21,22,23,20,21,22,23,20,21,22,23,20,21,22,23,20,21,22,23,20,0,0,0,0,0,0,0,0,0,0,0,0,0,0,0,0,0,0,0,0,0,0,
0,0,0,0,0,0,0,0,0,0,0,0,0,0,0,0,0,0,0,56,27,24,25,26,27,24,0,0,0,0,0,56,27,24,25,26,27,24,0,0,0,0,0,56,27,24,25,26,27,24,0,0,0,0,0,56,27,24,25,26,27,24,0,0,0,0,0,0,56,24,25,26,27,24,0,0,0,0,0,56,27,24,25,26,27,24,0,0,0,0,0,56,27,24,25,26,27,24,0,0,0,0,0,0,0,0,0,0,0,0,0,0,0,0,0,0,0,0,0,0,
0,0,0,0,0,0,0,0,0,0,0,0,0,0,0,0,0,0,0,0,0,0,0,0,0,0,0,0,0,0,0,0,0,56,29,30,0,0,0,0,0,0,0,0,0,0,0,0,0,0,0,0,0,0,0,0,0,0,0,0,0,0,0,0,0,0,0,0,0,0,0,0,0,0,0,0,0,0,0,0,0,0,0,0,0,0,0,0,0,0,0,0,0,0,0,0,0,0,0,0,0,0,0,0,0,0,0,0,0,0,0,0,0,0,0,0,0,0,0,0,
0,0,0,0,0,0,0,0,0,0,0,0,0,0,0,0,0,0,0,0,0,0,0,0,0,0,0,0,0,0,0,0,0,16,17,18,0,0,0,0,0,0,0,0,0,0,0,0,0,0,0,0,0,0,0,0,0,0,0,0,0,0,0,0,0,0,0,0,0,0,0,0,0,0,0,0,0,0,0,0,0,0,0,0,0,0,0,0,0,0,0,0,0,0,0,0,0,0,0,0,0,0,0,0,0,0,0,0,0,0,0,0,0,0,0,0,0,0,0,0,
0,0,0,0,0,0,0,0,0,0,0,0,0,0,0,0,0,0,0,0,0,0,0,0,0,0,0,0,0,0,0,0,0,20,21,22,0,0,0,0,0,0,0,0,0,0,0,0,0,0,0,0,0,0,0,0,0,0,0,0,0,0,0,0,0,0,0,0,0,0,0,0,0,0,0,0,0,0,0,0,0,0,0,0,0,0,0,0,0,0,0,0,0,0,0,0,0,0,0,0,0,0,0,0,0,0,0,0,0,0,0,0,0,0,0,0,0,0,0,0,
0,0,0,0,0,0,0,0,0,0,0,0,0,0,0,0,0,0,0,0,0,0,0,0,0,0,0,0,0,0,0,0,0,24,25,26,57,24,0,0,0,0,0,0,0,0,0,0,0,0,0,0,0,0,0,0,0,0,0,0,0,0,0,0,0,0,0,0,0,0,0,0,0,0,0,0,0,0,0,0,0,0,0,0,0,0,0,0,0,0,0,0,0,0,0,0,0,0,0,0,0,0,0,0,0,0,0,0,0,0,0,0,0,0,0,0,0,0,0,0,
0,0,0,0,0,0,0,0,0,0,0,0,0,0,0,0,0,0,0,0,0,0,0,0,0,0,0,0,0,0,0,0,0,28,29,49,31,28,57,0,0,0,0,0,0,0,0,0,0,0,0,0,0,0,0,0,0,0,0,0,0,0,0,0,0,0,0,0,0,0,0,0,0,0,0,0,0,0,0,0,0,0,0,0,0,0,0,0,0,0,0,0,0,0,0,0,0,0,0,0,0,0,0,0,0,0,0,0,0,0,0,0,0,0,0,0,0,0,0,0,
0,0,0,0,0,0,0,0,0,0,0,0,0,0,0,0,0,0,0,0,0,0,0,0,0,0,0,0,0,0,0,0,0,56,17,18,19,16,17,0,0,0,0,0,0,0,0,0,0,0,0,0,0,0,0,0,0,0,0,0,0,0,0,0,0,0,0,0,0,0,0,0,0,0,0,0,0,0,0,0,0,0,0,0,0,0,0,0,0,0,0,0,0,0,0,0,0,0,0,0,0,0,0,0,0,0,0,0,0,0,0,0,0,0,0,0,0,0,0,0,
0,0,0,0,0,0,0,0,0,0,0,0,0,0,0,0,0,0,0,0,0,0,0,0,0,0,0,0,0,0,0,0,0,0,0,56,23,20,21,57,23,20,21,57,0,0,0,0,0,0,0,0,0,0,0,0,0,0,21,22,23,20,21,22,23,20,21,57,0,0,0,0,0,0,0,0,0,0,0,0,0,0,0,0,0,0,0,0,0,0,0,0,0,0,0,0,0,0,0,0,0,0,0,0,0,0,0,0,0,0,0,0,0,0,0,0,0,0,0,0,
0,0,0,0,0,0,0,0,0,0,0,0,0,0,0,0,0,0,0,0,0,0,0,0,0,0,0,0,0,0,0,0,0,0,0,0,56,24,25,26,27,24,25,26,57,0,0,0,0,0,0,0,0,0,0,0,0,24,25,26,27,24,25,26,27,24,25,26,0,0,0,0,0,0,0,0,0,0,0,0,0,0,0,0,0,0,0,0,0,0,0,0,0,0,0,0,0,0,0,0,0,0,0,0,0,0,0,0,0,0,0,0,0,0,0,0,0,0,0,0,
0,0,0,0,0,0,0,0,0,0,0,0,0,0,0,0,0,0,0,0,0,0,0,0,0,0,0,0,0,0,0,0,0,0,0,0,0,56,29,30,31,28,29,49,31,57,57,0,0,0,0,0,0,0,0,0,31,28,29,30,31,28,29,30,31,28,29,30,0,0,0,0,0,0,0,0,0,0,0,0,0,0,0,0,0,0,0,0,0,0,0,0,0,0,0,0,0,0,0,0,0,0,0,0,0,0,0,0,0,0,0,0,0,0,0,0,0,0,0,0,
0,0,0,0,0,0,0,0,0,0,0,0,0,0,0,0,0,0,0,0,0,0,0,0,0,0,0,0,0,0,0,0,0,0,0,0,0,0,56,18,19,16,17,18,19,16,17,57,0,0,0,0,0,0,0,18,19,16,17,18,19,0,0,0,56,16,51,18,57,0,0,0,0,0,0,0,0,0,0,0,0,0,0,0,0,0,0,0,0,0,0,0,0,0,0,0,0,0,0,0,0,0,0,0,0,0,0,0,0,0,0,0,0,0,0,0,0,0,0,0,
0,0,0,0,0,0,0,0,0,0,0,0,0,0,0,0,0,0,0,0,0,0,0,0,0,0,0,0,0,0,0,0,0,0,0,0,0,0,0,0,0,56,21,22,23,20,21,22,57,20,21,22,57,0,0,22,23,20,21,0,0,0,0,0,0,56,21,22,23,57,21,57,0,0,0,0,0,0,0,0,0,0,0,0,0,0,0,0,0,0,0,0,0,0,0,0,0,0,0,0,0,0,0,0,0,0,0,0,0,0,0,0,0,0,0,0,0,0,0,0,
0,0,0,0,0,0,0,0,0,0,0,0,0,0,0,0,0,0,0,0,0,0,0,0,0,0,0,0,0,0,0,0,0,0,0,0,0,0,0,0,0,0,0,0,56,24,25,49,27,24,25,26,27,57,25,26,27,24,25,0,0,0,0,0,27,24,25,26,27,24,25,26,57,0,0,0,0,0,0,0,0,0,0,0,0,0,0,0,0,0,0,0,0,0,0,0,0,0,0,0,0,0,0,0,0,0,0,0,0,0,0,0,0,0,0,0,0,0,0,0,
0,0,0,0,0,0,0,0,0,0,0,0,0,0,0,0,0,0,0,0,0,0,0,0,0,0,0,0,0,0,0,0,0,0,0,0,0,0,0,0,0,0,0,0,0,56,29,30,31,28,29,30,31,28,29,30,31,28,0,0,0,0,0,30,31,28,29,30,31,28,29,30,31,0,0,0,0,0,0,0,0,0,0,0,0,0,0,0,0,0,0,0,0,0,0,0,0,0,0,0,0,0,0,0,0,0,0,0,0,0,0,0,0,0,0,0,0,0,0,0,
0,0,0,0,0,0,0,0,0,0,0,0,0,0,0,0,0,0,0,0,0,0,0,0,0,0,0,0,0,0,0,0,0,0,0,0,0,0,0,0,0,0,0,0,0,0,56,18,19,16,17,18,19,16,17,18,19,16,0,0,0,16,17,18,205,197,206,50,19,16,17,18,19,0,0,0,0,0,0,0,0,0,0,0,0,0,0,0,0,0,0,0,0,0,0,0,0,0,0,0,0,0,0,0,0,0,0,0,0,0,0,0,0,0,0,0,0,0,0,0,
0,0,0,0,0,0,0,0,0,0,0,0,0,0,0,0,0,0,0,0,0,0,0,0,0,0,0,0,0,0,0,0,0,0,0,0,0,0,0,0,0,0,0,0,0,0,0,0,0,0,0,56,23,20,21,22,23,20,0,0,0,20,201,193,209,216,210,206,23,20,21,22,23,0,0,0,0,0,0,0,0,0,0,0,0,0,0,0,0,0,0,0,0,0,0,0,0,0,0,0,0,0,0,0,0,0,0,0,0,0,0,0,0,0,0,0,0,0,0,0,
0,0,0,0,0,0,0,0,0,0,0,0,0,0,0,0,0,0,0,0,0,0,0,0,0,0,0,0,0,0,0,0,0,0,0,0,0,0,0,0,0,0,0,0,0,0,0,0,0,0,0,0,0,0,0,0,0,0,0,0,0,56,204,199,208,218,211,203,51,24,25,48,27,57,0,0,0,0,0,0,0,0,0,0,0,0,0,0,0,0,0,0,0,0,0,0,0,0,0,0,0,0,0,0,0,0,0,0,0,0,0,0,0,0,0,0,0,0,0,0,
0,0,0,0,0,0,0,0,0,0,0,0,0,0,0,0,0,0,0,0,0,0,0,0,0,0,0,0,0,0,0,0,0,0,0,0,0,0,0,0,0,0,0,0,0,0,0,0,0,0,0,0,0,0,0,0,0,0,0,0,0,0,0,56,192,211,207,30,31,28,29,30,31,28,0,0,0,0,0,0,0,0,0,0,0,0,0,0,0,0,0,0,0,0,0,0,0,0,0,0,0,0,0,0,0,0,0,0,0,0,0,0,0,0,0,0,0,0,0,0,
0,0,0,0,0,0,0,0,0,0,0,0,0,0,0,0,0,0,0,0,0,0,0,0,0,0,0,0,0,0,0,0,0,0,0,0,0,0,0,0,0,0,0,0,0,0,0,0,0,0,0,0,0,0,0,0,0,0,0,0,0,0,0,56,200,207,17,18,19,16,17,18,19,16,0,0,0,0,0,0,0,0,0,0,0,0,0,0,0,0,0,0,0,0,0,0,0,0,0,0,0,0,0,0,0,0,0,0,0,0,0,0,0,0,0,0,0,0,0,0,
0,0,0,0,0,0,0,0,0,0,0,0,0,0,0,0,0,0,0,0,0,0,0,0,0,0,0,0,0,0,0,0,0,0,0,0,0,0,0,0,0,0,0,0,0,0,0,0,0,0,0,0,0,0,0,0,0,0,0,0,0,0,0,0,0,56,21,22,23,20,21,22,23,20,0,0,0,0,0,0,0,0,0,0,0,0,0,0,0,0,0,0,0,0,0,0,0,0,0,0,0,0,0,0,0,0,0,0,0,0,0,0,0,0,0,0,0,0,0,0,
0,0,0,0,0,0,0,0,0,0,0,0,0,0,0,0,0,0,0,0,0,0,0,0,0,0,0,0,0,0,0,0,0,0,0,0,0,0,0,0,0,0,0,0,0,0,0,0,0,0,0,0,0,0,0,0,0,0,0,0,0,0,0,0,0,0,0,0,56,24,25,26,27,0,0,0,0,0,0,0,0,0,0,0,0,0,0,0,0,0,0,0,0,0,0,0,0,0,0,0,0,0,0,0,0,0,0,0,0,0,0,0,0,0,0,0,0,0,0,0,
0,0,0,0,0,0,0,0,0,0,0,0,0,0,0,0,0,0,0,0,0,0,0,0,0,0,0,0,0,0,0,0,0,0,0,0,0,0,0,0,0,0,0,0,0,0,0,0,0,0,0,0,0,0,0,0,0,0,0,0,0,0,0,0,0,0,0,0,0,56,29,30,0,0,0,0,0,0,0,0,0,0,0,0,0,0,0,0,0,0,0,0,0,0,0,0,0,0,0,0,0,0,0,0,0,0,0,0,0,0,0,0,0,0,0,0,0,0,0,0,
0,0,0,0,0,0,0,0,0,0,0,0,0,0,0,0,0,0,0,0,0,0,0,0,0,0,0,0,0,0,0,0,0,0,0,0,0,0,0,0,0,0,0,0,0,0,0,0,0,0,0,0,0,0,0,0,0,0,0,0,0,0,0,0,0,0,0,0,0,0,0,0,0,0,0,0,0,0,0,0,0,0,0,0,0,0,0,0,0,0,0,0,0,0,0,0,0,0,0,0,0,0,0,0,0,0,0,0,0,0,0,0,0,0,0,0,0,0,0,0,
0,0,0,0,0,0,0,0,0,0,0,0,0,0,0,0,0,0,0,0,0,0,0,0,0,0,0,0,0,0,0,0,0,0,0,0,0,0,0,0,0,0,0,0,0,0,0,0,0,0,0,0,0,0,0,0,0,0,0,0,0,0,0,0,0,0,0,0,0,0,0,0,0,0,0,0,0,0,0,0,0,0,0,0,0,0,0,0,0,0,0,0,0,0,0,0,0,0,0,0,0,0,0,0,0,0,0,0,0,0,0,0,0,0,0,0,0,0,0,0

[layer]
type=object
data=
0,0,0,0,0,0,0,0,0,0,0,0,0,0,0,0,0,0,0,0,0,0,0,0,0,0,0,0,0,0,0,0,0,0,0,0,0,0,0,0,0,0,0,0,0,0,0,0,0,0,0,0,0,0,0,0,0,0,0,0,0,0,0,0,0,0,0,0,0,0,0,0,0,0,0,0,0,0,0,0,0,0,0,0,0,0,0,0,0,0,0,0,0,0,0,0,0,0,0,0,0,0,0,0,0,0,0,0,0,0,0,0,0,0,0,0,0,0,0,0,
0,0,0,0,0,0,0,0,0,0,0,0,0,0,0,0,0,0,0,0,0,0,0,0,0,0,0,0,0,0,0,0,0,0,0,0,0,0,0,0,0,0,0,0,0,0,0,0,0,0,0,0,0,0,0,0,0,0,0,0,0,0,0,0,0,0,0,0,0,0,0,0,0,0,0,0,0,0,0,0,0,0,0,0,0,0,0,0,0,0,0,0,0,0,0,0,0,0,0,0,0,0,0,0,0,0,0,0,0,0,0,0,0,0,0,0,0,0,0,0,
0,0,0,0,0,0,0,0,0,0,0,0,0,0,0,0,0,0,0,0,0,0,0,0,0,0,0,0,0,0,0,0,0,0,0,0,0,0,0,0,0,0,0,0,0,0,0,0,0,0,0,0,0,0,0,0,0,0,0,0,0,0,0,0,0,0,0,0,0,0,0,0,0,0,0,0,0,0,0,0,0,0,0,0,0,0,0,0,0,0,0,0,0,0,0,0,0,0,0,0,0,0,0,0,0,0,0,0,0,0,0,0,0,0,0,0,0,0,0,0,
0,0,0,0,0,0,0,0,0,0,0,0,0,0,0,0,0,0,0,72,101,113,65,69,101,65,73,0,0,0,0,114,113,101,97,101,113,97,73,0,0,0,0,114,69,65,97,101,69,73,0,0,0,0,0,98,65,115,241,241,97,69,77,0,0,0,0,98,113,69,113,65,97,65,77,0,0,0,0,98,97,101,69,113,69,101,73,0,0,0,0,98,97,101,113,65,101,65,77,0,0,0,0,0,0,0,0,0,0,0,0,0,0,0,0,0,0,0,0,0,
0,0,0,0,0,0,0,0,0,0,0,0,0,0,0,0,0,0,0,96,149,147,0,0,0,151,121,65,101,69,97,103,0,0,0,0,0,0,121,65,113,97,69,103,153,150,144,0,0,70,102,97,109,97,113,103,0,0,0,0,0,0,81,65,109,113,69,80,0,0,0,0,0,0,121,65,109,109,65,99,0,0,0,0,0,0,117,97,109,101,113,99,0,0,0,146,149,145,66,0,0,0,0,0,0,0,0,0,0,0,0,0,0,0,0,0,0,0,0,0,
0,0,0,0,0,0,0,0,0,0,0,0,0,0,0,0,0,0,0,112,144,0,0,0,0,0,133,0,0,0,0,0,0,0,0,0,0,0,0,0,0,0,0,135,132,151,152,0,0,70,112,0,0,148,132,0,0,0,0,0,0,0,0,0,0,0,0,0,0,0,0,0,0,0,0,0,0,0,0,0,0,0,0,0,0,0,0,0,0,0,0,0,0,0,0,0,0,144,70,0,0,0,0,0,0,0,0,0,0,0,0,0,0,0,0,0,0,0,0,0,
0,0,0,0,0,0,0,0,0,0,0,0,0,0,0,0,0,0,0,96,132,0,0,0,0,0,0,0,0,0,0,0,0,0,0,0,0,0,0,0,0,0,0,0,0,0,133,0,0,66,96,0,0,146,0,0,0,0,0,0,0,0,0,0,0,0,0,0,0,0,0,0,0,0,0,0,0,0,0,0,0,0,0,0,0,0,0,0,0,0,0,0,0,0,0,0,0,0,66,0,0,0,0,0,0,0,0,0,0,0,0,0,0,0,0,0,0,0,0,0,
0,0,0,0,0,0,0,0,0,0,0,0,0,0,0,0,0,0,0,68,0,0,0,0,0,0,0,0,0,0,0,0,0,0,0,0,0,0,0,0,0,0,0,0,0,0,0,0,0,70,96,0,0,0,0,0,0,0,0,0,0,0,0,0,0,0,0,0,0,0,0,0,0,0,0,0,0,0,0,0,0,0,0,0,0,0,0,0,0,0,0,0,0,0,0,0,0,0,70,0,0,0,0,0,0,0,0,0,0,0,0,0,0,0,0,0,0,0,0,0,
0,0,0,0,0,0,0,0,0,0,0,0,0,0,0,0,0,0,0,64,0,0,0,0,0,0,0,0,0,0,0,0,0,0,0,0,0,0,0,0,0,0,0,0,0,0,0,0,0,66,100,0,0,0,0,0,0,0,0,0,0,0,0,0,0,0,0,0,0,0,0,0,0,0,0,0,0,0,0,0,0,0,0,0,0,0,0,0,0,0,0,0,0,0,0,0,0,0,70,0,0,0,0,0,0,0,0,0,0,0,0,0,0,0,0,0,0,0,0,0,
0,0,0,0,0,0,0,0,0,0,0,0,0,0,0,0,0,0,0,100,0,0,0,0,0,0,0,82,87,0,0,86,118,0,0,82,87,0,0,0,0,0,0,0,0,86,83,0,0,70,68,0,0,82,83,0,0,0,0,0,0,0,0,86,83,0,0,86,87,0,0,82,116,0,0,0,0,0,0,0,0,86,120,0,0,82,83,0,0,82,118,0,0,0,0,0,0,0,66,0,0,0,0,0,0,0,0,0,0,0,0,0,0,0,0,0,0,0,0,0,
0,0,0,0,0,0,0,0,0,0,0,0,0,0,0,0,0,0,0,79,118,0,0,0,0,0,82,78,75,71,71,74,79,67,71,74,79,116,0,0,0,0,0,0,82,78,75,67,67,78,75,71,67,74,79,118,0,0,0,0,0,0,86,74,75,71,71,78,75,71,67,74,79,116,0,0,0,0,0,0,86,74,79,67,67,74,75,67,71,74,79,120,0,0,0,0,0,82,78,0,0,0,0,0,0,0,0,0,0,0,0,0,0,0,0,0,0,0,0,0,
0,0,0,0,0,0,0,0,0,0,0,0,0,0,0,0,0,0,0,0,64,0,0,0,0,82,78,0,0,0,0,0,0,0,0,0,0,79,87,0,0,0,0,86,74,0,0,0,0,0,0,0,0,0,0,79,116,0,0,0,0,86,78,0,0,0,0,0,0,0,0,0,0,79,87,0,0,0,0,82,74,0,0,0,0,0,0,0,0,0,0,75,116,0,0,0,0,70,0,0,0,0,0,0,0,0,0,0,0,0,0,0,0,0,0,0,0,0,0,0,
0,0,0,0,0,0,0,0,0,0,0,0,0,0,0,0,0,0,0,0,108,0,0,0,0,81,77,0,0,0,0,0,0,0,0,0,0,102,115,0,0,0,0,119,77,0,0,0,0,0,0,0,0,0,0,76,115,151,0,0,0,121,77,0,0,0,0,0,0,0,0,0,0,76,115,0,0,0,0,117,77,0,0,0,0,0,0,0,0,0,0,114,99,0,0,0,0,70,0,0,0,0,0,0,0,0,0,0,0,0,0,0,0,0,0,0,0,0,0,0,
0,0,0,0,0,0,0,0,0,0,0,0,0,0,0,0,0,0,0,0,100,0,0,0,0,0,66,0,0,0,0,0,0,0,0,0,0,100,0,0,0,0,0,0,66,0,0,0,0,0,0,0,0,0,0,100,0,150,0,0,0,0,66,0,0,0,0,0,0,0,0,0,0,64,133,0,0,0,0,0,70,0,0,0,0,0,0,0,0,0,0,96,0,0,0,0,0,66,0,0,0,0,0,0,0,0,0,0,0,0,0,0,0,0,0,0,0,0,0,0,
0,0,0,0,0,0,0,0,0,0,0,0,0,0,0,0,0,0,0,0,96,0,0,0,0,0,70,0,0,0,0,0,0,0,0,0,0,64,0,0,0,0,0,0,70,0,0,0,0,0,0,0,0,0,0,68,0,0,0,0,0,0,66,0,0,0,0,0,0,0,0,0,0,68,0,0,0,0,0,0,66,0,0,0,0,0,0,0,0,0,0,68,0,0,0,0,0,66,0,0,0,0,0,0,0,0,0,0,0,0,0,0,0,0,0,0,0,0,0,0,
0,98,101,113,77,0,72,65,69,77,0,114,101,113,77,0,0,0,0,102,103,0,0,0,0,86,74,0,0,0,0,0,0,0,0,0,0,75,116,0,0,0,0,82,74,0,0,0,0,0,0,0,0,0,0,79,67,67,67,67,71,71,74,0,0,0,0,0,0,0,0,0,0,75,118,0,0,0,0,82,74,0,0,0,0,0,0,0,0,0,0,75,87,0,0,0,0,85,73,0,0,0,0,98,101,65,73,0,98,69,69,77,0,98,97,65,73,0,0,0,
0,96,0,0,66,0,64,151,0,66,0,112,0,0,66,0,0,0,0,68,148,0,0,0,0,119,73,0,0,0,0,0,0,0,0,0,0,72,80,0,0,0,0,81,77,0,0,0,0,0,0,0,0,0,0,98,65,97,109,109,113,101,73,0,0,0,0,0,0,0,0,0,0,114,115,0,0,0,0,121,77,0,0,0,0,0,0,0,0,0,0,102,80,0,0,0,0,0,66,0,0,0,0,96,144,0,70,0,112,163,133,70,0,112,0,0,66,0,0,0,
0,112,151,0,85,113,84,0,0,121,69,80,0,0,66,0,0,0,0,96,146,0,0,0,0,0,66,0,0,0,0,0,0,0,0,0,0,96,0,0,0,0,0,0,70,0,0,0,0,0,0,0,0,0,0,96,144,0,0,0,0,0,66,0,0,0,0,0,0,0,0,0,0,96,146,132,0,0,0,0,66,0,0,0,0,0,0,0,0,0,0,112,0,0,0,0,0,0,70,0,0,0,0,108,0,0,119,101,99,0,0,121,65,115,0,0,66,0,0,0,
0,68,153,0,0,0,0,0,0,0,152,0,0,0,70,0,0,0,0,112,0,0,0,0,0,0,66,0,0,0,0,0,0,0,0,0,0,100,0,0,0,0,0,0,66,0,0,0,0,0,0,0,0,0,0,112,0,0,0,0,0,0,66,0,0,0,0,0,0,0,0,0,0,68,150,0,0,0,0,0,66,0,0,0,0,0,0,0,0,0,0,64,0,0,0,0,0,0,66,0,0,0,0,108,0,0,0,0,0,0,0,0,0,0,0,0,66,0,0,0,
0,112,0,0,0,0,0,0,0,0,0,0,0,0,66,0,0,0,0,108,0,0,0,0,0,86,78,0,0,0,0,0,0,0,0,0,0,75,83,0,0,0,0,82,74,0,0,0,0,0,0,0,0,0,0,75,87,0,0,0,0,86,78,0,0,0,0,0,0,0,0,0,0,75,83,0,0,0,0,82,74,0,0,0,0,0,0,0,0,0,0,75,116,0,0,0,0,0,70,0,0,0,0,96,0,0,0,0,0,0,0,0,0,0,0,0,66,0,0,0,
0,75,67,118,0,0,0,0,0,0,0,0,0,0,66,0,0,0,0,64,0,0,0,0,0,119,73,0,0,0,0,0,0,0,0,0,0,98,99,0,0,0,0,121,73,0,0,0,0,0,0,0,0,0,0,98,99,111,0,0,0,85,73,0,0,0,0,0,0,0,0,0,0,114,80,0,0,0,0,119,73,0,0,0,0,0,0,0,0,0,0,114,99,0,0,0,0,0,66,0,0,0,0,112,135,0,0,0,0,0,0,0,0,0,82,71,74,0,0,0,
0,0,0,104,0,0,0,110,0,0,0,0,0,0,85,113,101,65,69,99,0,0,0,0,0,0,117,73,98,113,101,77,114,101,97,73,76,115,0,0,0,0,0,0,85,73,72,113,69,73,114,97,101,77,72,115,0,0,0,0,0,0,119,73,114,97,101,77,72,65,97,77,76,84,0,0,0,0,0,0,81,73,76,65,113,77,102,97,101,73,72,99,0,0,0,0,0,0,117,113,69,109,101,115,0,0,0,0,0,151,111,0,0,0,106,0,0,0,0,0,
0,102,113,84,0,0,0,0,0,0,0,0,0,0,0,0,149,144,146,0,0,0,0,0,0,0,0,119,103,0,0,70,100,151,0,121,80,0,0,0,0,0,0,0,0,81,84,0,0,119,99,0,0,81,103,0,0,0,0,0,0,0,0,121,80,0,0,66,68,0,0,119,80,0,0,0,0,0,0,0,0,117,103,0,0,81,115,144,0,119,80,0,0,0,0,0,0,0,0,0,0,0,0,0,0,0,0,0,0,0,0,0,0,0,119,101,73,0,0,0,
0,100,0,0,0,0,0,0,0,0,0,0,0,0,0,0,0,151,0,0,0,0,0,0,0,0,0,0,0,0,0,66,64,147,0,0,0,0,0,0,0,0,0,0,0,0,0,0,0,0,0,0,0,0,110,0,0,0,0,0,0,0,0,0,151,150,0,66,68,0,0,0,0,0,0,0,0,0,0,0,0,0,0,0,0,0,0,0,0,0,0,0,0,0,0,0,0,0,0,0,0,0,0,0,0,0,0,0,0,0,0,0,0,0,0,0,70,0,0,0,
0,96,0,0,0,0,0,0,0,0,0,0,0,0,0,0,0,0,0,0,0,0,0,0,0,0,0,0,0,0,0,70,100,146,144,0,0,0,0,0,0,0,0,0,0,0,0,0,0,0,0,0,0,0,0,0,0,0,0,0,0,0,0,0,0,0,0,66,112,0,0,0,0,0,0,0,0,0,0,0,0,0,0,0,0,0,0,0,0,0,0,0,0,0,0,0,0,0,0,0,0,0,0,0,0,0,0,0,0,0,0,0,0,0,0,0,66,0,0,0,
0,96,146,0,0,0,0,0,0,0,0,0,0,0,0,0,0,0,0,0,0,0,0,0,0,0,0,0,0,0,0,66,64,148,0,0,0,0,0,0,0,0,0,0,0,0,0,0,0,0,0,0,0,0,0,0,0,0,0,0,0,0,0,0,0,0,0,66,96,149,0,0,0,0,0,0,0,0,0,0,0,0,0,0,0,0,0,0,0,0,0,0,0,0,0,0,0,0,0,0,0,0,0,0,0,0,0,0,0,0,0,0,0,0,0,0,70,0,0,0,
0,112,148,0,0,0,0,0,0,0,0,0,0,0,0,0,0,0,0,0,0,0,0,0,0,0,0,0,0,0,0,70,112,0,0,0,0,0,0,0,0,0,0,0,0,0,0,0,0,0,0,0,0,0,0,0,0,0,0,0,0,0,0,110,0,0,0,66,112,0,0,0,0,0,0,0,0,0,0,0,0,0,0,0,0,0,0,0,0,0,0,0,0,0,0,0,0,0,0,0,0,0,0,0,0,0,0,0,0,0,0,0,0,0,0,0,66,0,0,0,
0,79,71,83,0,0,0,0,0,0,0,0,0,0,0,0,0,0,0,0,152,0,0,0,0,0,0,82,87,0,0,70,96,0,0,82,118,0,0,0,0,0,0,0,0,82,116,0,0,82,116,0,0,82,118,0,0,0,0,0,0,0,0,86,118,0,0,66,112,0,0,82,83,0,0,0,0,0,0,0,0,82,87,0,0,82,116,0,0,86,83,0,0,0,0,0,0,0,0,0,0,0,0,0,0,0,0,0,0,0,133,0,0,0,82,71,74,0,0,0,
0,0,0,104,133,0,151,111,0,0,0,0,0,0,86,67,67,71,67,67,87,151,0,0,0,0,82,78,75,67,71,74,75,71,67,74,75,118,0,0,0,0,0,0,86,74,75,67,71,74,75,67,67,78,79,120,0,0,0,0,0,0,82,74,75,71,67,74,75,67,67,74,75,87,0,0,0,0,0,0,82,74,79,71,67,74,75,67,67,74,79,120,0,0,0,0,0,86,71,71,67,71,71,116,0,0,0,0,0,0,110,0,0,0,106,0,0,0,0,0,
0,98,101,84,134,0,133,0,0,0,0,0,0,0,70,0,0,0,0,0,112,145,135,0,0,86,74,0,0,0,0,0,0,0,0,0,0,75,120,0,0,0,0,82,74,0,0,0,0,0,0,0,0,0,0,75,83,0,0,0,111,86,74,0,0,0,0,0,0,0,0,0,0,75,118,0,0,0,0,82,74,0,0,0,0,0,0,0,0,0,0,79,120,0,0,0,0,66,0,0,0,0,0,112,0,0,0,0,0,0,0,0,0,0,81,97,73,0,0,0,
0,64,0,0,0,0,0,0,0,0,0,0,0,0,66,0,0,0,0,0,100,132,0,0,0,81,77,0,0,0,0,0,0,0,0,0,0,98,115,0,0,0,0,117,73,0,0,0,0,0,0,0,0,0,0,102,80,0,0,0,0,85,77,0,0,0,0,0,0,0,0,0,0,76,84,151,0,0,0,81,77,0,0,0,0,0,0,0,0,0,0,72,84,0,0,0,0,70,0,0,0,0,0,96,0,0,0,0,0,0,0,0,0,0,0,0,70,0,0,0,
0,68,0,0,0,0,0,0,0,0,0,0,0,0,66,0,0,0,0,0,96,0,0,0,0,0,70,0,0,0,0,0,0,0,0,0,0,112,145,144,0,0,0,0,70,0,0,0,0,0,0,0,0,0,0,68,0,0,0,0,0,0,66,0,0,0,0,0,0,0,0,0,0,112,153,0,0,0,0,0,70,0,0,0,0,0,0,0,0,0,0,64,0,0,0,0,0,66,0,0,0,0,0,68,150,0,0,0,0,0,0,0,0,0,0,0,66,0,0,0,
0,96,0,0,86,67,118,0,0,82,71,87,0,0,66,0,0,0,0,0,68,0,0,0,0,0,70,0,0,0,0,0,0,0,0,0,0,68,0,151,0,0,0,0,70,0,0,0,0,0,0,0,0,0,0,112,0,0,0,0,0,0,70,0,0,0,0,0,0,0,0,0,0,112,0,0,0,0,0,0,66,0,0,0,0,0,0,0,0,0,0,68,0,0,0,0,0,70,0,0,0,0,0,100,153,0,82,67,120,0,0,82,71,87,0,0,66,0,0,0,
0,96,0,0,66,0,64,0,0,66,0,100,0,0,70,0,0,0,0,0,75,71,67,71,71,67,74,0,0,0,0,0,0,0,0,0,0,75,67,67,67,71,67,67,78,0,0,0,0,0,0,0,0,0,0,79,120,0,0,0,0,86,74,0,0,0,0,0,0,0,0,0,0,79,71,71,71,67,67,71,74,0,0,0,0,0,0,0,0,0,0,75,71,67,71,67,71,78,0,0,0,0,0,112,0,0,70,0,96,0,0,66,0,64,0,0,66,0,0,0,
0,75,71,71,74,0,100,0,0,66,0,75,71,71,78,0,0,0,0,102,113,65,109,97,113,113,77,0,0,0,0,0,0,0,0,0,0,114,65,113,69,97,69,69,77,0,0,0,0,0,0,0,0,0,0,98,84,0,0,0,0,121,73,0,0,0,0,0,0,0,0,0,0,72,69,113,97,69,65,97,73,0,0,0,0,0,0,0,0,0,0,98,113,69,97,65,113,101,73,0,0,0,0,75,71,71,74,0,68,0,0,70,0,75,71,71,74,0,0,0,
0,0,0,0,0,0,112,0,0,66,0,0,0,0,0,0,0,0,0,100,144,0,0,0,0,0,70,0,0,0,0,0,0,0,0,0,0,112,151,0,146,148,144,0,66,0,0,0,0,0,0,0,0,0,0,96,0,0,0,0,0,0,70,0,0,0,0,0,0,0,0,0,0,112,148,144,146,0,0,0,66,0,0,0,0,0,0,0,0,0,0,96,144,0,0,150,133,0,66,0,0,0,0,0,0,0,0,0,64,0,0,70,0,0,0,0,0,0,0,0,
0,0,0,0,0,0,64,0,0,66,0,0,0,0,0,0,0,0,0,108,0,163,0,0,0,0,70,0,0,0,0,0,0,0,0,0,0,64,134,0,0,144,0,0,70,0,0,0,0,0,0,0,0,0,0,100,0,0,0,0,0,0,66,0,0,0,0,0,0,0,0,0,0,100,133,132,0,0,0,0,66,0,0,0,0,0,0,0,0,0,0,112,135,0,0,0,0,0,70,0,0,0,0,0,0,0,0,0,100,0,0,70,0,0,0,0,0,0,0,0,
0,0,0,0,0,0,96,0,0,66,0,0,0,0,0,0,0,0,0,100,0,0,0,0,0,86,74,0,0,0,0,0,0,0,0,0,0,79,87,0,0,0,0,82,78,0,0,0,0,0,0,0,0,0,0,75,118,0,0,0,0,82,74,0,0,0,0,0,0,0,0,0,0,75,83,0,0,0,0,86,78,0,0,0,0,0,0,0,0,0,0,79,120,0,0,0,0,0,66,0,0,0,0,0,0,0,0,0,64,0,0,70,0,0,0,0,0,0,0,0,
0,0,0,0,0,0,100,0,0,66,0,0,0,0,0,0,0,0,0,112,151,0,0,0,0,119,77,0,0,0,0,0,0,0,0,0,0,98,103,0,0,0,0,121,73,0,0,0,0,0,0,0,0,0,0,76,80,0,0,0,0,81,73,0,0,0,0,0,0,0,0,0,0,72,115,0,0,0,0,85,73,0,0,0,0,0,0,0,0,0,0,72,99,0,0,0,0,0,70,0,0,0,0,0,0,0,0,0,112,0,0,66,0,0,0,0,0,0,0,0,
0,76,69,101,65,97,115,0,0,119,113,97,101,101,77,0,0,0,0,68,153,0,0,0,0,0,85,77,102,97,97,73,76,113,69,73,72,115,0,0,0,0,0,0,121,73,114,65,65,73,76,109,65,77,114,84,0,0,0,0,0,0,81,77,98,69,65,77,98,97,65,73,76,103,153,132,0,0,0,0,85,73,72,113,65,77,102,101,69,77,76,84,0,0,0,0,0,0,66,0,0,0,0,114,97,65,97,69,115,0,0,119,101,69,113,69,77,0,0,0,
0,64,0,0,0,0,0,0,0,0,152,149,0,0,66,0,0,0,0,79,120,0,0,0,0,0,0,81,80,0,0,119,80,0,0,81,115,0,0,0,0,0,0,0,0,119,99,0,0,66,112,151,0,117,103,0,0,0,0,0,0,0,0,121,103,144,147,117,99,0,0,117,80,152,151,0,0,0,0,0,0,119,80,0,0,81,103,0,0,121,99,0,0,0,0,0,0,86,74,0,0,0,0,96,144,0,0,150,0,0,0,0,0,144,148,0,70,0,0,0,
0,96,0,0,0,135,0,0,0,0,0,144,0,0,66,0,0,0,0,0,100,0,0,0,0,0,0,0,0,0,0,0,0,0,0,0,0,0,0,0,0,0,0,0,0,0,151,0,0,70,104,0,0,0,0,0,0,0,0,0,0,0,0,0,134,133,0,0,0,0,0,0,0,0,0,0,0,0,0,0,0,0,0,0,0,0,0,0,0,0,0,0,0,0,0,0,0,66,0,0,0,0,0,100,0,0,161,151,0,0,0,0,0,0,146,0,66,0,0,0,
0,112,0,0,151,0,0,0,0,0,0,0,0,0,70,0,0,0,0,0,64,0,0,0,0,0,0,0,0,0,0,0,0,0,0,0,0,0,0,0,0,0,0,0,0,0,0,0,0,66,96,0,0,0,0,0,0,0,0,0,0,0,0,0,0,0,0,0,0,0,0,0,0,0,0,0,0,0,0,0,0,0,0,0,0,0,0,0,0,0,0,0,0,0,0,0,0,66,0,0,0,0,0,112,0,0,0,0,0,0,0,0,0,0,0,0,66,0,0,0,
0,68,0,0,134,0,0,0,0,0,0,132,0,0,70,0,0,0,0,0,96,0,0,0,0,0,0,0,0,0,0,0,0,0,0,0,0,0,0,0,0,0,0,0,0,0,0,0,0,70,100,0,0,0,0,0,0,0,0,0,0,0,0,0,0,0,0,0,0,0,0,0,0,0,0,0,0,0,0,0,0,0,0,0,0,0,0,0,0,0,0,0,0,0,0,0,0,70,0,0,0,0,0,68,150,0,0,0,0,0,0,0,0,0,0,0,66,0,0,0,
0,100,147,0,0,160,0,0,0,0,0,0,0,0,70,0,0,0,0,0,68,0,0,0,0,0,0,0,0,0,0,0,0,0,0,0,0,0,0,0,0,0,0,0,0,0,0,0,0,70,104,0,0,0,0,0,0,0,0,0,0,0,0,0,0,0,0,0,0,0,0,0,0,0,0,0,0,0,0,0,0,0,0,0,0,0,0,0,0,0,0,0,0,0,0,0,0,66,0,0,0,0,0,100,153,0,0,0,0,0,0,0,0,0,0,0,66,0,0,0,
0,96,0,0,0,0,0,0,0,0,0,0,0,0,70,0,0,0,0,98,115,0,0,0,0,0,0,82,120,0,0,82,87,0,0,82,120,0,0,0,0,0,0,0,0,82,83,0,0,70,68,0,0,82,116,0,0,0,0,0,0,0,0,86,120,0,0,82,116,0,0,82,87,150,0,0,0,0,0,0,0,86,87,0,0,82,118,0,0,82,87,0,0,0,0,0,0,85,77,0,0,0,0,68,151,0,0,0,0,0,0,0,0,0,0,0,66,0,0,0,
0,75,67,67,67,67,116,0,0,86,71,67,67,67,74,0,0,0,0,64,0,0,0,0,0,0,86,74,79,71,71,78,79,67,67,74,79,116,0,0,0,0,0,0,82,74,79,71,71,78,79,67,67,74,75,83,0,0,0,0,0,0,86,74,75,67,67,74,75,71,67,74,79,87,133,0,0,0,0,0,82,74,79,71,71,78,79,67,71,78,75,83,0,0,0,0,0,0,66,0,0,0,0,79,67,67,67,71,116,0,0,86,71,71,67,67,78,0,0,0,
0,0,0,0,0,0,100,0,0,66,0,0,0,0,0,0,0,0,0,112,0,0,0,0,0,82,74,0,0,0,0,0,0,0,0,0,0,75,83,0,0,0,0,86,78,0,0,0,0,0,0,0,0,0,0,75,87,0,0,0,0,82,74,0,0,0,0,0,0,0,0,0,0,79,83,0,0,0,0,86,74,0,0,0,0,0,0,0,0,0,0,79,118,0,0,0,0,0,66,0,0,0,0,0,0,0,0,0,96,0,0,70,0,0,0,0,0,0,0,0,
0,0,0,0,0,0,68,0,0,66,0,0,0,0,0,0,0,0,0,108,0,0,0,0,0,119,73,0,0,0,0,0,0,0,0,0,0,76,84,149,150,0,0,119,73,0,0,0,0,0,0,0,0,0,0,76,115,144,0,0,0,85,77,0,0,0,0,0,0,0,0,0,0,102,103,0,0,0,0,85,77,0,0,0,0,0,0,0,0,0,0,72,115,0,0,0,0,0,66,0,0,0,0,0,0,0,0,0,112,0,0,66,0,0,0,0,0,0,0,0,
0,0,0,0,0,0,112,0,0,70,0,0,0,0,0,0,0,0,0,100,0,0,0,0,0,0,66,0,0,0,0,0,0,0,0,0,0,64,0,145,0,0,0,0,66,0,0,0,0,0,0,0,0,0,0,64,149,0,0,0,0,0,70,0,0,0,0,0,0,0,0,0,0,112,150,147,0,0,0,0,66,0,0,0,0,0,0,0,0,0,0,68,134,0,0,0,0,0,66,0,0,0,0,0,0,0,0,0,68,0,0,66,0,0,0,0,0,0,0,0,
0,0,0,0,0,0,68,0,0,70,0,0,0,0,0,0,0,0,0,108,0,0,0,0,0,0,66,0,0,0,0,0,0,0,0,0,0,112,0,0,0,0,0,0,66,0,0,0,0,0,0,0,0,0,0,64,0,0,0,0,0,0,66,0,0,0,0,0,0,0,0,0,0,100,0,144,0,0,0,0,66,0,0,0,0,0,0,0,0,0,0,100,0,0,0,0,0,0,70,0,0,0,0,0,0,0,0,0,112,0,0,66,0,0,0,0,0,0,0,0,
0,114,101,97,77,0,96,0,0,66,0,72,69,65,77,0,0,0,0,68,132,0,0,0,0,82,78,0,0,0,0,0,0,0,0,0,0,75,71,67,71,71,67,67,78,0,0,0,0,0,0,0,0,0,0,75,67,67,71,71,71,67,74,0,0,0,0,0,0,0,0,0,0,79,71,71,67,71,71,71,78,0,0,0,0,0,0,0,0,0,0,75,83,0,0,0,0,0,66,0,0,0,0,102,69,65,77,0,64,0,0,66,0,76,113,113,73,0,0,0,
0,64,150,134,70,0,64,0,0,70,0,68,0,0,66,0,0,0,0,79,83,0,0,0,0,81,73,0,0,0,0,0,0,0,0,0,0,114,65,113,109,101,97,65,77,0,0,0,0,0,0,0,0,0,0,102,97,101,65,113,65,69,73,0,0,0,0,0,0,0,0,0,0,114,69,97,101,97,69,65,73,0,0,0,0,0,0,0,0,0,0,72,99,0,0,0,0,82,74,0,0,0,0,64,0,0,70,0,100,0,0,66,0,100,0,0,66,0,0,0,
0,112,0,0,119,65,115,0,0,81,101,103,0,0,66,0,0,0,0,0,68,133,0,0,0,0,66,0,0,0,0,0,0,0,0,0,0,112,0,0,0,0,0,0,66,0,0,0,0,0,0,0,0,0,0,96,0,0,0,0,0,0,66,0,0,0,0,0,0,0,0,0,0,96,146,149,146,150,0,0,70,0,0,0,0,0,0,0,0,0,0,100,144,0,0,0,0,66,0,0,0,0,0,112,0,0,85,69,99,0,0,117,101,84,0,0,66,0,0,0,
0,68,146,0,0,0,0,0,0,0,152,153,0,0,66,0,0,0,0,0,64,0,0,0,0,0,70,0,0,0,0,0,0,0,0,0,0,68,0,0,0,0,0,0,70,0,0,0,0,0,0,0,0,0,0,112,0,0,0,0,0,0,70,0,0,0,0,0,0,0,0,0,0,68,0,144,152,0,0,0,66,0,0,0,0,0,0,0,0,0,0,112,0,0,0,0,0,66,0,0,0,0,0,68,0,0,0,0,0,0,0,0,0,0,0,0,70,0,0,0,
0,68,149,152,0,0,0,0,0,0,0,0,0,0,66,0,0,0,0,0,100,0,0,0,0,86,74,0,0,0,0,0,0,0,0,0,0,75,120,0,0,0,0,82,74,0,0,0,0,0,0,0,0,0,0,75,118,0,0,0,0,82,74,0,0,0,0,0,0,0,0,0,0,79,83,0,0,0,0,82,78,0,0,0,0,0,0,0,0,0,0,75,120,0,0,0,0,66,0,0,0,0,0,64,0,0,0,0,0,0,0,0,0,0,0,0,66,0,0,0,
0,75,67,118,0,0,0,132,0,0,0,0,0,0,70,0,0,0,0,0,68,0,0,0,0,81,77,0,0,0,0,0,0,0,0,0,0,102,84,110,0,0,0,121,77,0,0,0,0,0,0,0,0,0,0,102,103,0,0,0,0,121,73,0,0,0,0,0,0,0,0,0,0,114,115,135,162,0,0,85,73,0,0,0,0,0,0,0,0,0,0,114,103,0,0,0,0,66,0,0,0,0,0,96,144,0,0,0,0,0,0,0,0,0,82,67,74,0,0,0,
0,0,0,104,0,0,0,111,0,0,0,0,0,0,119,101,113,109,101,97,99,0,0,0,0,0,81,73,114,65,101,73,114,113,101,77,76,80,0,0,0,0,0,0,81,77,98,113,97,73,98,65,113,73,98,84,151,0,0,0,0,0,117,77,72,97,101,77,114,113,65,77,72,115,153,151,0,0,0,0,81,73,102,97,69,77,76,97,101,77,98,99,0,0,0,0,0,119,65,97,113,109,69,80,0,0,0,0,0,0,110,0,0,0,106,0,0,0,0,0,
0,98,97,115,0,0,0,0,0,0,0,0,0,0,0,0,0,0,0,0,0,0,0,0,0,0,0,81,84,0,0,66,100,0,0,117,84,0,0,0,0,0,0,0,0,85,99,0,0,81,115,0,0,121,99,144,0,0,0,0,0,0,0,81,99,0,0,85,84,0,0,119,84,134,133,0,0,0,0,0,0,81,84,0,0,66,96,147,146,121,80,0,0,0,0,0,0,0,0,0,0,0,0,0,0,0,0,0,0,0,0,0,0,0,81,69,77,0,0,0,
0,96,148,144,0,0,0,0,0,0,0,0,0,0,0,0,0,0,0,0,0,0,0,0,0,0,0,0,0,0,0,70,108,0,0,0,111,0,0,0,0,0,0,0,0,0,0,0,0,0,0,0,0,0,0,0,0,0,0,0,0,0,0,0,0,0,0,0,0,0,0,0,0,0,0,0,0,0,0,0,0,0,144,148,0,66,112,0,0,0,0,0,0,0,0,0,0,0,0,0,0,0,0,0,0,0,0,0,0,0,0,0,0,0,0,0,66,0,0,0,
0,100,0,0,0,0,0,0,0,0,0,0,0,0,0,0,0,0,0,0,0,0,0,0,0,0,0,0,0,0,0,66,64,0,0,0,0,0,0,0,0,0,0,0,0,0,0,0,0,0,0,0,0,0,0,0,0,0,0,0,0,0,0,0,0,0,0,0,0,0,0,0,0,0,0,0,0,0,0,0,0,0,0,146,0,66,100,151,0,0,0,0,0,0,0,0,0,0,0,0,0,0,0,0,0,0,0,0,0,0,0,0,0,0,0,0,70,0,0,0,
0,64,0,0,0,0,0,0,0,0,0,0,0,0,0,0,0,0,0,0,0,0,0,0,0,0,0,0,0,0,0,70,108,0,0,0,0,0,0,0,0,0,0,0,0,0,0,0,0,0,0,0,0,0,0,0,0,0,0,0,0,0,0,0,0,0,0,0,0,0,0,0,0,0,0,0,0,0,0,0,0,0,0,0,0,70,96,153,0,0,0,0,0,0,0,0,0,0,0,0,0,0,0,0,0,0,0,0,0,0,0,0,0,0,0,0,66,0,0,0,
0,112,132,0,0,0,0,0,0,0,0,0,0,0,0,0,0,0,0,0,0,0,0,0,0,0,0,0,0,0,0,70,100,0,0,0,0,0,0,0,0,0,0,0,0,110,0,0,0,0,0,0,0,0,0,0,0,0,0,0,0,0,0,0,0,0,0,0,0,0,0,0,0,0,0,0,0,0,0,0,0,0,0,0,0,66,112,0,0,0,0,0,0,0,0,0,0,0,0,0,0,0,0,0,0,0,0,0,0,0,0,0,0,0,0,0,70,0,0,0,
0,75,67,120,0,0,0,0,0,0,0,0,0,0,0,0,0,0,0,0,0,0,0,0,0,0,0,82,116,0,0,66,100,0,0,82,87,0,0,0,0,0,0,0,0,82,87,0,0,86,83,0,0,86,116,0,0,0,0,0,0,0,0,82,120,0,0,86,118,0,0,82,87,0,0,0,0,0,0,0,0,82,116,0,0,66,68,0,0,82,87,0,0,0,0,0,0,0,0,0,0,0,0,0,0,0,0,0,0,0,0,0,0,0,82,67,74,0,0,0,
0,0,0,104,135,0,0,110,0,0,0,0,0,0,82,67,67,67,67,120,0,0,0,0,0,0,86,74,79,67,67,78,75,67,67,74,75,118,0,0,0,0,0,0,86,74,79,67,67,78,75,67,71,74,75,116,0,0,0,0,0,0,82,74,75,71,67,74,79,71,71,74,75,87,0,0,0,0,0,0,86,74,75,67,67,78,79,71,71,78,75,116,0,0,0,0,0,0,86,67,71,67,67,120,0,0,0,0,0,132,111,0,0,0,106,0,0,0,0,0,
0,76,65,84,0,0,0,0,0,0,0,0,0,0,70,0,0,0,0,112,0,0,0,0,0,82,74,0,0,0,0,0,0,0,0,0,0,75,83,0,0,0,111,86,78,0,0,0,0,0,0,0,0,0,0,75,83,0,0,0,0,86,74,0,0,0,0,0,0,0,0,0,0,75,87,0,0,0,0,82,78,0,0,0,0,0,0,0,0,0,0,75,83,0,0,0,0,0,66,0,0,0,0,100,0,0,0,0,0,0,151,0,0,0,85,65,73,0,0,0,
0,112,0,0,0,0,0,0,0,0,0,0,0,0,70,0,0,0,0,68,0,0,0,0,0,117,73,0,0,0,0,0,0,0,0,0,0,102,80,0,0,0,0,121,73,0,0,0,0,0,0,0,0,0,0,72,80,0,0,0,0,119,73,0,0,0,0,0,0,0,0,0,0,72,115,148,146,0,0,117,77,0,0,0,0,0,0,0,0,0,0,98,99,0,0,0,0,0,66,0,0,0,0,68,0,0,0,0,0,0,0,0,0,0,0,0,66,0,0,0,
0,96,0,0,0,0,0,0,0,0,0,0,0,0,70,0,0,0,0,64,0,0,0,0,0,0,70,0,0,0,0,0,0,0,0,0,0,100,0,0,0,0,0,0,66,0,0,0,0,0,0,0,0,0,0,68,152,0,0,0,0,0,66,0,0,0,0,0,0,0,0,0,0,100,0,147,151,0,0,0,66,0,0,0,0,0,0,0,0,0,0,64,0,0,0,0,0,0,70,0,0,0,0,96,0,0,0,0,0,0,0,0,0,0,0,0,66,0,0,0,
0,96,0,0,82,67,120,0,0,86,67,120,0,0,70,0,0,0,0,68,0,0,0,0,0,0,66,0,0,0,0,0,0,0,0,0,0,68,0,0,0,0,0,0,66,0,0,0,0,0,0,0,0,0,0,68,0,0,0,0,0,0,66,0,0,0,0,0,0,0,0,0,0,68,0,0,0,0,0,0,66,0,0,0,0,0,0,0,0,0,0,112,0,0,0,0,0,0,70,0,0,0,0,64,0,0,82,67,118,0,0,82,67,118,0,0,66,0,0,0,
0,112,0,0,66,0,96,0,0,66,0,68,0,0,70,0,0,0,0,96,0,0,0,0,0,82,78,0,0,0,0,0,0,0,0,0,0,79,83,0,0,0,0,82,78,0,0,0,0,0,0,0,0,0,0,75,87,0,0,0,0,82,78,0,0,0,0,0,0,0,0,0,0,75,67,67,71,67,71,67,74,0,0,0,0,0,0,0,0,0,0,79,118,0,0,0,0,0,70,0,0,0,0,112,0,0,66,0,96,0,0,70,0,100,0,0,66,0,0,0,
0,75,71,71,74,0,75,71,71,78,0,79,71,71,78,0,0,0,0,75,120,0,0,0,0,85,73,0,0,0,0,0,0,0,0,0,0,102,103,0,0,0,0,117,77,0,0,0,0,0,0,0,0,0,0,102,99,0,0,0,0,119,73,0,0,0,0,0,0,0,0,0,0,76,113,65,97,101,69,97,77,0,0,0,0,0,0,0,0,0,0,76,103,0,0,0,0,82,78,0,0,0,0,75,71,67,78,0,75,67,71,74,0,75,71,71,74,0,0,0,
0,0,0,0,0,0,0,0,0,0,0,0,0,0,0,0,0,0,0,0,100,0,0,0,0,0,66,0,0,0,0,0,0,0,0,0,0,68,0,0,0,0,0,0,66,0,0,0,0,0,0,0,0,0,0,64,0,0,0,0,0,0,66,0,0,0,0,0,0,0,0,0,0,112,132,146,144,0,0,0,70,0,0,0,0,0,0,0,0,0,0,64,0,0,0,0,0,66,0,0,0,0,0,0,0,0,0,0,0,0,0,0,0,0,0,0,0,0,0,0,
0,0,0,0,0,0,0,0,0,0,0,0,0,0,0,0,0,0,0,0,96,0,0,0,0,0,66,0,0,0,0,0,0,0,0,0,0,112,0,0,0,0,0,0,70,0,0,0,0,0,0,0,0,0,0,112,0,0,0,0,0,0,66,0,0,0,0,0,0,0,0,0,0,96,152,0,0,0,0,0,70,0,0,0,0,0,0,0,0,0,0,96,0,0,0,0,0,66,0,0,0,0,0,0,0,0,0,0,0,0,0,0,0,0,0,0,0,0,0,0,
0,0,0,0,0,0,0,0,0,0,0,0,0,0,0,0,0,0,0,0,64,0,0,0,0,86,74,0,0,0,0,0,0,0,0,0,0,75,120,0,0,0,0,86,74,0,0,0,0,0,0,0,0,0,0,79,118,0,0,0,0,82,74,0,0,0,0,0,0,0,0,0,0,75,116,163,0,0,0,82,74,0,0,0,0,0,0,0,0,0,0,75,87,0,0,0,0,66,0,0,0,0,0,0,0,0,0,0,0,0,0,0,0,0,0,0,0,0,0,0,
0,0,0,0,0,0,0,0,0,0,0,0,0,0,0,0,0,0,0,0,100,0,0,0,0,85,73,0,0,0,0,0,0,0,0,0,0,98,80,0,0,0,0,119,77,0,0,0,0,0,0,0,0,0,0,98,84,0,0,0,0,85,73,0,0,0,0,0,0,0,0,0,0,98,99,0,0,0,0,85,73,0,0,0,0,0,0,0,0,0,0,76,80,0,0,0,0,66,0,0,0,0,0,0,0,0,0,0,0,0,0,0,0,0,0,0,0,0,0,0,
0,0,0,0,0,0,0,0,0,0,0,0,0,0,0,0,0,0,0,76,80,0,0,0,0,0,81,73,98,97,65,73,76,113,97,73,98,84,0,0,0,0,0,0,119,77,102,65,97,73,72,101,65,77,98,103,0,0,0,0,0,0,119,77,102,69,101,73,102,113,101,77,72,103,151,0,0,0,0,0,81,73,102,69,97,77,114,101,69,73,76,115,0,0,0,0,0,117,73,0,0,0,0,0,0,0,0,0,0,0,0,0,0,0,0,0,0,0,0,0,
0,0,0,0,0,0,0,0,0,0,0,0,0,0,0,0,0,0,0,64,0,0,0,0,0,0,0,117,80,0,0,119,115,0,0,85,115,0,0,0,0,0,0,0,0,117,84,0,0,119,84,0,0,117,80,0,0,0,0,0,0,0,0,117,84,0,0,70,112,0,0,121,84,0,0,134,0,0,0,0,0,119,80,151,144,81,99,134,133,121,103,0,0,0,0,0,0,0,70,0,0,0,0,0,0,0,0,0,0,0,0,0,0,0,0,0,0,0,0,0,
0,0,0,0,0,0,0,0,0,0,0,0,0,0,0,0,0,0,0,112,0,0,0,0,0,0,0,0,0,0,0,0,0,0,0,0,0,0,0,0,0,0,0,0,0,0,0,0,0,0,0,0,0,0,0,0,0,0,0,0,0,0,0,0,0,0,0,66,68,0,0,0,0,0,0,133,0,0,0,0,0,0,0,0,0,0,0,0,0,0,0,0,0,0,0,0,0,0,70,0,0,0,0,0,0,0,0,0,0,0,0,0,0,0,0,0,0,0,0,0,
0,0,0,0,0,0,0,0,0,0,0,0,0,0,0,0,0,0,0,108,0,0,0,0,0,0,0,0,0,0,0,0,0,0,0,0,0,0,0,0,0,0,0,0,0,0,0,0,0,0,0,0,0,0,0,0,0,0,0,0,0,0,0,0,0,0,0,66,96,135,0,0,0,0,0,0,0,0,0,0,0,0,0,0,0,0,0,0,0,0,0,0,0,0,0,0,0,0,70,0,0,0,0,0,0,0,0,0,0,0,0,0,0,0,0,0,0,0,0,0,
0,0,0,0,0,0,0,0,0,0,0,0,0,0,0,0,0,0,0,68,0,0,0,0,0,0,0,0,0,0,0,0,0,0,0,0,0,0,0,0,0,0,0,0,0,0,0,0,0,0,0,0,0,0,0,0,0,0,0,0,0,0,0,0,0,0,0,66,96,146,132,0,0,0,0,0,0,0,0,0,0,0,0,0,0,0,0,0,0,0,0,0,0,0,0,0,0,0,66,0,0,0,0,0,0,0,0,0,0,0,0,0,0,0,0,0,0,0,0,0,
0,0,0,0,0,0,0,0,0,0,0,0,0,0,0,0,0,0,0,100,0,0,0,0,0,0,0,0,0,0,0,0,0,0,0,0,0,0,0,0,0,0,0,0,0,0,0,0,0,0,0,0,0,0,0,0,0,0,0,0,0,0,0,0,0,0,0,66,100,148,0,0,0,0,0,0,0,0,0,0,0,0,0,0,0,0,0,0,0,0,0,0,0,0,0,0,0,0,70,0,0,0,0,0,0,0,0,0,0,0,0,0,0,0,0,0,0,0,0,0,
0,0,0,0,0,0,0,0,0,0,0,0,0,0,0,0,0,0,0,64,0,0,0,0,0,0,82,71,67,67,71,120,0,0,0,0,0,0,86,67,71,71,67,87,0,0,0,0,0,0,82,67,71,67,67,118,0,0,0,0,0,0,86,67,67,67,71,74,96,0,0,0,0,0,82,67,67,67,67,116,0,0,0,0,0,0,86,71,67,71,67,87,0,0,0,0,0,0,70,0,0,0,0,0,0,0,0,0,0,0,0,0,0,0,0,0,0,0,0,0,
0,0,0,0,0,0,0,0,0,0,0,0,0,0,0,0,0,0,0,75,67,67,71,71,71,67,74,0,0,0,0,75,71,87,0,0,86,67,78,0,0,0,0,75,71,67,67,71,67,67,74,0,0,0,0,75,67,67,71,67,71,67,74,0,0,0,0,0,75,67,71,67,67,71,78,0,0,0,0,79,67,67,67,67,67,67,74,0,0,0,0,75,71,67,67,71,67,67,78,0,0,0,0,0,0,0,0,0,0,0,0,0,0,0,0,0,0,0,0,0,
0,0,0,0,0,0,0,0,0,0,0,0,0,0,0,0,0,0,0,0,0,0,0,0,0,0,0,0,0,0,0,0,0,96,0,0,70,0,0,0,0,0,0,0,0,0,0,0,0,0,0,0,0,0,0,0,0,0,0,0,0,0,0,0,0,0,0,0,0,0,0,0,0,0,0,0,0,0,0,0,0,0,0,0,0,0,0,0,0,0,0,0,0,0,0,0,0,0,0,0,0,0,0,0,0,0,0,0,0,0,0,0,0,0,0,0,0,0,0,0,
0,0,0,0,0,0,0,0,0,0,0,0,0,0,0,0,0,0,0,0,0,0,0,0,0,0,0,0,0,0,0,0,0,68,0,0,66,0,0,0,0,0,0,0,0,0,0,0,0,0,0,0,0,0,0,0,0,0,0,0,0,0,0,0,0,0,0,0,0,0,0,0,0,0,0,0,0,0,0,0,0,0,0,0,0,0,0,0,0,0,0,0,0,0,0,0,0,0,0,0,0,0,0,0,0,0,0,0,0,0,0,0,0,0,0,0,0,0,0,0,
0,0,0,0,0,0,0,0,0,0,0,0,0,0,0,0,0,0,0,0,0,0,0,0,0,0,0,0,0,0,0,0,0,108,0,0,121,113,0,0,0,0,0,0,0,0,0,0,0,0,0,0,0,0,0,0,0,0,0,0,0,0,0,0,0,0,0,0,0,0,0,0,0,0,0,0,0,0,0,0,0,0,0,0,0,0,0,0,0,0,0,0,0,0,0,0,0,0,0,0,0,0,0,0,0,0,0,0,0,0,0,0,0,0,0,0,0,0,0,0,
0,0,0,0,0,0,0,0,0,0,0,0,0,0,0,0,0,0,0,0,0,0,0,0,0,0,0,0,0,0,0,0,0,100,0,0,0,0,121,73,0,0,0,0,0,0,0,0,0,0,0,0,0,0,0,0,0,0,0,0,0,0,0,0,0,0,0,0,0,0,0,0,0,0,0,0,0,0,0,0,0,0,0,0,0,0,0,0,0,0,0,0,0,0,0,0,0,0,0,0,0,0,0,0,0,0,0,0,0,0,0,0,0,0,0,0,0,0,0,0,
0,0,0,0,0,0,0,0,0,0,0,0,0,0,0,0,0,0,0,0,0,0,0,0,0,0,0,0,0,0,0,0,0,100,0,0,0,0,0,66,0,0,0,0,0,0,0,0,0,0,0,0,0,0,0,0,0,0,0,0,0,0,0,0,0,0,0,0,0,0,0,0,0,0,0,0,0,0,0,0,0,0,0,0,0,0,0,0,0,0,0,0,0,0,0,0,0,0,0,0,0,0,0,0,0,0,0,0,0,0,0,0,0,0,0,0,0,0,0,0,
0,0,0,0,0,0,0,0,0,0,0,0,0,0,0,0,0,0,0,0,0,0,0,0,0,0,0,0,0,0,0,0,0,75,71,118,0,0,0,85,65,101,109,113,73,0,0,0,0,0,0,0,0,0,0,0,0,0,114,113,69,97,105,113,65,97,101,69,73,0,0,0,0,0,0,0,0,0,0,0,0,0,0,0,0,0,0,0,0,0,0,0,0,0,0,0,0,0,0,0,0,0,0,0,0,0,0,0,0,0,0,0,0,0,0,0,0,0,0,0,
0,0,0,0,0,0,0,0,0,0,0,0,0,0,0,0,0,0,0,0,0,0,0,0,0,0,0,0,0,0,0,0,0,0,0,75,120,0,0,0,0,0,0,0,117,77,0,0,0,0,0,0,0,0,0,0,0,76,99,0,0,0,0,0,0,0,0,0,66,0,0,0,0,0,0,0,0,0,0,0,0,0,0,0,0,0,0,0,0,0,0,0,0,0,0,0,0,0,0,0,0,0,0,0,0,0,0,0,0,0,0,0,0,0,0,0,0,0,0,0,
0,0,0,0,0,0,0,0,0,0,0,0,0,0,0,0,0,0,0,0,0,0,0,0,0,0,0,0,0,0,0,0,0,0,0,0,75,87,0,0,0,0,0,0,0,85,113,77,0,0,0,0,0,0,0,0,76,103,0,0,0,0,0,0,0,0,0,0,70,0,0,0,0,0,0,0,0,0,0,0,0,0,0,0,0,0,0,0,0,0,0,0,0,0,0,0,0,0,0,0,0,0,0,0,0,0,0,0,0,0,0,0,0,0,0,0,0,0,0,0,
0,0,0,0,0,0,0,0,0,0,0,0,0,0,0,0,0,0,0,0,0,0,0,0,0,0,0,0,0,0,0,0,0,0,0,0,0,75,118,0,0,0,0,0,0,0,0,121,73,0,0,0,0,0,0,102,80,0,0,0,0,86,107,67,120,0,0,0,81,77,0,0,0,0,0,0,0,0,0,0,0,0,0,0,0,0,0,0,0,0,0,0,0,0,0,0,0,0,0,0,0,0,0,0,0,0,0,0,0,0,0,0,0,0,0,0,0,0,0,0,
0,0,0,0,0,0,0,0,0,0,0,0,0,0,0,0,0,0,0,0,0,0,0,0,0,0,0,0,0,0,0,0,0,0,0,0,0,0,0,67,71,118,0,0,0,0,0,0,85,97,65,113,65,77,0,112,0,0,0,82,71,78,0,0,75,118,0,0,0,119,101,69,77,0,0,0,0,0,0,0,0,0,0,0,0,0,0,0,0,0,0,0,0,0,0,0,0,0,0,0,0,0,0,0,0,0,0,0,0,0,0,0,0,0,0,0,0,0,0,0,
0,0,0,0,0,0,0,0,0,0,0,0,0,0,0,0,0,0,0,0,0,0,0,0,0,0,0,0,0,0,0,0,0,0,0,0,0,0,0,0,0,79,67,71,120,0,0,0,0,0,0,0,0,85,101,103,0,0,0,70,0,0,0,0,76,99,0,0,0,0,149,147,85,73,0,0,0,0,0,0,0,0,0,0,0,0,0,0,0,0,0,0,0,0,0,0,0,0,0,0,0,0,0,0,0,0,0,0,0,0,0,0,0,0,0,0,0,0,0,0,
0,0,0,0,0,0,0,0,0,0,0,0,0,0,0,0,0,0,0,0,0,0,0,0,0,0,0,0,0,0,0,0,0,0,0,0,0,0,0,0,0,0,0,0,75,87,0,0,0,0,0,0,0,0,0,0,0,0,82,74,0,0,0,98,103,146,134,0,0,0,135,144,0,66,0,0,0,0,0,0,0,0,0,0,0,0,0,0,0,0,0,0,0,0,0,0,0,0,0,0,0,0,0,0,0,0,0,0,0,0,0,0,0,0,0,0,0,0,0,0,
0,0,0,0,0,0,0,0,0,0,0,0,0,0,0,0,0,0,0,0,0,0,0,0,0,0,0,0,0,0,0,0,0,0,0,0,0,0,0,0,0,0,0,0,0,75,118,0,0,0,0,0,0,0,0,0,0,0,70,0,0,98,101,103,0,0,0,0,0,0,0,0,0,70,0,0,0,0,0,0,0,0,0,0,0,0,0,0,0,0,0,0,0,0,0,0,0,0,0,0,0,0,0,0,0,0,0,0,0,0,0,0,0,0,0,0,0,0,0,0,
0,0,0,0,0,0,0,0,0,0,0,0,0,0,0,0,0,0,0,0,0,0,0,0,0,0,0,0,0,0,0,0,0,0,0,0,0,0,0,0,0,0,0,0,0,0,79,67,67,71,71,116,0,0,0,0,0,0,70,0,0,68,0,0,0,0,0,0,0,0,0,0,0,70,0,0,0,0,0,0,0,0,0,0,0,0,0,0,0,0,0,0,0,0,0,0,0,0,0,0,0,0,0,0,0,0,0,0,0,0,0,0,0,0,0,0,0,0,0,0,
0,0,0,0,0,0,0,0,0,0,0,0,0,0,0,0,0,0,0,0,0,0,0,0,0,0,0,0,0,0,0,0,0,0,0,0,0,0,0,0,0,0,0,0,0,0,0,0,0,0,0,79,71,71,67,67,67,71,78,0,0,64,0,0,0,0,0,133,0,0,0,0,0,81,77,0,0,0,0,0,0,0,0,0,0,0,0,0,0,0,0,0,0,0,0,0,0,0,0,0,0,0,0,0,0,0,0,0,0,0,0,0,0,0,0,0,0,0,0,0,
0,0,0,0,0,0,0,0,0,0,0,0,0,0,0,0,0,0,0,0,0,0,0,0,0,0,0,0,0,0,0,0,0,0,0,0,0,0,0,0,0,0,0,0,0,0,0,0,0,0,0,0,0,0,0,0,0,0,0,0,0,75,67,120,0,0,0,132,0,0,0,0,0,0,66,0,0,0,0,0,0,0,0,0,0,0,0,0,0,0,0,0,0,0,0,0,0,0,0,0,0,0,0,0,0,0,0,0,0,0,0,0,0,0,0,0,0,0,0,0,
0,0,0,0,0,0,0,0,0,0,0,0,0,0,0,0,0,0,0,0,0,0,0,0,0,0,0,0,0,0,0,0,0,0,0,0,0,0,0,0,0,0,0,0,0,0,0,0,0,0,0,0,0,0,0,0,0,0,0,0,0,0,0,100,0,0,151,0,0,0,0,0,0,0,66,0,0,0,0,0,0,0,0,0,0,0,0,0,0,0,0,0,0,0,0,0,0,0,0,0,0,0,0,0,0,0,0,0,0,0,0,0,0,0,0,0,0,0,0,0,
0,0,0,0,0,0,0,0,0,0,0,0,0,0,0,0,0,0,0,0,0,0,0,0,0,0,0,0,0,0,0,0,0,0,0,0,0,0,0,0,0,0,0,0,0,0,0,0,0,0,0,0,0,0,0,0,0,0,0,0,0,0,0,75,67,83,0,0,0,0,0,0,0,0,66,0,0,0,0,0,0,0,0,0,0,0,0,0,0,0,0,0,0,0,0,0,0,0,0,0,0,0,0,0,0,0,0,0,0,0,0,0,0,0,0,0,0,0,0,0,
0,0,0,0,0,0,0,0,0,0,0,0,0,0,0,0,0,0,0,0,0,0,0,0,0,0,0,0,0,0,0,0,0,0,0,0,0,0,0,0,0,0,0,0,0,0,0,0,0,0,0,0,0,0,0,0,0,0,0,0,0,0,0,0,0,75,67,67,83,0,0,0,0,86,78,0,0,0,0,0,0,0,0,0,0,0,0,0,0,0,0,0,0,0,0,0,0,0,0,0,0,0,0,0,0,0,0,0,0,0,0,0,0,0,0,0,0,0,0,0,
0,0,0,0,0,0,0,0,0,0,0,0,0,0,0,0,0,0,0,0,0,0,0,0,0,0,0,0,0,0,0,0,0,0,0,0,0,0,0,0,0,0,0,0,0,0,0,0,0,0,0,0,0,0,0,0,0,0,0,0,0,0,0,0,0,0,0,0,79,71,241,241,86,78,0,0,0,0,0,0,0,0,0,0,0,0,0,0,0,0,0,0,0,0,0,0,0,0,0,0,0,0,0,0,0,0,0,0,0,0,0,0,0,0,0,0,0,0,0,0,
0,0,0,0,0,0,0,0,0,0,0,0,0,0,0,0,0,0,0,0,0,0,0,0,0,0,0,0,0,0,0,0,0,0,0,0,0,0,0,0,0,0,0,0,0,0,0,0,0,0,0,0,0,0,0,0,0,0,0,0,0,0,0,0,0,0,0,0,0,0,0,0,0,0,0,0,0,0,0,0,0,0,0,0,0,0,0,0,0,0,0,0,0,0,0,0,0,0,0,0,0,0,0,0,0,0,0,0,0,0,0,0,0,0,0,0,0,0,0,0,
0,0,0,0,0,0,0,0,0,0,0,0,0,0,0,0,0,0,0,0,0,0,0,0,0,0,0,0,0,0,0,0,0,0,0,0,0,0,0,0,0,0,0,0,0,0,0,0,0,0,0,0,0,0,0,0,0,0,0,0,0,0,0,0,0,0,0,0,0,0,0,0,0,0,0,0,0,0,0,0,0,0,0,0,0,0,0,0,0,0,0,0,0,0,0,0,0,0,0,0,0,0,0,0,0,0,0,0,0,0,0,0,0,0,0,0,0,0,0,0

[layer]
type=collision
data=
3,3,3,3,3,3,3,3,3,3,3,3,3,3,3,3,3,3,3,3,3,3,3,3,3,3,3,3,3,3,3,3,3,3,3,3,3,3,3,3,3,3,3,3,3,3,3,3,3,3,3,3,3,3,3,3,3,3,3,3,3,3,3,3,3,3,3,3,3,3,3,3,3,3,3,3,3,3,3,3,3,3,3,3,3,3,3,3,3,3,3,3,3,3,3,3,3,3,3,3,3,3,3,3,3,3,3,3,3,3,3,3,3,3,3,3,3,3,3,3,
3,3,3,3,3,3,3,3,3,3,3,3,3,3,3,3,3,3,3,3,3,3,3,3,3,3,3,3,3,3,3,3,3,3,3,3,3,3,3,3,3,3,3,3,3,3,3,3,3,3,3,3,3,3,3,3,3,3,3,3,3,3,3,3,3,3,3,3,3,3,3,3,3,3,3,3,3,3,3,3,3,3,3,3,3,3,3,3,3,3,3,3,3,3,3,3,3,3,3,3,3,3,3,3,3,3,3,3,3,3,3,3,3,3,3,3,3,3,3,3,
3,3,3,3,3,3,3,3,3,3,3,3,3,3,3,3,3,3,3,3,3,3,3,3,3,3,3,3,3,3,3,3,3,3,3,3,3,3,3,3,3,3,3,3,3,3,3,3,3,3,3,3,3,3,3,3,3,3,3,3,3,3,3,3,3,3,3,3,3,3,3,3,3,3,3,3,3,3,3,3,3,3,3,3,3,3,3,3,3,3,3,3,3,3,3,3,3,3,3,3,3,3,3,3,3,3,3,3,3,3,3,3,3,3,3,3,3,3,3,3,
3,3,3,3,3,3,3,3,3,3,3,3,3,3,3,3,3,3,3,1,1,1,1,1,1,1,1,3,3,3,3,1,1,1,1,1,1,1,1,3,3,3,3,1,1,1,1,1,1,1,1,3,3,3,3,1,1,1,0,0,1,1,1,3,3,3,3,1,1,1,1,1,1,1,1,3,3,3,3,1,1,1,1,1,1,1,1,3,3,3,3,1,1,1,1,1,1,1,1,3,3,3,3,3,3,3,3,3,3,3,3,3,3,3,3,3,3,3,3,3,
3,3,3,3,3,3,3,3,3,3,3,3,3,3,3,3,3,3,3,1,1,4,0,0,0,4,1,1,1,1,1,1,0,0,0,0,0,0,1,1,1,1,1,1,1,4,4,0,0,1,1,1,1,1,1,1,0,0,0,0,0,0,1,1,1,1,1,1,0,0,0,0,0,0,1,1,1,1,1,1,0,0,0,0,0,0,1,1,1,1,1,1,0,0,0,4,1,4,1,3,3,3,3,3,3,3,3,3,3,3,3,3,3,3,3,3,3,3,3,3,
3,3,3,3,3,3,3,3,3,3,3,3,3,3,3,3,3,3,3,1,4,0,0,0,0,0,0,0,0,0,0,0,0,0,0,0,0,0,0,0,0,0,0,0,0,4,4,0,0,1,1,2,2,1,0,0,0,0,0,0,0,0,0,0,0,0,0,0,0,0,0,0,0,0,0,0,0,0,0,0,0,0,0,0,0,0,0,0,0,0,0,0,0,0,0,0,0,4,1,3,3,3,3,3,3,3,3,3,3,3,3,3,3,3,3,3,3,3,3,3,
3,3,3,3,3,3,3,3,3,3,3,3,3,3,3,3,3,3,3,1,0,0,0,0,0,0,0,0,0,0,0,0,0,0,0,0,0,0,0,0,0,0,0,0,0,0,0,0,0,1,1,2,2,4,0,0,0,0,0,0,0,0,0,0,0,0,0,0,0,0,0,0,0,0,0,0,0,0,0,0,0,0,0,0,0,0,0,0,0,0,0,0,0,0,0,0,0,0,1,3,3,3,3,3,3,3,3,3,3,3,3,3,3,3,3,3,3,3,3,3,
3,3,3,3,3,3,3,3,3,3,3,3,3,3,3,3,3,3,3,1,0,0,0,0,0,0,0,0,0,0,0,0,0,0,0,0,0,0,0,0,0,0,0,0,0,0,0,0,0,1,1,2,2,2,0,0,0,0,0,0,0,0,0,0,0,0,0,0,0,0,0,0,0,0,0,0,0,0,0,0,0,0,0,0,0,0,0,0,0,0,0,0,0,0,0,0,0,0,1,3,3,3,3,3,3,3,3,3,3,3,3,3,3,3,3,3,3,3,3,3,
3,3,3,3,3,3,3,3,3,3,3,3,3,3,3,3,3,3,3,1,0,0,0,0,0,0,0,0,0,0,0,0,0,0,0,0,0,0,0,0,0,0,0,0,0,0,0,0,0,1,1,2,2,2,0,0,0,0,0,0,0,0,0,0,0,0,0,0,0,0,0,0,0,0,0,0,0,0,0,0,0,0,0,0,0,0,0,0,0,0,0,0,0,0,0,0,0,0,1,3,3,3,3,3,3,3,3,3,3,3,3,3,3,3,3,3,3,3,3,3,
3,3,3,3,3,3,3,3,3,3,3,3,3,3,3,3,3,3,3,1,0,0,0,0,0,0,0,1,1,0,0,1,1,0,0,1,1,0,0,0,0,0,0,0,0,1,1,0,0,1,1,2,2,1,1,0,0,0,0,0,0,0,0,1,1,0,0,1,1,0,0,1,1,0,0,0,0,0,0,0,0,1,1,0,0,1,1,0,0,1,1,0,0,0,0,0,0,0,1,3,3,3,3,3,3,3,3,3,3,3,3,3,3,3,3,3,3,3,3,3,
3,3,3,3,3,3,3,3,3,3,3,3,3,3,3,3,3,3,3,1,1,0,0,0,0,0,1,1,1,1,1,1,1,1,1,1,1,1,0,0,0,0,0,0,1,1,1,1,1,1,1,1,1,1,1,1,0,0,0,0,0,0,1,1,1,1,1,1,1,1,1,1,1,1,0,0,0,0,0,0,1,1,1,1,1,1,1,1,1,1,1,1,0,0,0,0,0,1,1,3,3,3,3,3,3,3,3,3,3,3,3,3,3,3,3,3,3,3,3,3,
3,3,3,3,3,3,3,3,3,3,3,3,3,3,3,3,3,3,3,3,1,0,0,0,0,1,1,3,3,3,3,3,3,3,3,3,3,1,1,0,0,0,0,1,1,3,3,3,3,3,3,3,3,3,3,1,1,0,0,0,0,1,1,3,3,3,3,3,3,3,3,3,3,1,1,0,0,0,0,1,1,3,3,3,3,3,3,3,3,3,3,1,1,0,0,0,0,1,3,3,3,3,3,3,3,3,3,3,3,3,3,3,3,3,3,3,3,3,3,3,
3,3,3,3,3,3,3,3,3,3,3,3,3,3,3,3,3,3,3,3,1,0,0,0,0,1,1,3,3,3,3,3,3,3,3,3,3,1,1,0,0,0,0,1,1,3,3,3,3,3,3,3,3,3,3,1,1,4,0,0,0,1,1,3,3,3,3,3,3,3,3,3,3,1,1,0,0,0,0,1,1,3,3,3,3,3,3,3,3,3,3,1,1,0,0,0,0,1,3,3,3,3,3,3,3,3,3,3,3,3,3,3,3,3,3,3,3,3,3,3,
3,3,3,3,3,3,3,3,3,3,3,3,3,3,3,3,3,3,3,3,1,0,0,0,0,0,1,3,3,3,3,3,3,3,3,3,3,1,0,0,0,0,0,0,1,3,3,3,3,3,3,3,3,3,3,1,0,4,0,0,0,0,1,3,3,3,3,3,3,3,3,3,3,1,0,0,0,0,0,0,1,3,3,3,3,3,3,3,3,3,3,1,0,0,0,0,0,1,3,3,3,3,3,3,3,3,3,3,3,3,3,3,3,3,3,3,3,3,3,3,
3,3,3,3,3,3,3,3,3,3,3,3,3,3,3,3,3,3,3,3,1,0,0,0,0,0,1,3,3,3,3,3,3,3,3,3,3,1,0,0,0,0,0,0,1,3,3,3,3,3,3,3,3,3,3,1,0,0,0,0,0,0,1,3,3,3,3,3,3,3,3,3,3,1,0,0,0,0,0,0,1,3,3,3,3,3,3,3,3,3,3,1,0,0,0,0,0,1,3,3,3,3,3,3,3,3,3,3,3,3,3,3,3,3,3,3,3,3,3,3,
3,1,1,1,1,3,1,1,1,1,3,1,1,1,1,3,3,3,3,1,1,0,0,0,0,1,1,3,3,3,3,3,3,3,3,3,3,1,1,0,0,0,0,1,1,3,3,3,3,3,3,3,3,3,3,1,1,1,1,1,1,1,1,3,3,3,3,3,3,3,3,3,3,1,1,0,0,0,0,1,1,3,3,3,3,3,3,3,3,3,3,1,1,0,0,0,0,1,1,3,3,3,3,1,1,1,1,3,1,1,1,1,3,1,1,1,1,3,3,3,
3,1,0,0,1,3,1,4,0,1,3,1,0,0,1,3,3,3,3,1,1,0,0,0,0,1,1,3,3,3,3,3,3,3,3,3,3,1,1,0,0,0,0,1,1,3,3,3,3,3,3,3,3,3,3,1,1,1,1,1,1,1,1,3,3,3,3,3,3,3,3,3,3,1,1,0,0,0,0,1,1,3,3,3,3,3,3,3,3,3,3,1,1,0,0,0,0,0,1,3,3,3,3,1,4,0,1,3,1,4,0,1,3,1,0,0,1,3,3,3,
3,1,4,0,1,1,1,0,0,1,1,1,0,0,1,3,3,3,3,1,4,0,0,0,0,0,1,3,3,3,3,3,3,3,3,3,3,1,0,0,0,0,0,0,1,3,3,3,3,3,3,3,3,3,3,1,4,0,0,0,0,0,1,3,3,3,3,3,3,3,3,3,3,1,4,0,0,0,0,0,1,3,3,3,3,3,3,3,3,3,3,1,0,0,0,0,0,0,1,3,3,3,3,1,0,0,1,1,1,0,0,1,1,1,0,0,1,3,3,3,
3,1,1,0,0,0,0,0,0,0,4,0,0,0,1,3,3,3,3,1,0,0,0,0,0,0,1,3,3,3,3,3,3,3,3,3,3,1,0,0,0,0,0,0,1,3,3,3,3,3,3,3,3,3,3,1,0,0,0,0,0,0,1,3,3,3,3,3,3,3,3,3,3,1,4,0,0,0,0,0,1,3,3,3,3,3,3,3,3,3,3,1,0,0,0,0,0,0,1,3,3,3,3,1,0,0,0,0,0,0,0,0,0,0,0,0,1,3,3,3,
3,1,0,0,0,0,0,0,0,0,0,0,0,0,1,3,3,3,3,1,0,0,0,0,0,1,1,3,3,3,3,3,3,3,3,3,3,1,1,0,0,0,0,1,1,3,3,3,3,3,3,3,3,3,3,1,1,0,0,0,0,1,1,3,3,3,3,3,3,3,3,3,3,1,1,0,0,0,0,1,1,3,3,3,3,3,3,3,3,3,3,1,1,0,0,0,0,0,1,3,3,3,3,1,0,0,0,0,0,0,0,0,0,0,0,0,1,3,3,3,
3,1,1,1,0,0,0,0,0,0,0,0,0,0,1,3,3,3,3,1,0,0,0,0,0,1,1,3,3,3,3,3,3,3,3,3,3,1,1,0,0,0,0,1,1,3,3,3,3,3,3,3,3,3,3,1,1,1,0,0,0,1,1,3,3,3,3,3,3,3,3,3,3,1,1,0,0,0,0,1,1,3,3,3,3,3,3,3,3,3,3,1,1,0,0,0,0,0,1,3,3,3,3,1,0,0,0,0,0,0,0,0,0,0,1,1,1,3,3,3,
3,3,3,1,0,0,0,1,0,0,0,0,0,0,1,1,1,1,1,1,0,0,0,0,0,0,1,1,1,1,1,1,1,1,1,1,1,1,0,0,0,0,0,0,1,1,1,1,1,1,1,1,1,1,1,1,0,0,0,0,0,0,1,1,1,1,1,1,1,1,1,1,1,1,0,0,0,0,0,0,1,1,1,1,1,1,1,1,1,1,1,1,0,0,0,0,0,0,1,1,1,1,1,1,0,0,0,0,0,4,1,0,0,0,1,3,3,3,3,3,
3,1,1,1,0,0,0,0,0,0,0,0,0,0,0,0,1,4,4,0,0,0,0,0,0,0,0,1,1,2,2,1,1,4,0,1,1,0,0,0,0,0,0,0,0,1,1,0,0,1,1,0,0,1,1,0,0,0,0,0,0,0,0,1,1,0,0,1,1,2,2,1,1,0,0,0,0,0,0,0,0,1,1,0,0,1,1,4,0,1,1,0,0,0,0,0,0,0,0,0,0,0,0,0,0,0,0,0,0,0,0,0,0,0,1,1,1,3,3,3,
3,1,0,0,0,0,0,0,0,0,0,0,0,0,0,0,0,4,0,0,0,0,0,0,0,0,0,0,2,2,2,1,1,4,0,0,0,0,0,0,0,0,0,0,0,0,0,0,0,0,0,0,0,0,1,0,0,0,0,0,0,0,0,0,4,4,0,1,1,2,2,2,0,0,0,0,0,0,0,0,0,0,0,0,0,0,0,0,0,0,0,0,0,0,0,0,0,0,0,0,0,0,0,0,0,0,0,0,0,0,0,0,0,0,0,0,1,3,3,3,
3,1,0,0,0,0,0,0,0,0,0,0,0,0,0,0,0,0,0,0,0,0,0,0,0,0,0,2,2,4,2,1,1,4,4,0,0,0,0,0,0,0,0,0,0,0,0,0,0,0,0,0,0,0,0,0,0,0,0,0,0,0,0,0,0,0,0,1,1,2,2,2,0,0,0,0,0,0,0,0,0,0,0,0,0,0,0,0,0,0,0,0,0,0,0,0,0,0,0,0,0,0,0,0,0,0,0,0,0,0,0,0,0,0,0,0,1,3,3,3,
3,1,4,0,0,0,0,0,0,0,0,0,0,0,0,0,0,0,0,0,0,0,0,0,0,0,0,2,4,4,2,1,1,1,0,0,0,0,0,0,0,0,0,0,0,0,0,0,0,0,0,0,0,0,0,0,0,0,0,0,0,0,0,0,0,0,0,1,1,1,2,2,0,0,0,0,0,0,0,0,0,0,0,0,0,0,0,0,0,0,0,0,0,0,0,0,0,0,0,0,0,0,0,0,0,0,0,0,0,0,0,0,0,0,0,0,1,3,3,3,
3,1,1,0,0,0,0,0,0,0,0,0,0,0,0,0,0,0,0,0,0,0,0,0,0,0,0,2,2,2,2,1,1,0,0,0,0,0,0,0,0,0,0,0,0,0,0,0,0,0,0,0,0,0,0,0,0,0,0,0,0,0,0,1,0,0,0,1,1,0,0,0,0,0,0,0,0,0,0,0,0,0,0,0,0,0,0,0,0,0,0,0,0,0,0,0,0,0,0,0,0,0,0,0,0,0,0,0,0,0,0,0,0,0,0,0,1,3,3,3,
3,1,1,1,0,0,0,0,0,0,0,0,0,0,0,0,0,0,0,0,4,0,0,0,0,0,0,1,1,2,2,1,1,0,0,1,1,0,0,0,0,0,0,0,0,1,1,0,0,1,1,0,0,1,1,0,0,0,0,0,0,0,0,1,1,0,0,1,1,0,0,1,1,0,0,0,0,0,0,0,0,1,1,0,0,1,1,0,0,1,1,0,0,0,0,0,0,0,0,0,0,0,0,0,0,0,0,0,0,0,0,0,0,0,1,1,1,3,3,3,
3,3,3,1,0,0,4,1,0,0,0,0,0,0,1,1,1,1,1,1,1,4,0,0,0,0,1,1,1,1,1,1,1,1,1,1,1,1,0,0,0,0,0,0,1,1,1,1,1,1,1,1,1,1,1,1,0,0,0,0,0,0,1,1,1,1,1,1,1,1,1,1,1,1,0,0,0,0,0,0,1,1,1,1,1,1,1,1,1,1,1,1,0,0,0,0,0,1,1,1,1,1,1,1,0,0,0,0,0,0,1,0,0,0,1,3,3,3,3,3,
3,1,1,1,0,0,0,0,0,0,0,0,0,0,1,3,3,3,3,3,1,4,0,0,0,1,1,3,3,3,3,3,3,3,3,3,3,1,1,0,0,0,0,1,1,3,3,3,3,3,3,3,3,3,3,1,1,0,0,0,1,1,1,3,3,3,3,3,3,3,3,3,3,1,1,0,0,0,0,1,1,3,3,3,3,3,3,3,3,3,3,1,1,0,0,0,0,1,3,3,3,3,3,1,0,0,0,0,0,0,0,0,0,0,1,1,1,3,3,3,
3,1,0,0,0,0,0,0,0,0,0,0,0,0,1,3,3,3,3,3,1,0,0,0,0,1,1,3,3,3,3,3,3,3,3,3,3,1,1,0,0,0,0,1,1,3,3,3,3,3,3,3,3,3,3,1,1,0,0,0,0,1,1,3,3,3,3,3,3,3,3,3,3,1,1,4,0,0,0,1,1,3,3,3,3,3,3,3,3,3,3,1,1,0,0,0,0,1,3,3,3,3,3,1,0,0,0,0,0,0,0,0,0,0,0,0,1,3,3,3,
3,1,0,0,0,0,0,0,0,0,0,0,0,0,1,3,3,3,3,3,1,0,0,0,0,0,1,3,3,3,3,3,3,3,3,3,3,1,4,4,0,0,0,0,1,3,3,3,3,3,3,3,3,3,3,1,0,0,0,0,0,0,1,3,3,3,3,3,3,3,3,3,3,1,1,0,0,0,0,0,1,3,3,3,3,3,3,3,3,3,3,1,0,0,0,0,0,1,3,3,3,3,3,1,4,0,0,0,0,0,0,0,0,0,0,0,1,3,3,3,
3,1,0,0,1,1,1,0,0,1,1,1,0,0,1,3,3,3,3,3,1,0,0,0,0,0,1,3,3,3,3,3,3,3,3,3,3,1,0,4,0,0,0,0,1,3,3,3,3,3,3,3,3,3,3,1,0,0,0,0,0,0,1,3,3,3,3,3,3,3,3,3,3,1,0,0,0,0,0,0,1,3,3,3,3,3,3,3,3,3,3,1,0,0,0,0,0,1,3,3,3,3,3,1,1,0,1,1,1,0,0,1,1,1,0,0,1,3,3,3,
3,1,0,0,1,3,1,0,0,1,3,1,0,0,1,3,3,3,3,1,1,1,1,1,1,1,1,3,3,3,3,3,3,3,3,3,3,1,1,1,1,1,1,1,1,3,3,3,3,3,3,3,3,3,3,1,1,0,0,0,0,1,1,3,3,3,3,3,3,3,3,3,3,1,1,1,1,1,1,1,1,3,3,3,3,3,3,3,3,3,3,1,1,1,1,1,1,1,1,3,3,3,3,1,0,0,1,3,1,0,0,1,3,1,0,0,1,3,3,3,
3,1,1,1,1,3,1,0,0,1,3,1,1,1,1,3,3,3,3,1,1,1,1,1,1,1,1,3,3,3,3,3,3,3,3,3,3,1,1,1,1,1,1,1,1,3,3,3,3,3,3,3,3,3,3,1,1,0,0,0,0,1,1,3,3,3,3,3,3,3,3,3,3,1,1,1,1,1,1,1,1,3,3,3,3,3,3,3,3,3,3,1,1,1,1,1,1,1,1,3,3,3,3,1,1,1,1,3,1,0,0,1,3,1,1,1,1,3,3,3,
3,3,3,3,3,3,1,0,0,1,3,3,3,3,3,3,3,3,3,1,4,0,0,0,0,0,1,3,3,3,3,3,3,3,3,3,3,1,4,0,4,1,4,0,1,3,3,3,3,3,3,3,3,3,3,1,0,0,0,0,0,0,1,3,3,3,3,3,3,3,3,3,3,1,1,4,4,0,0,0,1,3,3,3,3,3,3,3,3,3,3,1,4,0,0,4,0,0,1,3,3,3,3,3,3,3,3,3,1,0,0,1,3,3,3,3,3,3,3,3,
3,3,3,3,3,3,1,0,0,1,3,3,3,3,3,3,3,3,3,1,0,4,0,0,0,0,1,3,3,3,3,3,3,3,3,3,3,1,0,0,0,4,0,0,1,3,3,3,3,3,3,3,3,3,3,1,0,0,0,0,0,0,1,3,3,3,3,3,3,3,3,3,3,1,0,0,0,0,0,0,1,3,3,3,3,3,3,3,3,3,3,1,0,0,0,0,0,0,1,3,3,3,3,3,3,3,3,3,1,0,0,1,3,3,3,3,3,3,3,3,
3,3,3,3,3,3,1,0,0,1,3,3,3,3,3,3,3,3,3,1,0,0,0,0,0,1,1,3,3,3,3,3,3,3,3,3,3,1,1,0,0,0,0,1,1,3,3,3,3,3,3,3,3,3,3,1,1,0,0,0,0,1,1,3,3,3,3,3,3,3,3,3,3,1,1,0,0,0,0,1,1,3,3,3,3,3,3,3,3,3,3,1,1,0,0,0,0,0,1,3,3,3,3,3,3,3,3,3,1,0,0,1,3,3,3,3,3,3,3,3,
3,3,3,3,3,3,1,0,0,1,3,3,3,3,3,3,3,3,3,1,4,0,0,0,0,1,1,3,3,3,3,3,3,3,3,3,3,1,1,0,0,0,0,1,1,3,3,3,3,3,3,3,3,3,3,1,1,0,0,0,0,1,1,3,3,3,3,3,3,3,3,3,3,1,1,0,0,0,0,1,1,3,3,3,3,3,3,3,3,3,3,1,1,0,0,0,0,0,1,3,3,3,3,3,3,3,3,3,1,0,0,1,3,3,3,3,3,3,3,3,
3,1,1,1,1,1,1,0,0,1,1,1,1,1,1,3,3,3,3,1,1,0,0,0,0,0,1,1,1,1,1,1,1,1,1,1,1,1,0,0,0,0,0,0,1,1,1,1,1,1,1,1,1,1,1,1,0,0,0,0,0,0,1,1,1,1,1,1,1,1,1,1,1,1,1,0,0,0,0,0,1,1,1,1,1,1,1,1,1,1,1,1,0,0,0,0,0,0,1,3,3,3,3,1,1,1,1,1,1,0,0,1,1,1,1,1,1,3,3,3,
3,1,2,2,2,0,0,0,0,0,4,1,0,0,1,3,3,3,3,1,1,0,0,0,0,0,0,1,1,0,0,1,1,0,0,1,1,0,0,0,0,0,0,0,0,1,1,0,0,1,1,4,0,1,1,0,0,0,0,0,0,0,0,1,1,4,4,1,1,0,0,1,1,4,4,0,0,0,0,0,0,1,1,0,0,1,1,0,0,1,1,0,0,0,0,0,0,1,1,3,3,3,3,1,4,0,0,4,0,0,0,0,0,4,1,0,1,3,3,3,
3,1,2,2,2,0,0,0,0,0,0,4,0,0,1,3,3,3,3,3,1,0,0,0,0,0,0,0,0,0,0,0,0,0,0,0,0,0,0,0,0,0,0,0,0,0,4,0,0,1,1,0,0,0,0,0,0,0,0,0,0,0,0,0,0,0,0,0,0,0,0,0,0,0,0,0,0,0,0,0,0,0,0,0,0,0,0,0,0,0,0,0,0,0,0,0,0,1,3,3,3,3,3,1,0,0,4,4,0,0,0,0,0,0,4,0,1,3,3,3,
3,1,2,2,4,0,0,0,0,0,0,0,0,0,1,3,3,3,3,3,1,0,0,0,0,0,0,0,0,0,0,0,0,0,0,0,0,0,0,0,0,0,0,0,0,0,0,0,0,1,1,0,0,0,0,0,0,0,0,0,0,0,0,0,0,0,0,0,0,0,0,0,0,0,0,0,0,0,0,0,0,0,0,0,0,0,0,0,0,0,0,0,0,0,0,0,0,1,3,3,3,3,3,1,0,0,0,0,0,0,0,0,0,0,0,0,1,3,3,3,
3,1,2,2,0,0,0,0,0,0,0,0,0,0,1,3,3,3,3,3,1,0,0,0,0,0,0,0,0,0,0,0,0,0,0,0,0,0,0,0,0,0,0,0,0,0,0,0,0,1,1,0,0,0,0,0,0,0,0,0,0,0,0,0,0,0,0,0,0,0,0,0,0,0,0,0,0,0,0,0,0,0,0,0,0,0,0,0,0,0,0,0,0,0,0,0,0,1,3,3,3,3,3,1,4,0,0,0,0,0,0,0,0,0,0,0,1,3,3,3,
3,1,4,0,0,4,0,0,0,0,0,0,0,0,1,3,3,3,3,3,1,0,0,0,0,0,0,0,0,0,0,0,0,0,0,0,0,0,0,0,0,0,0,0,0,0,0,0,0,1,1,0,0,0,0,0,0,0,0,0,0,0,0,0,0,0,0,0,0,0,0,0,0,0,0,0,0,0,0,0,0,0,0,0,0,0,0,0,0,0,0,0,0,0,0,0,0,1,3,3,3,3,3,1,1,0,0,0,0,0,0,0,0,0,0,0,1,3,3,3,
3,1,0,0,0,0,0,0,0,0,0,0,0,0,1,3,3,3,3,1,1,0,0,0,0,0,0,1,1,0,0,1,1,0,0,1,1,0,0,0,0,0,0,0,0,1,1,0,0,1,1,0,0,1,1,0,0,0,0,0,0,0,0,1,1,0,0,1,1,0,0,1,1,4,0,0,0,0,0,0,0,1,1,0,0,1,1,0,0,1,1,0,0,0,0,0,0,1,1,3,3,3,3,1,4,0,0,0,0,0,0,0,0,0,0,0,1,3,3,3,
3,1,1,1,1,1,1,0,0,1,1,1,1,1,1,3,3,3,3,1,0,0,0,0,0,0,1,1,1,1,1,1,1,1,1,1,1,1,0,0,0,0,0,0,1,1,1,1,1,1,1,1,1,1,1,1,0,0,0,0,0,0,1,1,1,1,1,1,1,1,1,1,1,1,0,0,0,0,0,0,1,1,1,1,1,1,1,1,1,1,1,1,0,0,0,0,0,0,1,3,3,3,3,1,1,1,1,1,1,0,0,1,1,1,1,1,1,3,3,3,
3,3,3,3,3,3,1,0,0,1,3,3,3,3,3,3,3,3,3,1,0,0,0,0,0,1,1,3,3,3,3,3,3,3,3,3,3,1,1,0,0,0,0,1,1,3,3,3,3,3,3,3,3,3,3,1,1,0,0,0,0,1,1,3,3,3,3,3,3,3,3,3,3,1,1,0,0,0,0,1,1,3,3,3,3,3,3,3,3,3,3,1,1,0,0,0,0,0,1,3,3,3,3,3,3,3,3,3,1,0,0,1,3,3,3,3,3,3,3,3,
3,3,3,3,3,3,1,0,0,1,3,3,3,3,3,3,3,3,3,1,0,0,0,0,0,1,1,3,3,3,3,3,3,3,3,3,3,1,1,1,4,0,0,1,1,3,3,3,3,3,3,3,3,3,3,1,1,4,0,0,0,1,1,3,3,3,3,3,3,3,3,3,3,1,1,0,0,0,0,1,1,3,3,3,3,3,3,3,3,3,3,1,1,0,0,0,0,0,1,3,3,3,3,3,3,3,3,3,1,0,0,1,3,3,3,3,3,3,3,3,
3,3,3,3,3,3,1,0,0,1,3,3,3,3,3,3,3,3,3,1,0,0,0,0,0,0,1,3,3,3,3,3,3,3,3,3,3,1,0,4,0,0,0,0,1,3,3,3,3,3,3,3,3,3,3,1,1,0,0,0,0,0,1,3,3,3,3,3,3,3,3,3,3,1,4,4,0,0,0,0,1,3,3,3,3,3,3,3,3,3,3,1,0,0,0,0,0,0,1,3,3,3,3,3,3,3,3,3,1,0,0,1,3,3,3,3,3,3,3,3,
3,3,3,3,3,3,1,0,0,1,3,3,3,3,3,3,3,3,3,1,0,0,0,0,0,0,1,3,3,3,3,3,3,3,3,3,3,1,0,0,0,0,0,0,1,3,3,3,3,3,3,3,3,3,3,1,0,0,0,0,0,0,1,3,3,3,3,3,3,3,3,3,3,1,0,4,0,0,0,0,1,3,3,3,3,3,3,3,3,3,3,1,0,0,0,0,0,0,1,3,3,3,3,3,3,3,3,3,1,0,0,1,3,3,3,3,3,3,3,3,
3,1,1,1,1,3,1,0,0,1,3,1,1,1,1,3,3,3,3,1,0,0,0,0,0,1,1,3,3,3,3,3,3,3,3,3,3,1,1,1,1,1,1,1,1,3,3,3,3,3,3,3,3,3,3,1,1,1,1,1,1,1,1,3,3,3,3,3,3,3,3,3,3,1,1,1,1,1,1,1,1,3,3,3,3,3,3,3,3,3,3,1,1,0,0,0,0,0,1,3,3,3,3,1,1,1,1,3,1,0,0,1,3,1,1,1,1,3,3,3,
3,1,4,0,1,3,1,0,0,1,3,1,0,0,1,3,3,3,3,1,1,0,0,0,0,1,1,3,3,3,3,3,3,3,3,3,3,1,1,1,1,1,1,1,1,3,3,3,3,3,3,3,3,3,3,1,1,1,1,1,1,1,1,3,3,3,3,3,3,3,3,3,3,1,1,1,1,1,1,1,1,3,3,3,3,3,3,3,3,3,3,1,1,0,0,0,0,1,1,3,3,3,3,1,2,2,1,3,1,0,0,1,3,1,0,0,1,3,3,3,
3,1,0,0,1,1,1,0,0,1,1,1,0,0,1,3,3,3,3,3,1,0,0,0,0,0,1,3,3,3,3,3,3,3,3,3,3,1,0,0,0,0,0,0,1,3,3,3,3,3,3,3,3,3,3,1,2,2,2,2,2,2,1,3,3,3,3,3,3,3,3,3,3,1,4,1,4,4,0,0,1,3,3,3,3,3,3,3,3,3,3,1,4,0,0,0,0,1,3,3,3,3,3,1,2,2,1,1,1,0,0,1,1,1,0,0,1,3,3,3,
3,1,4,0,0,0,0,0,0,0,4,1,0,0,1,3,3,3,3,3,1,0,0,0,0,0,1,3,3,3,3,3,3,3,3,3,3,1,0,0,0,0,0,0,1,3,3,3,3,3,3,3,3,3,3,1,2,2,4,2,2,2,1,3,3,3,3,3,3,3,3,3,3,1,0,4,4,0,0,0,1,3,3,3,3,3,3,3,3,3,3,1,0,0,0,0,0,1,3,3,3,3,3,1,2,2,2,2,0,0,0,0,0,0,0,0,1,3,3,3,
3,1,1,4,0,0,0,0,0,0,0,0,0,0,1,3,3,3,3,3,1,0,0,0,0,1,1,3,3,3,3,3,3,3,3,3,3,1,1,0,0,0,0,1,1,3,3,3,3,3,3,3,3,3,3,1,1,2,2,2,0,1,1,3,3,3,3,3,3,3,3,3,3,1,1,0,0,0,0,1,1,3,3,3,3,3,3,3,3,3,3,1,1,0,0,0,0,1,3,3,3,3,3,1,2,2,2,2,0,0,0,0,0,0,0,0,1,3,3,3,
3,1,1,1,0,0,0,0,0,0,0,0,0,0,1,3,3,3,3,3,1,0,0,0,0,1,1,3,3,3,3,3,3,3,3,3,3,1,1,1,0,0,0,1,1,3,3,3,3,3,3,3,3,3,3,1,1,2,2,0,0,1,1,3,3,3,3,3,3,3,3,3,3,1,1,0,4,0,0,1,1,3,3,3,3,3,3,3,3,3,3,1,1,0,0,0,0,1,3,3,3,3,3,1,4,2,2,0,0,0,0,0,0,0,1,1,1,3,3,3,
3,3,3,1,0,0,0,1,0,0,0,0,0,0,1,1,1,1,1,1,1,0,0,0,0,0,1,1,1,1,1,1,1,1,1,1,1,1,0,0,0,0,0,0,1,1,1,1,1,1,1,1,1,1,1,1,4,0,0,0,0,0,1,1,1,1,1,1,1,1,1,1,1,1,1,4,0,0,0,0,1,1,1,1,1,1,1,1,1,1,1,1,0,0,0,0,0,1,1,1,1,1,1,1,0,0,0,0,0,0,1,0,0,0,1,3,3,3,3,3,
3,1,1,1,0,0,0,0,0,0,0,0,0,0,0,0,0,0,0,0,0,0,0,0,0,0,0,1,1,0,0,1,1,0,0,1,1,0,0,0,0,0,0,0,0,1,1,0,0,1,1,0,0,1,1,4,0,0,0,0,0,0,0,1,1,0,0,1,1,0,0,1,1,0,0,0,0,0,0,0,0,1,1,0,0,1,1,4,4,1,1,0,0,0,0,0,0,0,0,0,0,0,0,0,0,0,0,0,0,0,0,0,0,0,1,1,1,3,3,3,
3,1,1,4,0,0,0,0,0,0,0,0,0,0,0,0,0,0,0,0,0,0,0,0,0,0,0,0,0,0,0,1,1,0,0,0,1,0,0,0,0,0,0,0,0,0,0,0,0,0,0,0,0,0,0,0,0,0,0,0,0,0,0,0,0,0,0,0,0,0,0,0,0,0,0,0,0,0,0,0,0,0,4,1,0,1,1,0,0,0,0,0,0,0,0,0,0,0,0,0,0,0,0,0,0,0,0,0,0,0,0,0,0,0,0,0,1,3,3,3,
3,1,0,0,0,0,0,0,0,0,0,0,0,0,0,0,0,0,0,0,0,0,0,0,0,0,0,0,0,0,0,1,1,0,0,0,0,0,0,0,0,0,0,0,0,0,0,0,0,0,0,0,0,0,0,0,0,0,0,0,0,0,0,0,0,0,0,0,0,0,0,0,0,0,0,0,0,0,0,0,0,0,0,4,0,1,1,4,0,0,0,0,0,0,0,0,0,0,0,0,0,0,0,0,0,0,0,0,0,0,0,0,0,0,0,0,1,3,3,3,
3,1,0,0,0,0,0,0,0,0,0,0,0,0,0,0,0,0,0,0,0,0,0,0,0,0,0,0,0,0,0,1,1,0,0,0,0,0,0,0,0,0,0,0,0,0,0,0,0,0,0,0,0,0,0,0,0,0,0,0,0,0,0,0,0,0,0,0,0,0,0,0,0,0,0,0,0,0,0,0,0,0,0,0,0,1,1,1,0,0,0,0,0,0,0,0,0,0,0,0,0,0,0,0,0,0,0,0,0,0,0,0,0,0,0,0,1,3,3,3,
3,1,0,0,0,0,0,0,0,0,0,0,0,0,0,0,0,0,0,0,0,0,0,0,0,0,0,0,0,0,0,1,1,0,0,0,0,0,0,0,0,0,0,0,0,1,0,0,0,0,0,0,0,0,0,0,0,0,0,0,0,0,0,0,0,0,0,0,0,0,0,0,0,0,0,0,0,0,0,0,0,0,0,0,0,1,1,0,0,0,0,0,0,0,0,0,0,0,0,0,0,0,0,0,0,0,0,0,0,0,0,0,0,0,0,0,1,3,3,3,
3,1,1,1,0,0,0,0,0,0,0,0,0,0,0,0,0,0,0,0,0,0,0,0,0,0,0,1,1,0,0,1,1,0,0,1,1,0,0,0,0,0,0,0,0,1,1,0,0,1,1,0,0,1,1,0,0,0,0,0,0,0,0,1,1,0,0,1,1,0,0,1,1,0,0,0,0,0,0,0,0,1,1,0,0,1,1,0,0,1,1,0,0,0,0,0,0,0,0,0,0,0,0,0,0,0,0,0,0,0,0,0,0,0,1,1,1,3,3,3,
3,3,3,1,0,0,0,1,0,0,0,0,0,0,1,1,1,1,1,1,0,0,0,0,0,0,1,1,1,1,1,1,1,1,1,1,1,1,0,0,0,0,0,0,1,1,1,1,1,1,1,1,1,1,1,1,0,0,0,0,0,0,1,1,1,1,1,1,1,1,1,1,1,1,0,0,0,0,0,0,1,1,1,1,1,1,1,1,1,1,1,1,0,0,0,0,0,0,1,1,1,1,1,1,0,0,0,0,0,0,1,0,0,0,1,3,3,3,3,3,
3,1,1,1,0,0,0,0,0,0,0,0,0,0,1,3,3,3,3,1,0,0,0,0,0,1,1,3,3,3,3,3,3,3,3,3,3,1,1,0,0,0,1,1,1,3,3,3,3,3,3,3,3,3,3,1,1,0,0,0,0,1,1,3,3,3,3,3,3,3,3,3,3,1,1,0,0,0,0,1,1,3,3,3,3,3,3,3,3,3,3,1,1,0,0,0,0,0,1,3,3,3,3,1,0,0,0,0,0,0,4,0,0,0,1,1,1,3,3,3,
3,1,0,0,0,0,0,0,0,0,0,0,0,0,1,3,3,3,3,1,0,0,0,0,0,1,1,3,3,3,3,3,3,3,3,3,3,1,1,0,0,0,0,1,1,3,3,3,3,3,3,3,3,3,3,1,1,0,0,0,0,1,1,3,3,3,3,3,3,3,3,3,3,1,1,1,4,0,0,1,1,3,3,3,3,3,3,3,3,3,3,1,1,0,0,0,0,0,1,3,3,3,3,1,0,0,0,0,0,0,0,0,0,0,0,0,1,3,3,3,
3,1,0,0,0,0,0,0,0,0,0,0,0,0,1,3,3,3,3,1,0,0,0,0,0,0,1,3,3,3,3,3,3,3,3,3,3,1,0,0,0,0,0,0,1,3,3,3,3,3,3,3,3,3,3,1,4,0,0,0,0,0,1,3,3,3,3,3,3,3,3,3,3,1,0,4,4,0,0,0,1,3,3,3,3,3,3,3,3,3,3,1,0,0,0,0,0,0,1,3,3,3,3,1,0,0,0,0,0,0,0,0,0,0,0,0,1,3,3,3,
3,1,0,0,1,1,1,0,0,1,1,1,0,0,1,3,3,3,3,1,0,0,0,0,0,0,1,3,3,3,3,3,3,3,3,3,3,1,0,0,0,0,0,0,1,3,3,3,3,3,3,3,3,3,3,1,0,0,0,0,0,0,1,3,3,3,3,3,3,3,3,3,3,1,0,0,0,0,0,0,1,3,3,3,3,3,3,3,3,3,3,1,0,0,0,0,0,0,1,3,3,3,3,1,0,0,1,1,1,0,0,1,1,1,0,0,1,3,3,3,
3,1,0,0,1,3,1,0,0,1,3,1,0,0,1,3,3,3,3,1,0,0,0,0,0,1,1,3,3,3,3,3,3,3,3,3,3,1,1,0,0,0,0,1,1,3,3,3,3,3,3,3,3,3,3,1,1,0,0,0,0,1,1,3,3,3,3,3,3,3,3,3,3,1,1,1,1,1,1,1,1,3,3,3,3,3,3,3,3,3,3,1,1,0,0,0,0,0,1,3,3,3,3,1,0,0,1,3,1,0,0,1,3,1,0,0,1,3,3,3,
3,1,1,1,1,3,1,1,1,1,3,1,1,1,1,3,3,3,3,1,1,0,0,0,0,1,1,3,3,3,3,3,3,3,3,3,3,1,1,0,0,0,0,1,1,3,3,3,3,3,3,3,3,3,3,1,1,0,0,0,0,1,1,3,3,3,3,3,3,3,3,3,3,1,1,1,1,1,1,1,1,3,3,3,3,3,3,3,3,3,3,1,1,0,0,0,0,1,1,3,3,3,3,1,1,1,1,3,1,1,1,1,3,1,1,1,1,3,3,3,
3,3,3,3,3,3,3,3,3,3,3,3,3,3,3,3,3,3,3,3,1,0,0,0,0,0,1,3,3,3,3,3,3,3,3,3,3,1,0,0,0,0,0,0,1,3,3,3,3,3,3,3,3,3,3,1,0,0,0,0,0,0,1,3,3,3,3,3,3,3,3,3,3,1,0,4,4,0,0,0,1,3,3,3,3,3,3,3,3,3,3,1,0,0,0,0,0,1,3,3,3,3,3,3,3,3,3,3,3,3,3,3,3,3,3,3,3,3,3,3,
3,3,3,3,3,3,3,3,3,3,3,3,3,3,3,3,3,3,3,3,1,0,0,0,0,0,1,3,3,3,3,3,3,3,3,3,3,1,0,0,0,0,0,0,1,3,3,3,3,3,3,3,3,3,3,1,0,0,0,0,0,0,1,3,3,3,3,3,3,3,3,3,3,1,4,0,0,0,0,0,1,3,3,3,3,3,3,3,3,3,3,1,0,0,0,0,0,1,3,3,3,3,3,3,3,3,3,3,3,3,3,3,3,3,3,3,3,3,3,3,
3,3,3,3,3,3,3,3,3,3,3,3,3,3,3,3,3,3,3,3,1,0,0,0,0,1,1,3,3,3,3,3,3,3,3,3,3,1,1,0,0,0,0,1,1,3,3,3,3,3,3,3,3,3,3,1,1,0,0,0,0,1,1,3,3,3,3,3,3,3,3,3,3,1,1,4,0,0,0,1,1,3,3,3,3,3,3,3,3,3,3,1,1,0,0,0,0,1,3,3,3,3,3,3,3,3,3,3,3,3,3,3,3,3,3,3,3,3,3,3,
3,3,3,3,3,3,3,3,3,3,3,3,3,3,3,3,3,3,3,3,1,0,0,0,0,1,1,3,3,3,3,3,3,3,3,3,3,1,1,0,0,0,0,1,1,3,3,3,3,3,3,3,3,3,3,1,1,0,0,0,0,1,1,3,3,3,3,3,3,3,3,3,3,1,1,0,0,0,0,1,1,3,3,3,3,3,3,3,3,3,3,1,1,0,0,0,0,1,3,3,3,3,3,3,3,3,3,3,3,3,3,3,3,3,3,3,3,3,3,3,
3,3,3,3,3,3,3,3,3,3,3,3,3,3,3,3,3,3,3,1,1,0,0,0,0,0,1,1,1,1,1,1,1,1,1,1,1,1,0,0,0,0,0,0,1,1,1,1,1,1,1,1,1,1,1,1,0,0,0,0,0,0,1,1,1,1,1,1,1,1,1,1,1,1,4,0,0,0,0,0,1,1,1,1,1,1,1,1,1,1,1,1,0,0,0,0,0,1,1,3,3,3,3,3,3,3,3,3,3,3,3,3,3,3,3,3,3,3,3,3,
3,3,3,3,3,3,3,3,3,3,3,3,3,3,3,3,3,3,3,1,0,0,0,0,0,0,0,1,1,0,0,1,1,0,0,1,1,0,0,0,0,0,0,0,0,1,1,0,0,1,1,0,0,1,1,0,0,0,0,0,0,0,0,1,1,0,0,1,1,2,2,1,1,2,2,0,0,0,0,0,0,1,1,4,4,1,1,0,0,1,1,0,0,0,0,0,0,0,1,3,3,3,3,3,3,3,3,3,3,3,3,3,3,3,3,3,3,3,3,3,
3,3,3,3,3,3,3,3,3,3,3,3,3,3,3,3,3,3,3,1,0,0,0,0,0,0,0,0,0,0,0,0,0,0,0,0,0,0,0,0,0,0,0,0,0,0,0,0,0,0,0,0,0,0,0,0,0,0,0,0,0,0,0,0,0,0,0,1,1,2,2,2,2,2,2,0,0,0,0,0,0,0,0,0,0,0,0,0,0,0,0,0,0,0,0,0,0,0,1,3,3,3,3,3,3,3,3,3,3,3,3,3,3,3,3,3,3,3,3,3,
3,3,3,3,3,3,3,3,3,3,3,3,3,3,3,3,3,3,3,1,0,0,0,0,0,0,0,0,0,0,0,0,0,0,0,0,0,0,0,0,0,0,0,0,0,0,0,0,0,0,0,0,0,0,0,0,0,0,0,0,0,0,0,0,0,0,0,1,1,2,2,4,2,2,2,0,0,0,0,0,0,0,0,0,0,0,0,0,0,0,0,0,0,0,0,0,0,0,1,3,3,3,3,3,3,3,3,3,3,3,3,3,3,3,3,3,3,3,3,3,
3,3,3,3,3,3,3,3,3,3,3,3,3,3,3,3,3,3,3,1,0,0,0,0,0,0,0,0,0,0,0,0,0,0,0,0,0,0,0,0,0,0,0,0,0,0,0,0,0,0,0,0,0,0,0,0,0,0,0,0,0,0,0,0,0,0,0,1,1,4,2,2,2,0,0,0,0,0,0,0,0,0,0,0,0,0,0,0,0,0,0,0,0,0,0,0,0,0,1,3,3,3,3,3,3,3,3,3,3,3,3,3,3,3,3,3,3,3,3,3,
3,3,3,3,3,3,3,3,3,3,3,3,3,3,3,3,3,3,3,1,0,0,0,0,0,0,0,0,0,0,0,0,0,0,0,0,0,0,0,0,0,0,0,0,0,0,0,0,0,0,0,0,0,0,0,0,0,0,0,0,0,0,0,0,0,0,0,1,1,1,0,0,0,0,0,0,0,0,0,0,0,0,0,0,0,0,0,0,0,0,0,0,0,0,0,0,0,0,1,3,3,3,3,3,3,3,3,3,3,3,3,3,3,3,3,3,3,3,3,3,
3,3,3,3,3,3,3,3,3,3,3,3,3,3,3,3,3,3,3,1,0,0,0,0,0,0,1,1,1,1,1,1,0,0,0,0,0,0,1,1,1,1,1,1,0,0,0,0,0,0,1,1,1,1,1,1,0,0,0,0,0,0,1,1,1,1,1,1,1,0,0,0,0,0,1,1,1,1,1,1,0,0,0,0,0,0,1,1,1,1,1,1,0,0,0,0,0,0,1,3,3,3,3,3,3,3,3,3,3,3,3,3,3,3,3,3,3,3,3,3,
3,3,3,3,3,3,3,3,3,3,3,3,3,3,3,3,3,3,3,1,1,1,1,1,1,1,1,3,3,3,3,1,1,1,0,0,1,1,1,3,3,3,3,1,1,1,1,1,1,1,1,3,3,3,3,1,1,1,1,1,1,1,1,3,3,3,3,1,1,1,1,1,1,1,1,3,3,3,3,1,1,1,1,1,1,1,1,3,3,3,3,1,1,1,1,1,1,1,1,3,3,3,3,3,3,3,3,3,3,3,3,3,3,3,3,3,3,3,3,3,
3,3,3,3,3,3,3,3,3,3,3,3,3,3,3,3,3,3,3,3,3,3,3,3,3,3,3,3,3,3,3,3,3,1,0,0,1,3,3,3,3,3,3,3,3,3,3,3,3,3,3,3,3,3,3,3,3,3,3,3,3,3,3,3,3,3,3,3,3,3,3,3,3,3,3,3,3,3,3,3,3,3,3,3,3,3,3,3,3,3,3,3,3,3,3,3,3,3,3,3,3,3,3,3,3,3,3,3,3,3,3,3,3,3,3,3,3,3,3,3,
3,3,3,3,3,3,3,3,3,3,3,3,3,3,3,3,3,3,3,3,3,3,3,3,3,3,3,3,3,3,3,3,3,1,0,0,1,3,3,3,3,3,3,3,3,3,3,3,3,3,3,3,3,3,3,3,3,3,3,3,3,3,3,3,3,3,3,3,3,3,3,3,3,3,3,3,3,3,3,3,3,3,3,3,3,3,3,3,3,3,3,3,3,3,3,3,3,3,3,3,3,3,3,3,3,3,3,3,3,3,3,3,3,3,3,3,3,3,3,3,
3,3,3,3,3,3,3,3,3,3,3,3,3,3,3,3,3,3,3,3,3,3,3,3,3,3,3,3,3,3,3,3,3,1,0,0,1,1,3,3,3,3,3,3,3,3,3,3,3,3,3,3,3,3,3,3,3,3,3,3,3,3,3,3,3,3,3,3,3,3,3,3,3,3,3,3,3,3,3,3,3,3,3,3,3,3,3,3,3,3,3,3,3,3,3,3,3,3,3,3,3,3,3,3,3,3,3,3,3,3,3,3,3,3,3,3,3,3,3,3,
3,3,3,3,3,3,3,3,3,3,3,3,3,3,3,3,3,3,3,3,3,3,3,3,3,3,3,3,3,3,3,3,3,1,0,0,0,0,1,1,3,3,3,3,3,3,3,3,3,3,3,3,3,3,3,3,3,3,3,3,3,3,3,3,3,3,3,3,3,3,3,3,3,3,3,3,3,3,3,3,3,3,3,3,3,3,3,3,3,3,3,3,3,3,3,3,3,3,3,3,3,3,3,3,3,3,3,3,3,3,3,3,3,3,3,3,3,3,3,3,
3,3,3,3,3,3,3,3,3,3,3,3,3,3,3,3,3,3,3,3,3,3,3,3,3,3,3,3,3,3,3,3,3,1,0,0,0,0,0,1,3,3,3,3,3,3,3,3,3,3,3,3,3,3,3,3,3,3,3,3,3,3,3,3,3,3,3,3,3,3,3,3,3,3,3,3,3,3,3,3,3,3,3,3,3,3,3,3,3,3,3,3,3,3,3,3,3,3,3,3,3,3,3,3,3,3,3,3,3,3,3,3,3,3,3,3,3,3,3,3,
3,3,3,3,3,3,3,3,3,3,3,3,3,3,3,3,3,3,3,3,3,3,3,3,3,3,3,3,3,3,3,3,3,1,1,1,0,0,0,1,1,1,1,1,1,3,3,3,3,3,3,3,3,3,3,3,3,3,1,1,1,1,1,1,1,1,1,1,1,3,3,3,3,3,3,3,3,3,3,3,3,3,3,3,3,3,3,3,3,3,3,3,3,3,3,3,3,3,3,3,3,3,3,3,3,3,3,3,3,3,3,3,3,3,3,3,3,3,3,3,
3,3,3,3,3,3,3,3,3,3,3,3,3,3,3,3,3,3,3,3,3,3,3,3,3,3,3,3,3,3,3,3,3,3,3,1,1,0,0,0,0,0,0,0,1,1,3,3,3,3,3,3,3,3,3,3,3,1,1,0,0,0,0,0,0,0,0,0,1,3,3,3,3,3,3,3,3,3,3,3,3,3,3,3,3,3,3,3,3,3,3,3,3,3,3,3,3,3,3,3,3,3,3,3,3,3,3,3,3,3,3,3,3,3,3,3,3,3,3,3,
3,3,3,3,3,3,3,3,3,3,3,3,3,3,3,3,3,3,3,3,3,3,3,3,3,3,3,3,3,3,3,3,3,3,3,3,1,1,0,0,0,0,0,0,0,1,1,1,3,3,3,3,3,3,3,3,1,1,0,0,0,0,0,0,0,0,0,0,1,3,3,3,3,3,3,3,3,3,3,3,3,3,3,3,3,3,3,3,3,3,3,3,3,3,3,3,3,3,3,3,3,3,3,3,3,3,3,3,3,3,3,3,3,3,3,3,3,3,3,3,
3,3,3,3,3,3,3,3,3,3,3,3,3,3,3,3,3,3,3,3,3,3,3,3,3,3,3,3,3,3,3,3,3,3,3,3,3,1,1,0,0,0,0,0,0,0,0,1,1,3,3,3,3,3,3,1,1,0,0,0,0,1,1,1,1,0,0,0,1,1,3,3,3,3,3,3,3,3,3,3,3,3,3,3,3,3,3,3,3,3,3,3,3,3,3,3,3,3,3,3,3,3,3,3,3,3,3,3,3,3,3,3,3,3,3,3,3,3,3,3,
3,3,3,3,3,3,3,3,3,3,3,3,3,3,3,3,3,3,3,3,3,3,3,3,3,3,3,3,3,3,3,3,3,3,3,3,3,3,3,1,1,1,0,0,0,0,0,0,1,1,1,1,1,1,3,1,0,0,0,1,1,1,3,3,1,1,0,0,0,1,1,1,1,3,3,3,3,3,3,3,3,3,3,3,3,3,3,3,3,3,3,3,3,3,3,3,3,3,3,3,3,3,3,3,3,3,3,3,3,3,3,3,3,3,3,3,3,3,3,3,
3,3,3,3,3,3,3,3,3,3,3,3,3,3,3,3,3,3,3,3,3,3,3,3,3,3,3,3,3,3,3,3,3,3,3,3,3,3,3,3,3,1,1,1,1,0,0,0,0,0,0,0,0,1,1,1,0,0,0,1,3,3,3,3,1,1,0,0,0,0,1,4,1,1,3,3,3,3,3,3,3,3,3,3,3,3,3,3,3,3,3,3,3,3,3,3,3,3,3,3,3,3,3,3,3,3,3,3,3,3,3,3,3,3,3,3,3,3,3,3,
3,3,3,3,3,3,3,3,3,3,3,3,3,3,3,3,3,3,3,3,3,3,3,3,3,3,3,3,3,3,3,3,3,3,3,3,3,3,3,3,3,3,3,3,1,1,0,0,0,0,0,0,0,0,0,0,0,0,1,1,3,3,3,1,1,4,0,0,0,0,0,4,0,1,3,3,3,3,3,3,3,3,3,3,3,3,3,3,3,3,3,3,3,3,3,3,3,3,3,3,3,3,3,3,3,3,3,3,3,3,3,3,3,3,3,3,3,3,3,3,
3,3,3,3,3,3,3,3,3,3,3,3,3,3,3,3,3,3,3,3,3,3,3,3,3,3,3,3,3,3,3,3,3,3,3,3,3,3,3,3,3,3,3,3,3,1,1,0,0,0,0,0,0,0,0,0,0,0,1,3,3,1,1,1,2,2,2,0,0,0,0,0,0,1,3,3,3,3,3,3,3,3,3,3,3,3,3,3,3,3,3,3,3,3,3,3,3,3,3,3,3,3,3,3,3,3,3,3,3,3,3,3,3,3,3,3,3,3,3,3,
3,3,3,3,3,3,3,3,3,3,3,3,3,3,3,3,3,3,3,3,3,3,3,3,3,3,3,3,3,3,3,3,3,3,3,3,3,3,3,3,3,3,3,3,3,3,1,1,1,1,1,1,0,0,0,0,0,0,1,3,3,1,2,2,2,4,2,2,0,0,0,0,0,1,3,3,3,3,3,3,3,3,3,3,3,3,3,3,3,3,3,3,3,3,3,3,3,3,3,3,3,3,3,3,3,3,3,3,3,3,3,3,3,3,3,3,3,3,3,3,
3,3,3,3,3,3,3,3,3,3,3,3,3,3,3,3,3,3,3,3,3,3,3,3,3,3,3,3,3,3,3,3,3,3,3,3,3,3,3,3,3,3,3,3,3,3,3,3,3,3,3,1,1,1,1,1,1,1,1,3,3,1,2,2,2,4,2,2,0,0,0,0,0,1,1,3,3,3,3,3,3,3,3,3,3,3,3,3,3,3,3,3,3,3,3,3,3,3,3,3,3,3,3,3,3,3,3,3,3,3,3,3,3,3,3,3,3,3,3,3,
3,3,3,3,3,3,3,3,3,3,3,3,3,3,3,3,3,3,3,3,3,3,3,3,3,3,3,3,3,3,3,3,3,3,3,3,3,3,3,3,3,3,3,3,3,3,3,3,3,3,3,3,3,3,3,3,3,3,3,3,3,1,1,1,2,2,2,0,0,0,0,0,0,0,1,3,3,3,3,3,3,3,3,3,3,3,3,3,3,3,3,3,3,3,3,3,3,3,3,3,3,3,3,3,3,3,3,3,3,3,3,3,3,3,3,3,3,3,3,3,
3,3,3,3,3,3,3,3,3,3,3,3,3,3,3,3,3,3,3,3,3,3,3,3,3,3,3,3,3,3,3,3,3,3,3,3,3,3,3,3,3,3,3,3,3,3,3,3,3,3,3,3,3,3,3,3,3,3,3,3,3,3,3,1,2,2,4,0,0,0,0,0,0,0,1,3,3,3,3,3,3,3,3,3,3,3,3,3,3,3,3,3,3,3,3,3,3,3,3,3,3,3,3,3,3,3,3,3,3,3,3,3,3,3,3,3,3,3,3,3,
3,3,3,3,3,3,3,3,3,3,3,3,3,3,3,3,3,3,3,3,3,3,3,3,3,3,3,3,3,3,3,3,3,3,3,3,3,3,3,3,3,3,3,3,3,3,3,3,3,3,3,3,3,3,3,3,3,3,3,3,3,3,3,1,1,1,0,0,0,0,0,0,0,0,1,3,3,3,3,3,3,3,3,3,3,3,3,3,3,3,3,3,3,3,3,3,3,3,3,3,3,3,3,3,3,3,3,3,3,3,3,3,3,3,3,3,3,3,3,3,
3,3,3,3,3,3,3,3,3,3,3,3,3,3,3,3,3,3,3,3,3,3,3,3,3,3,3,3,3,3,3,3,3,3,3,3,3,3,3,3,3,3,3,3,3,3,3,3,3,3,3,3,3,3,3,3,3,3,3,3,3,3,3,3,3,1,1,1,1,0,0,0,0,1,1,3,3,3,3,3,3,3,3,3,3,3,3,3,3,3,3,3,3,3,3,3,3,3,3,3,3,3,3,3,3,3,3,3,3,3,3,3,3,3,3,3,3,3,3,3,
3,3,3,3,3,3,3,3,3,3,3,3,3,3,3,3,3,3,3,3,3,3,3,3,3,3,3,3,3,3,3,3,3,3,3,3,3,3,3,3,3,3,3,3,3,3,3,3,3,3,3,3,3,3,3,3,3,3,3,3,3,3,3,3,3,3,3,3,1,1,0,0,1,1,3,3,3,3,3,3,3,3,3,3,3,3,3,3,3,3,3,3,3,3,3,3,3,3,3,3,3,3,3,3,3,3,3,3,3,3,3,3,3,3,3,3,3,3,3,3,
3,3,3,3,3,3,3,3,3,3,3,3,3,3,3,3,3,3,3,3,3,3,3,3,3,3,3,3,3,3,3,3,3,3,3,3,3,3,3,3,3,3,3,3,3,3,3,3,3,3,3,3,3,3,3,3,3,3,3,3,3,3,3,3,3,3,3,3,3,3,3,3,3,3,3,3,3,3,3,3,3,3,3,3,3,3,3,3,3,3,3,3,3,3,3,3,3,3,3,3,3,3,3,3,3,3,3,3,3,3,3,3,3,3,3,3,3,3,3,3,
3,3,3,3,3,3,3,3,3,3,3,3,3,3,3,3,3,3,3,3,3,3,3,3,3,3,3,3,3,3,3,3,3,3,3,3,3,3,3,3,3,3,3,3,3,3,3,3,3,3,3,3,3,3,3,3,3,3,3,3,3,3,3,3,3,3,3,3,3,3,3,3,3,3,3,3,3,3,3,3,3,3,3,3,3,3,3,3,3,3,3,3,3,3,3,3,3,3,3,3,3,3,3,3,3,3,3,3,3,3,3,3,3,3,3,3,3,3,3,3

[event]
# Cave wind sound effect
type=event
location=0,0,1,1
activate=on_load
soundfx=soundfx/environment/cave_wind_loop.ogg

[event]
# Water dripping
type=event
location=65,96,1,1
activate=on_load
soundfx=soundfx/environment/cave_droplets_loop.ogg

[event]
# Water dripping
type=event
location=58,54,1,1
activate=on_load
soundfx=soundfx/environment/cave_droplets_loop.ogg

[event]
# Water dripping
type=event
location=71,78,1,1
activate=on_load
soundfx=soundfx/environment/cave_droplets_loop.ogg

[event]
# Water dripping
type=event
location=105,54,1,1
activate=on_load
soundfx=soundfx/environment/cave_droplets_loop.ogg

[event]
# Water dripping
type=event
location=70,23,1,1
activate=on_load
soundfx=soundfx/environment/cave_droplets_loop.ogg

[event]
# Water dripping
type=event
location=52,7,1,1
activate=on_load
soundfx=soundfx/environment/cave_droplets_loop.ogg

[event]
# Water dripping
type=event
location=3,41,1,1
activate=on_load
soundfx=soundfx/environment/cave_droplets_loop.ogg

[event]
# Water dripping
type=event
location=76,54,1,1
activate=on_load
soundfx=soundfx/environment/cave_droplets_loop.ogg

[event]
# Water dripping
type=event
location=113,41,1,1
activate=on_load
soundfx=soundfx/environment/cave_droplets_loop.ogg

[event]
# Water dripping
type=event
location=21,5,1,1
activate=on_load
soundfx=soundfx/environment/cave_droplets_loop.ogg

[event]
# Water dripping
type=event
location=20,60,1,1
activate=on_load
soundfx=soundfx/environment/cave_droplets_loop.ogg

[event]
# Water dripping
type=event
location=39,36,1,1
activate=on_load
soundfx=soundfx/environment/cave_droplets_loop.ogg

[event]
# Water dripping
type=event
location=92,13,1,1
activate=on_load
soundfx=soundfx/environment/cave_droplets_loop.ogg

[event]
# Barrel
type=event
location=76,56,1,1
activate=on_trigger
hotspot=location
loot=loot/level_13.txt
mapmod=object,76,56,178
repeat=false
soundfx=soundfx/wood_open.ogg
tooltip=Barrel

[event]
# Crate
type=event
location=75,73,1,1
activate=on_trigger
hotspot=location
loot=loot/level_13.txt
mapmod=object,75,73,179
repeat=false
soundfx=soundfx/wood_open.ogg
tooltip=Crate

[event]
# Crate
type=event
location=21,36,1,1
activate=on_trigger
hotspot=location
loot=loot/level_13.txt
mapmod=object,21,36,179
repeat=false
soundfx=soundfx/wood_open.ogg
tooltip=Crate

[event]
# Treasure Chest
type=event
location=106,41,1,1
activate=on_trigger
hotspot=location
loot=loot/level_13.txt
loot_count=1,2
mapmod=object,106,41,177
repeat=false
soundfx=soundfx/wood_open.ogg
tooltip=Treasure Chest

[event]
# Treasure Chest
type=event
location=5,44,1,1
activate=on_trigger
hotspot=location
loot=loot/level_13.txt
loot_count=1,2
mapmod=object,5,44,176
repeat=false
soundfx=soundfx/wood_open.ogg
tooltip=Treasure Chest

[event]
# Unlock waypoint
type=event
location=56,40,6,6
activate=on_trigger
mapmod=background,58,43,265
msg=Underworld Catacombs waypoint discovered.
repeat=false
requires_not_status=emp_waypoint_10
set_status=emp_waypoint_10

[event]
# to Hyperspace
type=event
location=58,42,2,2
activate=on_trigger
hotspot=location
intermap=maps/hyperspace.txt,9,23
requires_status=emp_waypoint_10
soundfx=soundfx/environment/teleporter.ogg,0,0
tooltip=Hyperspace

[event]
# unlock waypoint (on_load)
type=event
location=64,48,1,1
activate=on_load
mapmod=background,58,43,265
requires_status=emp_waypoint_10

[event]
# to Underworld
type=event
location=70,102,2,1
activate=on_trigger
hotspot=location
intermap=maps/underworld.txt,84,31
tooltip=Underworld

[event]
# Crate
type=event
location=109,16,1,1
activate=on_trigger
hotspot=location
loot=loot/level_13.txt
mapmod=object,109,16,179
repeat=false
soundfx=soundfx/wood_open.ogg
tooltip=Crate

[event]
# to Underworld Mines
type=event
location=58,3,2,1
activate=on_trigger
hotspot=location
intermap=maps/underworld_mines.txt,31,63
tooltip=Underworld Mines

[enemy]
type=enemy
location=34,84,1,1
category=catacomb_boulder_1
number=1
requires_not_status=emp_catacomb_boulder_1

[enemy]
type=enemy
location=35,84,1,1
category=catacomb_boulder_2
number=1
requires_not_status=emp_catacomb_boulder_2

[enemy]
type=enemy
location=73,57,8,8
category=dungeon
level=13
number=4

[enemy]
type=enemy
location=55,57,6,23
category=dungeon
level=13
number=4

[enemy]
type=enemy
location=36,56,8,20
category=dungeon
level=13
number=4

[enemy]
type=enemy
location=19,52,8,20
category=dungeon
level=13
number=4

[enemy]
type=enemy
location=21,38,10,7
category=dungeon
level=13
number=3

[enemy]
type=enemy
location=37,39,8,8
category=dungeon
level=13
number=4

[enemy]
type=enemy
location=3,54,10,14
category=dungeon
level=13
number=3

[enemy]
type=enemy
location=2,40,11,7
category=dungeon
level=13
number=3

[enemy]
type=enemy
location=3,18,10,13
category=dungeon
level=13
number=3

[enemy]
type=enemy
location=20,5,6,24
category=dungeon
level=13
number=4

[enemy]
type=enemy
location=37,5,6,23
category=dungeon
level=13
number=4

[enemy]
type=enemy
location=55,21,7,7
category=dungeon
level=13
number=3

[enemy]
type=enemy
location=74,39,7,7
category=dungeon
level=13
number=3

[enemy]
type=enemy
location=90,39,6,17
category=dungeon
level=13
number=3

[enemy]
type=enemy
location=74,74,11,6
category=dungeon
level=13
number=4

[enemy]
type=enemy
location=91,63,6,17
category=dungeon
level=13
number=3

[enemy]
type=enemy
location=104,53,10,14
category=dungeon
level=13
number=3

[enemy]
type=enemy
location=103,39,11,7
category=dungeon
level=13
number=3

[enemy]
type=enemy
location=104,17,10,13
category=dungeon
level=13
number=3

[enemy]
type=enemy
location=90,5,6,17
category=dungeon
level=13
number=3

[enemy]
type=enemy
location=73,21,12,7
category=dungeon
level=13
number=3

[enemy]
type=enemy
location=74,4,6,6
category=dungeon
level=13
number=2

