
image=images/enemies/goblin_elite.png

[stance]
frames=4
duration=800ms
type=back_forth
frame=0,0,1289,60,23,20,14,18
frame=0,1,1194,0,17,21,7,19
frame=0,2,780,48,17,24,7,20
frame=0,3,853,23,22,23,5,18
frame=0,4,1220,83,26,20,8,18
frame=0,5,1338,80,20,20,9,17
frame=0,6,1379,40,17,20,7,17
frame=0,7,1544,76,21,19,13,17
frame=1,0,1237,20,24,20,15,17
frame=1,1,1194,21,17,21,7,19
frame=1,2,904,69,17,23,7,19
frame=1,3,865,0,22,23,5,18
frame=1,4,1211,0,26,20,8,17
frame=1,5,1355,60,20,20,9,17
frame=1,6,1394,60,17,20,7,17
frame=1,7,1586,76,20,19,13,17
frame=2,0,1245,40,24,20,15,17
frame=2,1,1378,80,18,20,8,18
frame=2,2,921,46,17,23,7,19
frame=2,3,840,69,22,23,5,18
frame=2,4,1470,76,26,19,8,17
frame=2,5,1545,57,21,19,10,16
frame=2,6,1396,80,17,20,7,16
frame=2,7,1565,76,21,19,13,16
frame=3,0,1531,38,23,19,15,17
frame=3,1,1374,0,18,20,8,18
frame=3,2,896,23,18,23,7,19
frame=3,3,1002,0,22,22,5,18
frame=3,4,1481,0,26,19,8,17
frame=3,5,1554,38,21,19,10,16
frame=3,6,1587,57,17,19,7,16
frame=3,7,1686,36,20,18,13,16

[hit]
frames=2
duration=133ms
type=back_forth
frame=0,0,1081,0,27,21,14,18
frame=0,1,1246,80,25,20,11,18
frame=0,2,1176,0,18,21,7,18
frame=0,3,1054,22,16,22,5,18
frame=0,4,1070,44,26,21,11,18
frame=0,5,970,69,24,22,12,19
frame=0,6,783,72,17,24,7,19
frame=0,7,1015,66,18,22,9,19
frame=1,0,1265,60,24,20,12,17
frame=1,1,1481,19,26,19,10,17
frame=1,2,1704,72,18,18,7,16
frame=1,3,1411,40,13,20,6,17
frame=1,4,1295,80,22,20,9,17
frame=1,5,971,45,23,22,12,18
frame=1,6,685,75,19,25,8,19
frame=1,7,908,0,18,23,7,18

[shoot]
frames=4
duration=400ms
type=play_once
frame=0,0,312,87,24,25,7,24
frame=0,1,584,54,23,26,7,24
frame=0,2,397,58,18,29,6,22
frame=0,3,607,52,19,26,9,20
frame=0,4,1084,21,25,21,16,19
frame=0,5,1117,84,23,21,14,19
frame=0,6,1033,66,17,22,7,21
frame=0,7,798,24,15,24,4,23
frame=1,0,334,29,22,29,7,27
frame=1,1,357,58,20,29,7,28
frame=1,2,351,0,22,29,7,26
frame=1,3,336,87,24,25,7,22
frame=1,4,1211,20,26,20,12,18
frame=1,5,1333,0,21,20,11,18
frame=1,6,1175,63,19,21,8,19
frame=1,7,427,87,20,25,11,23
frame=2,0,447,86,27,26,17,24
frame=2,1,276,0,19,30,9,29
frame=2,2,472,28,22,28,8,28
frame=2,3,688,25,28,24,4,23
frame=2,4,892,92,29,20,6,19
frame=2,5,1706,36,19,18,7,17
frame=2,6,1563,95,19,17,8,16
frame=2,7,1640,0,24,18,18,17
frame=3,0,179,93,30,19,24,18
frame=3,1,704,73,22,24,15,24
frame=3,2,626,52,18,26,8,26
frame=3,3,209,90,28,22,4,21
frame=3,4,862,92,30,20,2,19
frame=3,5,1140,84,22,21,3,17
frame=3,6,932,23,17,23,5,16
frame=3,7,1481,38,26,19,19,16

[cast]
frames=4
duration=533ms
type=play_once
frame=0,0,1604,57,13,19,9,16
frame=0,1,1312,60,22,20,14,18
frame=0,2,1532,19,23,19,12,18
frame=0,3,1204,42,15,21,4,18
frame=0,4,1070,22,14,22,2,17
frame=0,5,1625,18,24,18,7,15
frame=0,6,753,96,26,16,11,14
frame=0,7,1625,0,14,18,8,15
frame=1,0,1396,40,15,20,8,17
frame=1,1,1575,19,19,19,11,17
frame=1,2,884,46,19,23,9,21
frame=1,3,662,52,14,26,4,24
frame=1,4,580,0,15,27,3,23
frame=1,5,726,72,20,24,4,20
frame=1,6,1533,0,23,19,9,17
frame=1,7,1392,0,17,20,9,17
frame=2,0,512,27,24,27,10,24
frame=2,1,765,72,18,24,6,23
frame=2,2,903,46,18,23,7,22
frame=2,3,746,72,19,24,6,22
frame=2,4,688,0,19,25,7,23
frame=2,5,517,84,16,28,6,25
frame=2,6,394,0,18,29,7,27
frame=2,7,373,0,21,29,11,26
frame=3,0,432,58,28,28,10,25
frame=3,1,813,48,26,23,5,21
frame=3,2,1522,76,22,19,7,18
frame=3,3,1566,57,21,19,7,17
frame=3,4,1219,40,26,20,12,18
frame=3,5,841,0,24,23,14,21
frame=3,6,474,0,19,28,8,26
frame=3,7,213,30,22,30,10,27

[die]
frames=6
duration=400ms
type=play_once
frame=0,0,1081,0,27,21,14,18
frame=0,1,1246,80,25,20,11,18
frame=0,2,1176,0,18,21,7,18
frame=0,3,1054,22,16,22,5,18
frame=0,4,1070,44,26,21,11,18
frame=0,5,970,69,24,22,12,19
frame=0,6,783,72,17,24,7,19
frame=0,7,1015,66,18,22,9,19
frame=1,0,1265,60,24,20,12,17
frame=1,1,1481,19,26,19,10,17
frame=1,2,1704,72,18,18,7,16
frame=1,3,1411,40,13,20,6,17
frame=1,4,1295,80,22,20,9,17
frame=1,5,971,45,23,22,12,18
frame=1,6,685,75,19,25,8,19
frame=1,7,908,0,18,23,7,18
frame=2,0,1495,57,26,19,13,18
frame=2,1,726,96,27,16,11,17
frame=2,2,1690,90,18,18,7,17
frame=2,3,1408,20,15,20,7,17
frame=2,4,1261,20,24,20,10,18
frame=2,5,828,23,25,23,13,20
frame=2,6,617,78,19,26,8,21
frame=2,7,761,24,19,24,7,20
frame=3,0,1440,58,28,19,13,20
frame=3,1,1485,95,28,17,11,18
frame=3,2,1374,20,18,20,7,18
frame=3,3,1154,63,21,21,8,19
frame=3,4,1239,60,26,20,10,20
frame=3,5,814,0,27,23,13,21
frame=3,6,595,0,20,26,8,22
frame=3,7,719,48,22,24,9,21
frame=4,0,120,96,28,16,14,15
frame=4,1,1663,91,27,18,12,16
frame=4,2,1685,72,19,18,7,15
frame=4,3,1133,0,22,21,11,15
frame=4,4,1496,76,26,19,11,15
frame=4,5,949,92,27,20,13,16
frame=4,6,994,44,21,22,11,17
frame=4,7,1293,40,23,20,10,16
frame=5,0,779,96,26,16,14,12
frame=5,1,1690,0,26,18,10,12
frame=5,2,1465,96,20,16,7,11
frame=5,3,1649,18,23,18,11,11
frame=5,4,1513,95,25,17,11,11
frame=5,5,1538,95,25,17,15,11
frame=5,6,1694,18,20,18,12,11
frame=5,7,1442,96,23,16,12,11

[swing]
frames=3
duration=300ms
type=play_once
frame=0,0,739,24,22,24,9,22
frame=0,1,406,87,21,25,9,24
frame=0,2,542,0,20,27,6,23
frame=0,3,875,23,21,23,6,20
frame=0,4,1507,0,26,19,11,17
frame=0,5,1664,36,22,18,10,16
frame=0,6,1689,54,19,18,9,16
frame=0,7,1176,21,18,21,10,18
frame=1,0,636,78,18,26,9,24
frame=1,1,494,28,18,28,9,26
frame=1,2,474,84,23,28,7,25
frame=1,3,696,49,23,24,4,21
frame=1,4,1672,18,22,18,7,17
frame=1,5,1582,95,19,17,8,15
frame=1,6,1664,72,21,18,11,15
frame=1,7,1026,88,18,22,13,19
frame=2,0,1424,0,29,19,22,18
frame=2,1,652,0,16,26,10,24
frame=2,2,559,27,19,27,7,25
frame=2,3,976,91,29,21,4,19
frame=2,4,148,95,31,17,5,16
frame=2,5,1555,19,20,19,5,14
frame=2,6,1575,38,18,19,8,13
frame=2,7,805,96,26,16,20,14

[run]
frames=8
duration=533ms
type=looped
frame=0,0,1442,77,28,19,14,17
frame=0,1,1358,80,20,20,8,19
frame=0,2,1065,0,16,22,7,20
frame=0,3,1162,84,21,21,6,19
frame=0,4,1468,57,27,19,11,17
frame=0,5,1155,0,21,21,10,15
frame=0,6,1392,20,16,20,6,15
frame=0,7,1645,54,23,18,14,16
frame=1,0,1212,63,27,20,16,19
frame=1,1,862,46,22,23,9,21
frame=1,2,780,24,18,24,8,22
frame=1,3,755,0,22,24,5,21
frame=1,4,921,92,28,20,8,19
frame=1,5,1083,65,24,21,11,17
frame=1,6,1186,42,18,21,7,17
frame=1,7,1668,54,21,18,14,17
frame=2,0,1034,22,20,22,13,22
frame=2,1,497,84,20,28,9,26
frame=2,2,235,30,21,30,8,28
frame=2,3,327,0,24,29,7,26
frame=2,4,570,81,25,26,6,22
frame=2,5,1096,42,24,21,9,20
frame=2,6,1640,36,24,18,12,19
frame=2,7,1556,0,20,19,11,20
frame=3,0,428,0,14,29,6,29
frame=3,1,109,0,18,32,8,30
frame=3,2,255,0,21,30,8,29
frame=3,3,356,29,22,29,7,28
frame=3,4,398,29,18,29,5,26
frame=3,5,493,0,19,28,7,26
frame=3,6,716,24,23,24,10,26
frame=3,7,634,0,18,26,9,27
frame=4,0,157,62,17,31,5,31
frame=4,1,235,60,21,30,7,29
frame=4,2,523,54,24,27,8,27
frame=4,3,595,26,20,26,6,25
frame=4,4,506,56,17,28,5,26
frame=4,5,256,60,19,30,7,28
frame=4,6,233,0,22,30,9,30
frame=4,7,137,64,20,31,9,32
frame=5,0,158,31,17,31,5,30
frame=5,1,377,58,20,29,6,28
frame=5,2,595,80,22,26,7,26
frame=5,3,634,26,18,26,6,26
frame=5,4,416,29,15,29,4,26
frame=5,5,275,60,18,30,7,28
frame=5,6,213,60,22,30,10,30
frame=5,7,127,0,20,31,9,31
frame=6,0,412,0,16,29,4,28
frame=6,1,562,0,18,27,6,27
frame=6,2,668,0,20,25,7,25
frame=6,3,654,78,17,26,6,25
frame=6,4,431,29,14,29,4,26
frame=6,5,277,30,17,30,6,28
frame=6,6,256,30,21,30,10,29
frame=6,7,138,31,20,31,10,29
frame=7,0,887,0,21,23,14,21
frame=7,1,615,0,19,26,8,25
frame=7,2,533,81,20,27,8,25
frame=7,3,732,0,23,24,4,21
frame=7,4,237,90,25,22,6,19
frame=7,5,1317,80,21,20,9,18
frame=7,6,1576,0,19,19,8,17
frame=7,7,1316,40,22,20,15,18

[critdie]
frames=8
duration=800ms
type=play_once
frame=0,0,294,30,14,30,9,26
frame=0,1,175,31,14,31,7,28
frame=0,2,415,58,17,29,7,27
frame=0,3,378,29,20,29,5,26
frame=0,4,644,52,18,26,3,23
frame=0,5,813,24,15,24,5,20
frame=0,6,961,0,17,23,7,20
frame=0,7,652,26,16,26,9,23
frame=1,0,0,0,22,35,7,32
frame=1,1,50,33,21,33,7,30
frame=1,2,147,0,18,31,7,29
frame=1,3,165,0,16,31,6,28
frame=1,4,120,64,17,32,6,30
frame=1,5,18,35,16,34,6,32
frame=1,6,22,0,16,34,6,34
frame=1,7,0,35,18,35,7,34
frame=2,0,71,33,30,32,12,29
frame=2,1,190,60,23,30,7,27
frame=2,2,553,81,17,27,7,25
frame=2,3,485,56,21,28,6,25
frame=2,4,181,0,28,30,11,27
frame=2,5,100,65,20,32,9,30
frame=2,6,60,66,16,33,7,32
frame=2,7,38,0,24,33,10,31
frame=3,0,295,0,32,29,13,26
frame=3,1,189,30,24,30,8,26
frame=3,2,293,60,16,30,7,27
frame=3,3,460,56,25,28,8,25
frame=3,4,442,0,32,28,13,24
frame=3,5,209,0,24,30,10,27
frame=3,6,174,62,16,31,7,29
frame=3,7,83,0,26,32,11,29
frame=4,0,308,29,26,29,12,25
frame=4,1,0,70,21,34,8,29
frame=4,2,21,69,16,34,7,30
frame=4,3,76,65,24,32,6,28
frame=4,4,512,0,30,27,10,23
frame=4,5,990,22,23,22,8,19
frame=4,6,797,48,16,24,7,22
frame=4,7,741,48,20,24,10,21
frame=5,0,309,58,24,29,12,26
frame=5,1,62,0,21,33,10,30
frame=5,2,34,34,16,34,7,30
frame=5,3,37,68,23,33,7,28
frame=5,4,445,28,27,28,8,24
frame=5,5,862,69,21,23,7,20
frame=5,6,955,46,16,23,7,19
frame=5,7,777,0,19,24,10,22
frame=6,0,536,27,23,27,13,24
frame=6,1,101,32,20,32,11,27
frame=6,2,121,32,17,32,7,27
frame=6,3,333,58,24,29,9,24
frame=6,4,707,0,25,24,9,21
frame=6,5,883,69,21,23,8,18
frame=6,6,800,72,16,24,7,18
frame=6,7,668,25,20,25,11,21
frame=7,0,360,87,24,25,14,21
frame=7,1,384,87,22,25,11,19
frame=7,2,926,0,18,23,7,17
frame=7,3,1338,40,21,20,9,15
frame=7,4,1664,0,25,18,10,15
frame=7,5,1005,88,21,22,9,16
frame=7,6,671,78,14,26,6,19
frame=7,7,547,54,20,27,11,20

[block]
frames=2
duration=200ms
type=play_once
frame=0,0,1375,60,19,20,10,17
frame=0,1,1053,44,17,22,8,20
frame=0,2,761,48,19,24,7,22
frame=0,3,615,26,19,26,8,22
frame=0,4,676,50,20,25,6,20
frame=0,5,1144,42,22,21,9,18
frame=0,6,1332,20,22,20,11,18
frame=0,7,1593,38,17,19,7,18
frame=1,0,1708,54,17,18,6,17
frame=1,1,1409,0,15,20,5,17
frame=1,2,1015,44,21,22,7,19
frame=1,3,839,46,23,23,9,21
frame=1,4,567,54,17,27,9,23
frame=1,5,578,27,17,27,6,23
frame=1,6,816,71,24,23,11,20
frame=1,7,1521,57,24,19,12,18
