
image=images/enemies/goblin.png

[stance]
frames=4
duration=800ms
type=back_forth
frame=0,0,0,1226,19,16,11,14
frame=0,1,0,3462,14,15,5,14
frame=0,2,18,2117,14,17,5,14
frame=0,3,0,3210,16,18,3,14
frame=0,4,0,777,20,16,7,14
frame=0,5,0,3331,16,15,7,13
frame=0,6,14,3463,14,15,5,12
frame=0,7,16,3333,16,15,10,13
frame=1,0,0,2067,18,16,11,14
frame=1,1,0,3477,14,15,5,14
frame=1,2,18,2045,14,18,5,14
frame=1,3,16,3249,16,17,3,14
frame=1,4,0,500,21,16,7,14
frame=1,5,0,3391,16,14,7,12
frame=1,6,14,3478,14,15,5,12
frame=1,7,16,3393,16,14,10,12
frame=2,0,0,2083,18,16,11,13
frame=2,1,0,3492,14,15,6,13
frame=2,2,18,2134,14,17,5,14
frame=2,3,0,3264,16,17,3,13
frame=2,4,0,825,20,15,7,13
frame=2,5,0,3405,16,14,8,12
frame=2,6,14,3523,14,14,5,12
frame=2,7,16,3407,16,14,10,12
frame=3,0,0,1354,19,15,12,13
frame=3,1,14,3493,14,15,6,13
frame=3,2,18,2151,14,17,5,14
frame=3,3,16,3266,16,17,3,13
frame=3,4,0,840,20,15,6,13
frame=3,5,0,3346,16,15,8,12
frame=3,6,19,1538,13,14,5,11
frame=3,7,0,3419,16,14,10,12

[hit]
frames=2
duration=133ms
type=back_forth
frame=0,0,0,516,21,16,10,14
frame=0,1,0,855,20,15,8,13
frame=0,2,17,2937,14,16,5,13
frame=0,3,20,913,12,16,4,13
frame=0,4,0,793,20,16,9,14
frame=0,5,0,2099,18,16,10,14
frame=0,6,18,2063,14,18,5,14
frame=0,7,17,2953,14,16,7,14
frame=1,0,0,2131,18,15,8,13
frame=1,1,0,900,20,14,7,12
frame=1,2,0,3551,14,13,5,12
frame=1,3,21,511,11,15,5,13
frame=1,4,16,3348,16,15,8,13
frame=1,5,0,2729,17,16,10,14
frame=1,6,17,2658,15,18,6,14
frame=1,7,19,1357,13,17,5,14

[shoot]
frames=4
duration=400ms
type=play_once
frame=0,0,0,690,20,18,6,18
frame=0,1,0,1121,19,20,6,18
frame=0,2,18,1721,14,22,5,17
frame=0,3,18,1988,14,19,7,15
frame=0,4,0,809,20,16,13,14
frame=0,5,0,1242,19,16,11,15
frame=0,6,18,2168,14,17,6,16
frame=0,7,20,825,12,18,3,17
frame=1,0,0,1787,18,21,6,20
frame=1,1,0,2481,17,21,6,21
frame=1,2,0,3100,16,23,5,20
frame=1,3,0,1849,18,19,5,17
frame=1,4,0,870,20,15,10,14
frame=1,5,0,2945,17,14,9,13
frame=1,6,17,2969,14,16,6,14
frame=1,7,17,2601,15,19,8,17
frame=2,0,0,446,21,19,13,18
frame=2,1,16,3107,16,23,7,22
frame=2,2,16,3130,16,22,6,22
frame=2,3,0,465,21,18,4,18
frame=2,4,0,100,23,16,5,15
frame=2,5,17,2854,15,14,5,13
frame=2,6,17,2924,15,13,6,12
frame=2,7,0,2281,18,14,13,13
frame=3,0,0,132,23,15,18,14
frame=3,1,0,1906,18,18,11,18
frame=3,2,18,1808,14,20,6,20
frame=3,3,0,483,21,17,3,16
frame=3,4,0,116,23,16,2,15
frame=3,5,0,2825,17,15,3,12
frame=3,6,18,2185,14,17,4,13
frame=3,7,0,885,20,15,15,13

[cast]
frames=4
duration=533ms
type=play_once
frame=0,0,22,305,10,15,7,13
frame=0,1,0,2840,17,15,11,14
frame=0,2,0,2295,18,14,9,13
frame=0,3,20,929,12,16,3,14
frame=0,4,21,494,11,17,2,13
frame=0,5,0,1369,19,15,5,11
frame=0,6,0,969,20,12,9,11
frame=0,7,21,541,11,14,7,11
frame=1,0,22,289,10,16,5,14
frame=1,1,17,2764,15,15,8,13
frame=1,2,17,2676,15,18,7,16
frame=1,3,20,786,12,20,3,18
frame=1,4,20,744,12,21,3,17
frame=1,5,16,3213,16,18,4,15
frame=1,6,0,2309,18,14,7,13
frame=1,7,0,3507,14,15,7,13
frame=2,0,0,2502,17,21,8,19
frame=2,1,18,2007,14,19,4,18
frame=2,2,18,2081,14,18,5,17
frame=2,3,0,3228,16,18,5,17
frame=2,4,18,1828,14,20,4,18
frame=2,5,19,1234,13,22,5,20
frame=2,6,17,2411,15,23,6,21
frame=2,7,0,2413,17,23,9,21
frame=3,0,0,425,21,21,8,19
frame=3,1,0,726,20,17,4,16
frame=3,2,0,2959,17,14,5,13
frame=3,3,0,3361,16,15,6,14
frame=3,4,0,743,20,17,9,14
frame=3,5,0,1924,18,18,11,17
frame=3,6,0,3146,16,22,7,20
frame=3,7,0,1651,18,24,8,22

[die]
frames=6
duration=400ms
type=play_once
frame=0,0,0,516,21,16,10,14
frame=0,1,0,855,20,15,8,13
frame=0,2,17,2937,14,16,5,13
frame=0,3,20,913,12,16,4,13
frame=0,4,0,793,20,16,9,14
frame=0,5,0,2099,18,16,10,14
frame=0,6,18,2063,14,18,5,14
frame=0,7,17,2953,14,16,7,14
frame=1,0,0,2131,18,15,8,13
frame=1,1,0,900,20,14,7,12
frame=1,2,0,3551,14,13,5,12
frame=1,3,21,511,11,15,5,13
frame=1,4,16,3348,16,15,8,13
frame=1,5,0,2729,17,16,10,14
frame=1,6,17,2658,15,18,6,14
frame=1,7,19,1357,13,17,5,14
frame=2,0,0,1384,19,15,9,14
frame=2,1,0,956,20,13,7,13
frame=2,2,0,3537,14,14,5,13
frame=2,3,20,945,12,16,6,13
frame=2,4,0,2115,18,16,8,14
frame=2,5,0,1141,19,17,10,15
frame=2,6,17,2620,15,19,6,15
frame=2,7,17,2694,15,18,5,15
frame=3,0,0,914,20,14,9,15
frame=3,1,0,619,21,13,8,14
frame=3,2,17,2985,14,16,5,15
frame=3,3,0,2604,17,18,6,15
frame=3,4,0,1399,19,15,8,15
frame=3,5,0,760,20,17,10,16
frame=3,6,17,2639,15,19,6,16
frame=3,7,0,1942,18,18,8,16
frame=4,0,0,632,21,13,11,12
frame=4,1,0,532,21,15,8,13
frame=4,2,17,2779,15,15,5,12
frame=4,3,0,2050,18,17,9,12
frame=4,4,0,1414,19,15,7,12
frame=4,5,0,928,20,14,11,12
frame=4,6,0,3315,16,16,8,12
frame=4,7,0,2323,18,14,7,12
frame=5,0,0,1548,19,13,11,10
frame=5,1,0,1534,19,14,7,9
frame=5,2,16,3421,16,13,6,9
frame=5,3,0,2146,18,15,9,9
frame=5,4,0,1561,19,13,8,9
frame=5,5,0,1574,19,13,12,9
frame=5,6,0,3433,16,13,9,8
frame=5,7,0,3012,17,12,8,9

[swing]
frames=3
duration=300ms
type=play_once
frame=0,0,16,3231,16,18,6,17
frame=0,1,16,3174,16,20,7,19
frame=0,2,17,2478,15,21,5,18
frame=0,3,0,2622,17,18,4,15
frame=0,4,0,1429,19,15,9,13
frame=0,5,0,2973,17,13,8,12
frame=0,6,19,1552,13,14,5,12
frame=0,7,17,3001,14,16,8,14
frame=1,0,17,2541,15,20,7,19
frame=1,1,18,1743,14,22,6,20
frame=1,2,0,2523,17,21,5,19
frame=1,3,0,1960,18,18,3,15
frame=1,4,0,2855,17,15,6,13
frame=1,5,16,3434,16,13,7,11
frame=1,6,17,2868,15,14,7,12
frame=1,7,18,2202,14,17,10,15
frame=2,0,0,311,22,14,17,13
frame=2,1,19,1299,13,20,8,18
frame=2,2,18,1848,14,20,5,18
frame=2,3,0,266,22,15,3,14
frame=2,4,0,41,24,14,4,12
frame=2,5,17,2882,15,14,4,10
frame=2,6,14,3537,14,14,6,10
frame=2,7,0,658,21,12,16,10

[critdie]
frames=8
duration=800ms
type=play_once
frame=0,0,22,267,10,22,6,19
frame=0,1,21,405,11,24,5,21
frame=0,2,18,1698,14,23,5,21
frame=0,3,17,2456,15,22,3,20
frame=0,4,18,1948,14,20,3,17
frame=0,5,20,843,12,18,4,15
frame=0,6,18,2304,14,17,5,15
frame=0,7,21,474,11,20,6,17
frame=1,0,0,3024,16,27,5,25
frame=1,1,16,3033,16,26,5,24
frame=1,2,18,1625,14,25,5,23
frame=1,3,20,720,12,24,4,22
frame=1,4,21,380,11,25,3,23
frame=1,5,20,670,12,26,4,25
frame=1,6,19,1062,13,26,5,25
frame=1,7,19,981,13,27,5,26
frame=2,0,0,55,23,24,9,23
frame=2,1,0,1743,18,22,5,20
frame=2,2,19,1319,13,20,5,18
frame=2,3,0,2544,17,21,4,19
frame=2,4,0,380,21,23,7,21
frame=2,5,17,2338,15,25,6,24
frame=2,6,19,1088,13,26,5,25
frame=2,7,0,1600,18,26,8,25
frame=3,0,0,0,25,21,11,19
frame=3,1,0,1030,19,23,6,21
frame=3,2,19,1211,13,23,5,22
frame=3,3,0,1099,19,22,5,20
frame=3,4,0,21,25,20,9,18
frame=3,5,0,1053,19,23,8,21
frame=3,6,19,1164,13,24,5,23
frame=3,7,0,1006,19,24,9,22
frame=4,0,0,403,21,22,10,20
frame=4,1,0,2337,17,26,6,23
frame=4,2,19,1008,13,27,5,24
frame=4,3,0,1626,18,25,4,22
frame=4,4,0,79,23,21,8,19
frame=4,5,0,1209,19,17,7,15
frame=4,6,19,1442,13,17,5,15
frame=4,7,0,3246,16,18,8,16
frame=5,0,0,1765,18,22,9,21
frame=5,1,0,2363,17,26,8,24
frame=5,2,19,1035,13,27,5,24
frame=5,3,0,981,19,25,5,22
frame=5,4,0,245,22,21,7,19
frame=5,5,0,2658,17,18,6,16
frame=5,6,20,896,12,17,5,15
frame=5,7,18,2026,14,19,8,17
frame=6,0,0,2459,17,22,9,19
frame=6,1,0,3051,16,25,8,21
frame=6,2,18,1650,14,25,5,21
frame=6,3,0,1076,19,23,7,19
frame=6,4,0,708,20,18,7,16
frame=6,5,0,2676,17,18,7,14
frame=6,6,20,861,12,18,5,14
frame=6,7,0,2585,17,19,9,16
frame=7,0,0,1887,18,19,10,17
frame=7,1,0,1829,18,20,9,15
frame=7,2,17,2712,15,18,5,13
frame=7,3,0,2793,17,16,8,12
frame=7,4,0,2266,18,15,8,12
frame=7,5,0,2694,17,18,7,13
frame=7,6,20,806,12,19,5,15
frame=7,7,0,3190,16,20,8,16

[run]
frames=8
duration=533ms
type=looped
frame=0,0,0,162,23,14,18,13
frame=0,1,0,1175,19,17,13,15
frame=0,2,18,2219,14,17,5,15
frame=0,3,0,1274,19,16,5,15
frame=0,4,0,176,23,14,4,13
frame=0,5,0,1444,19,15,4,11
frame=0,6,17,3017,14,16,5,9
frame=0,7,0,2176,18,15,12,11
frame=1,0,0,232,23,13,17,13
frame=1,1,0,1290,19,16,13,15
frame=1,2,18,2236,14,17,5,16
frame=1,3,0,2761,17,16,4,15
frame=1,4,0,147,23,15,4,13
frame=1,5,0,2191,18,15,4,11
frame=1,6,19,1459,13,16,5,10
frame=1,7,0,2900,17,15,12,11
frame=2,0,0,367,22,13,17,13
frame=2,1,0,1459,19,15,12,15
frame=2,2,19,1475,13,16,5,16
frame=2,3,0,3281,16,17,3,15
frame=2,4,0,562,21,15,3,13
frame=2,5,0,2206,18,15,5,11
frame=2,6,18,2253,14,17,5,10
frame=2,7,0,2915,17,15,12,11
frame=3,0,0,591,21,14,17,13
frame=3,1,0,1474,19,15,12,15
frame=3,2,19,1374,13,17,5,16
frame=3,3,17,2747,15,17,2,15
frame=3,4,0,325,22,14,3,13
frame=3,5,0,2221,18,15,4,11
frame=3,6,19,1491,13,16,5,10
frame=3,7,17,2794,15,15,12,11
frame=4,0,0,190,23,14,18,13
frame=4,1,0,1306,19,16,13,15
frame=4,2,18,2270,14,17,5,15
frame=4,3,16,3283,16,17,2,15
frame=4,4,0,204,23,14,4,13
frame=4,5,0,1489,19,15,5,11
frame=4,6,19,1507,13,16,5,9
frame=4,7,0,3376,16,15,12,11
frame=5,0,0,339,22,14,17,13
frame=5,1,0,1322,19,16,12,15
frame=5,2,19,1391,13,17,5,16
frame=5,3,0,3298,16,17,2,15
frame=5,4,0,218,23,14,4,13
frame=5,5,0,1504,19,15,5,11
frame=5,6,0,3446,14,16,5,10
frame=5,7,17,2809,15,15,12,11
frame=6,0,0,296,22,15,17,13
frame=6,1,0,1338,19,16,12,15
frame=6,2,19,1408,13,17,5,16
frame=6,3,17,2824,15,15,2,15
frame=6,4,0,645,21,13,3,13
frame=6,5,0,2236,18,15,5,11
frame=6,6,19,1425,13,17,5,10
frame=6,7,17,2839,15,15,12,11
frame=7,0,0,605,21,14,17,13
frame=7,1,0,1192,19,17,12,15
frame=7,2,18,2287,14,17,5,16
frame=7,3,0,2777,17,16,4,15
frame=7,4,0,353,22,14,3,13
frame=7,5,0,2251,18,15,4,11
frame=7,6,14,3447,14,16,5,10
frame=7,7,16,3378,16,15,12,11

[block]
frames=2
duration=200ms
type=play_once
frame=0,0,19,1523,13,15,7,13
frame=0,1,18,2321,14,17,6,15
frame=0,2,18,2099,14,18,5,17
frame=0,3,18,1968,14,20,6,17
frame=0,4,16,3194,16,19,5,14
frame=0,5,0,2809,17,16,7,13
frame=0,6,0,2930,17,15,9,13
frame=0,7,19,1566,13,14,5,13
frame=1,0,0,3522,14,15,5,13
frame=1,1,21,526,11,15,3,13
frame=1,2,16,3300,16,17,5,15
frame=1,3,0,2014,18,18,7,17
frame=1,4,19,1278,13,21,7,18
frame=1,5,20,765,12,21,5,17
frame=1,6,0,2032,18,18,9,16
frame=1,7,0,1519,19,15,10,14
