
[stance]
frames=4
duration=120
type=back_forth
frame=0,0,574,58,24,29,14,25
frame=0,1,168,64,35,31,15,27
frame=0,2,338,123,32,30,11,28
frame=0,3,443,90,21,30,8,27
frame=0,4,575,0,24,29,6,25
frame=0,5,303,124,35,30,16,24
frame=0,6,653,145,33,28,18,23
frame=0,7,752,135,21,26,12,24
frame=1,0,575,29,24,29,14,25
frame=1,1,169,32,35,31,15,27
frame=1,2,360,183,31,30,10,28
frame=1,3,265,31,21,31,8,27
frame=1,4,573,147,24,29,6,25
frame=1,5,310,93,35,30,17,24
frame=1,6,657,87,31,28,17,23
frame=1,7,771,161,20,26,11,24
frame=2,0,525,0,25,29,14,25
frame=2,1,180,127,34,31,14,27
frame=2,2,484,176,31,29,10,27
frame=2,3,277,0,21,31,8,27
frame=2,4,524,58,25,29,7,25
frame=2,5,490,0,35,29,17,23
frame=2,6,722,229,31,27,17,22
frame=2,7,797,82,20,25,11,23
frame=3,0,547,87,25,29,14,25
frame=3,1,290,216,34,30,14,26
frame=3,2,515,176,30,29,10,27
frame=3,3,443,120,21,30,8,26
frame=3,4,549,58,25,29,7,25
frame=3,5,484,89,35,29,17,23
frame=3,6,723,28,30,27,17,22
frame=3,7,808,160,20,25,11,23

[run]
frames=8
duration=60
type=looped
frame=0,0,465,150,19,30,10,28
frame=0,1,264,124,20,31,10,29
frame=0,2,228,188,22,31,9,29
frame=0,3,128,32,21,32,6,29
frame=0,4,444,150,21,30,7,28
frame=0,5,440,180,23,30,8,27
frame=0,6,573,176,22,29,9,27
frame=0,7,421,120,22,30,12,27
frame=1,0,464,90,20,30,12,28
frame=1,1,92,164,23,32,12,29
frame=1,2,143,0,21,32,9,29
frame=1,3,598,116,20,29,8,28
frame=1,4,441,210,23,30,7,28
frame=1,5,574,116,24,29,8,27
frame=1,6,710,113,21,28,8,27
frame=1,7,711,84,19,28,10,27
frame=2,0,572,87,25,29,13,27
frame=2,1,0,202,25,32,13,28
frame=2,2,164,0,19,32,8,28
frame=2,3,423,30,22,30,10,28
frame=2,4,517,118,29,29,11,27
frame=2,5,25,202,25,32,8,27
frame=2,6,240,157,22,31,9,26
frame=2,7,377,30,23,30,11,27
frame=3,0,382,0,23,30,12,28
frame=3,1,46,0,24,33,12,29
frame=3,2,115,162,20,32,9,29
frame=3,3,573,205,22,29,10,28
frame=3,4,323,30,27,30,10,28
frame=3,5,68,168,24,32,8,27
frame=3,6,110,96,22,32,9,27
frame=3,7,595,176,22,29,10,27
frame=4,0,466,30,19,30,10,28
frame=4,1,122,128,20,32,10,29
frame=4,2,242,125,22,31,9,29
frame=4,3,377,60,23,30,8,29
frame=4,4,463,180,21,30,7,28
frame=4,5,464,210,21,30,6,27
frame=4,6,428,0,22,30,9,27
frame=4,7,688,113,22,28,12,27
frame=5,0,372,90,25,30,16,28
frame=5,1,640,87,17,29,9,28
frame=5,2,132,96,20,32,8,29
frame=5,3,117,0,26,32,8,29
frame=5,4,323,60,27,30,7,28
frame=5,5,617,174,20,29,7,27
frame=5,6,464,120,20,30,8,27
frame=5,7,524,29,26,29,14,27
frame=6,0,516,205,30,29,18,27
frame=6,1,397,90,23,30,12,28
frame=6,2,271,93,20,31,8,28
frame=6,3,73,33,28,32,10,28
frame=6,4,484,118,33,29,10,27
frame=6,5,370,150,25,30,9,27
frame=6,6,285,62,20,31,8,26
frame=6,7,172,223,28,31,14,26
frame=7,0,416,180,24,30,15,28
frame=7,1,637,116,18,29,9,28
frame=7,2,148,64,20,32,8,29
frame=7,3,43,168,25,32,8,29
frame=7,4,370,120,26,30,8,28
frame=7,5,595,205,21,29,8,27
frame=7,6,249,219,21,31,8,27
frame=7,7,223,94,26,31,14,27

[ranged]
frames=4
duration=120
type=play_once
frame=0,0,683,0,23,28,12,25
frame=0,1,217,157,23,31,15,27
frame=0,2,405,0,23,30,13,27
frame=0,3,683,28,23,28,10,27
frame=0,4,550,0,25,29,9,25
frame=0,5,688,85,23,28,4,23
frame=0,6,727,55,25,27,7,23
frame=0,7,819,212,22,25,10,23
frame=1,0,395,150,25,30,13,26
frame=1,1,75,132,24,32,16,27
frame=1,2,263,62,22,31,12,28
frame=1,3,599,29,23,29,10,28
frame=1,4,517,147,28,29,10,26
frame=1,5,550,29,25,29,5,25
frame=1,6,704,56,23,28,6,25
frame=1,7,753,27,20,27,8,25
frame=2,0,203,63,34,31,22,27
frame=2,1,89,0,28,32,19,27
frame=2,2,0,103,18,34,8,30
frame=2,3,485,205,31,29,10,28
frame=2,4,152,96,37,31,10,27
frame=2,5,72,66,30,32,6,26
frame=2,6,262,156,21,31,7,26
frame=2,7,658,29,25,28,15,26
frame=3,0,154,159,35,31,23,27
frame=3,1,28,34,26,33,17,28
frame=3,2,0,69,20,34,8,30
frame=3,3,637,203,34,28,10,27
frame=3,4,318,0,37,30,9,27
frame=3,5,20,69,29,33,7,27
frame=3,6,305,62,18,31,7,26
frame=3,7,683,173,28,28,18,26

[ment]
frames=4
duration=90
type=play_once
frame=0,0,471,0,19,30,11,27
frame=0,1,218,0,30,31,14,28
frame=0,2,324,216,34,30,11,28
frame=0,3,391,180,25,30,7,28
frame=0,4,99,196,21,32,5,27
frame=0,5,204,31,31,31,13,26
frame=0,6,290,186,36,30,20,26
frame=0,7,700,201,26,28,15,26
frame=1,0,250,188,21,31,12,28
frame=1,1,400,30,23,30,13,28
frame=1,2,326,185,34,30,12,29
frame=1,3,484,147,33,29,8,28
frame=1,4,149,32,20,32,3,28
frame=1,5,49,67,23,33,5,28
frame=1,6,40,136,35,32,19,28
frame=1,7,189,95,34,31,22,28
frame=2,0,183,0,35,31,22,28
frame=2,1,54,33,19,33,10,30
frame=2,2,50,200,25,32,10,31
frame=2,3,302,155,36,30,10,29
frame=2,4,18,103,36,33,8,29
frame=2,5,70,0,19,33,3,28
frame=2,6,99,130,23,32,9,28
frame=2,7,139,192,35,31,21,28
frame=3,0,142,128,38,31,24,28
frame=3,1,20,0,26,34,15,31
frame=3,2,0,0,20,35,8,33
frame=3,3,358,215,34,30,9,29
frame=3,4,0,137,40,33,10,29
frame=3,5,0,35,28,34,7,29
frame=3,6,135,160,19,32,7,28
frame=3,7,338,153,32,30,19,28

[die]
frames=6
duration=120
type=play_once
frame=0,0,618,145,19,29,10,26
frame=0,1,200,221,26,31,10,27
frame=0,2,355,0,27,30,9,27
frame=0,3,284,124,19,31,8,27
frame=0,4,450,0,21,30,7,26
frame=0,5,189,158,28,31,14,26
frame=0,6,546,118,28,29,15,26
frame=0,7,732,136,20,27,10,26
frame=1,0,622,29,19,29,8,25
frame=1,1,706,28,17,28,7,24
frame=1,2,711,141,21,27,8,24
frame=1,3,779,108,20,26,9,24
frame=1,4,642,0,17,29,7,25
frame=1,5,298,0,20,31,9,26
frame=1,6,598,58,24,29,12,26
frame=1,7,746,195,20,27,9,26
frame=2,0,791,161,17,26,9,21
frame=2,1,766,190,19,27,7,22
frame=2,2,773,58,30,24,10,22
frame=2,3,792,213,27,25,10,22
frame=2,4,637,145,16,29,5,22
frame=2,5,731,109,21,27,11,22
frame=2,6,856,52,28,24,18,21
frame=2,7,810,133,26,24,15,21
frame=3,0,799,112,21,21,13,16
frame=3,1,510,234,17,22,8,18
frame=3,2,604,234,27,21,11,19
frame=3,3,544,234,30,21,9,19
frame=3,4,39,234,22,22,7,17
frame=3,5,836,133,19,23,7,16
frame=3,6,830,237,26,19,14,14
frame=3,7,801,238,29,18,19,14
frame=4,0,810,0,22,17,15,11
frame=4,1,828,170,19,17,11,12
frame=4,2,773,40,26,17,11,14
frame=4,3,856,18,29,17,10,14
frame=4,4,833,58,23,17,7,11
frame=4,5,410,240,20,16,7,8
frame=4,6,856,155,26,15,14,8
frame=4,7,773,244,28,12,18,8
frame=5,0,832,92,23,14,17,8
frame=5,1,450,240,19,16,12,10
frame=5,2,832,0,24,15,12,12
frame=5,3,820,120,26,13,11,10
frame=5,4,832,106,23,14,6,8
frame=5,5,836,156,19,14,6,7
frame=5,6,832,30,24,14,12,6
frame=5,7,358,245,26,11,15,6

[melee]
frames=4
duration=90
type=play_once
frame=0,0,659,0,24,28,12,25
frame=0,1,306,31,17,31,10,27
frame=0,2,249,93,22,31,12,28
frame=0,3,686,144,25,28,11,27
frame=0,4,420,150,24,30,8,26
frame=0,5,466,60,18,30,4,24
frame=0,6,658,57,23,28,7,23
frame=0,7,752,109,27,26,12,24
frame=1,0,740,0,28,27,17,24
frame=1,1,75,200,24,32,17,27
frame=1,2,126,64,22,32,13,28
frame=1,3,671,201,29,28,12,27
frame=1,4,653,173,30,28,8,24
frame=1,5,681,57,23,28,3,22
frame=1,6,772,82,25,26,8,21
frame=1,7,658,231,29,25,13,22
frame=2,0,687,229,35,27,25,24
frame=2,1,120,194,19,32,13,27
frame=2,2,54,100,32,32,15,28
frame=2,3,484,60,40,29,12,27
frame=2,4,105,228,38,28,9,24
frame=2,5,616,205,21,29,4,23
frame=2,6,655,116,33,28,13,21
frame=2,7,788,17,41,23,24,21
frame=3,0,597,145,21,29,12,26
frame=3,1,101,32,27,32,15,27
frame=3,2,0,170,43,32,16,28
frame=3,3,485,30,39,29,11,27
frame=3,4,345,90,27,30,9,25
frame=3,5,519,89,28,29,8,23
frame=3,6,61,232,44,24,23,19
frame=3,7,0,234,39,22,24,20

[critdie]
frames=6
duration=120
type=play_once
frame=0,0,623,0,19,29,10,26
frame=0,1,202,189,26,31,10,27
frame=0,2,350,60,27,30,9,27
frame=0,3,291,93,19,31,8,27
frame=0,4,445,60,21,30,7,26
frame=0,5,214,126,28,31,14,26
frame=0,6,545,176,28,29,15,26
frame=0,7,751,163,20,27,10,26
frame=1,0,622,58,19,29,8,25
frame=1,1,723,0,17,28,7,24
frame=1,2,751,82,21,27,8,24
frame=1,3,785,187,20,26,9,24
frame=1,4,641,58,17,29,7,25
frame=1,5,270,219,20,31,9,26
frame=1,6,599,0,24,29,12,26
frame=1,7,753,222,20,27,9,26
frame=2,0,793,134,17,26,9,21
frame=2,1,773,217,19,27,7,22
frame=2,2,803,58,30,24,10,22
frame=2,3,805,187,27,25,10,22
frame=2,4,637,174,16,29,5,22
frame=2,5,752,55,21,27,11,22
frame=2,6,856,76,28,24,18,21
frame=2,7,856,112,26,24,15,21
frame=3,0,841,215,21,21,13,16
frame=3,1,527,234,17,22,8,18
frame=3,2,631,234,27,21,11,19
frame=3,3,574,234,30,21,9,19
frame=3,4,488,234,22,22,7,17
frame=3,5,832,187,19,23,7,16
frame=3,6,856,136,26,19,14,14
frame=3,7,856,0,29,18,19,14
frame=4,0,788,0,22,17,15,11
frame=4,1,847,170,19,17,11,12
frame=4,2,799,40,26,17,11,14
frame=4,3,856,35,29,17,10,14
frame=4,4,833,75,23,17,7,11
frame=4,5,430,240,20,16,7,8
frame=4,6,856,187,26,15,14,8
frame=4,7,856,100,28,12,18,8
frame=5,0,862,215,23,14,17,8
frame=5,1,469,240,19,16,12,10
frame=5,2,832,15,24,15,12,12
frame=5,3,856,202,26,13,11,10
frame=5,4,862,229,23,14,6,8
frame=5,5,866,170,19,14,6,7
frame=5,6,832,44,24,14,12,6
frame=5,7,384,245,26,11,15,6

[hit]
frames=2
duration=60
type=back_forth
frame=0,0,618,116,19,29,10,26
frame=0,1,237,62,26,31,10,27
frame=0,2,350,30,27,30,9,27
frame=0,3,283,155,19,31,8,27
frame=0,4,445,30,21,30,7,26
frame=0,5,174,190,28,31,14,26
frame=0,6,545,147,28,29,15,26
frame=0,7,726,195,20,27,10,26
frame=1,0,621,87,19,29,8,25
frame=1,1,706,0,17,28,7,24
frame=1,2,730,82,21,27,8,24
frame=1,3,773,135,20,26,9,24
frame=1,4,641,29,17,29,7,25
frame=1,5,286,31,20,31,9,26
frame=1,6,597,87,24,29,12,26
frame=1,7,731,168,20,27,9,26

[block]
frames=2
duration=90
type=play_once
frame=0,0,400,60,23,30,13,26
frame=0,1,248,0,29,31,11,27
frame=0,2,396,120,25,30,7,28
frame=0,3,226,220,23,31,8,27
frame=0,4,392,210,25,30,7,26
frame=0,5,235,31,30,31,15,25
frame=0,6,546,205,27,29,15,24
frame=0,7,768,0,20,27,11,25
frame=1,0,271,187,19,31,10,27
frame=1,1,86,98,24,32,9,28
frame=1,2,420,90,23,30,7,28
frame=1,3,102,64,24,32,8,28
frame=1,4,423,60,22,30,6,26
frame=1,5,143,223,29,31,14,25
frame=1,6,417,210,24,30,14,25
frame=1,7,711,168,20,27,11,25
