
image=images/enemies/wyvern_fire.png

[stance]
frames=8
duration=3
type=looped
frame=0,0,6860,37,22,37,6,30
frame=0,1,6960,0,32,36,11,30
frame=0,2,3080,41,40,34,17,30
frame=0,3,6982,36,32,36,15,30
frame=0,4,6799,0,25,37,10,30
frame=0,5,3419,41,32,34,15,29
frame=0,6,1643,44,40,31,17,29
frame=0,7,3451,41,32,34,11,29
frame=1,0,816,0,26,48,8,39
frame=1,1,1330,0,48,45,21,37
frame=1,2,4557,39,53,36,22,32
frame=1,3,1378,0,48,45,19,37
frame=1,4,789,0,27,48,10,39
frame=1,5,1232,0,49,45,19,36
frame=1,6,2932,41,53,34,22,32
frame=1,7,1426,0,48,45,21,36
frame=2,0,178,0,27,54,7,48
frame=2,1,102,0,44,54,16,48
frame=2,2,656,0,49,48,18,43
frame=2,3,55,0,47,54,17,48
frame=2,4,146,0,32,54,11,48
frame=2,5,362,0,47,50,17,45
frame=2,6,3572,0,49,40,18,39
frame=2,7,409,0,44,50,16,45
frame=3,0,29,0,26,56,7,46
frame=3,1,205,0,53,53,22,45
frame=3,2,2212,0,57,42,25,38
frame=3,3,258,0,52,53,20,45
frame=3,4,0,0,29,57,10,47
frame=3,5,310,0,52,50,20,41
frame=3,6,2658,41,57,34,25,33
frame=3,7,529,0,53,49,23,40
frame=4,0,2099,0,28,43,10,32
frame=4,1,3621,0,48,40,24,32
frame=4,2,4502,39,55,36,25,32
frame=4,3,3669,0,48,40,17,32
frame=4,4,2127,0,26,43,10,32
frame=4,5,2374,0,48,42,18,31
frame=4,6,2715,41,55,34,25,30
frame=4,7,2422,0,48,42,24,31
frame=5,0,7077,36,26,36,10,32
frame=5,1,6811,37,25,37,11,33
frame=5,2,6873,0,20,37,6,33
frame=5,3,6836,37,24,37,9,33
frame=5,4,7113,0,25,36,9,32
frame=5,5,6849,0,24,37,9,31
frame=5,6,7129,36,20,36,6,31
frame=5,7,6824,0,25,37,11,31
frame=6,0,6731,38,27,37,11,32
frame=6,1,6638,38,32,37,15,32
frame=6,2,6773,0,26,37,10,33
frame=6,3,6702,38,29,37,12,32
frame=6,4,6785,37,26,37,10,32
frame=6,5,6744,0,29,38,12,31
frame=6,6,7087,0,26,36,10,30
frame=6,7,5466,0,32,39,15,31
frame=7,0,5555,0,22,39,6,31
frame=7,1,6535,38,35,37,14,31
frame=7,2,3763,40,40,35,17,31
frame=7,3,6570,38,34,37,15,31
frame=7,4,5530,0,25,39,9,31
frame=7,5,6882,37,34,36,15,30
frame=7,6,1683,44,40,31,17,29
frame=7,7,5569,39,35,36,14,30

[run]
frames=8
duration=2
type=looped
frame=0,0,3171,0,39,41,12,30
frame=0,1,5007,39,44,36,17,28
frame=0,2,4610,39,52,36,23,28
frame=0,3,5051,39,43,36,19,28
frame=0,4,3288,0,38,41,18,30
frame=0,5,6094,38,43,37,20,29
frame=0,6,5660,38,52,37,23,32
frame=0,7,6137,38,43,37,17,29
frame=1,0,984,0,38,46,12,35
frame=1,1,3717,0,48,40,24,33
frame=1,2,5604,38,56,37,25,28
frame=1,3,3765,0,47,40,17,33
frame=1,4,945,0,39,46,20,35
frame=1,5,2518,0,47,42,17,31
frame=1,6,2003,43,57,32,25,27
frame=1,7,2470,0,48,42,23,31
frame=2,0,749,0,40,48,18,37
frame=2,1,1631,0,51,44,28,38
frame=2,2,2639,0,56,41,24,32
frame=2,3,1682,0,46,44,14,38
frame=2,4,705,0,44,48,17,37
frame=2,5,1474,0,46,45,14,32
frame=2,6,2171,42,56,33,24,25
frame=2,7,1181,0,51,45,28,32
frame=3,0,582,0,38,49,17,37
frame=3,1,891,0,54,46,29,39
frame=3,2,2153,0,59,42,27,34
frame=3,3,842,0,49,47,17,40
frame=3,4,453,0,43,50,16,38
frame=3,5,1281,0,49,45,17,32
frame=3,6,1885,43,59,32,27,25
frame=3,7,1022,0,54,45,29,32
frame=4,0,496,0,33,50,12,37
frame=4,1,1129,0,52,45,24,36
frame=4,2,4443,39,59,36,27,28
frame=4,3,1076,0,53,45,21,36
frame=4,4,620,0,36,49,16,37
frame=4,5,2269,0,53,42,21,32
frame=4,6,1944,43,59,32,27,27
frame=4,7,2322,0,52,42,24,31
frame=5,0,7234,0,39,32,13,27
frame=5,1,6670,38,32,37,10,27
frame=5,2,6758,38,27,37,11,28
frame=5,3,6499,38,36,37,19,27
frame=5,4,7236,32,39,32,18,27
frame=5,5,5497,39,36,36,19,33
frame=5,6,3504,0,27,41,11,35
frame=5,7,6992,0,32,36,10,33
frame=6,0,2470,42,39,33,13,26
frame=6,1,6604,38,34,37,9,27
frame=6,2,6916,36,33,36,14,28
frame=6,3,6462,38,37,37,20,27
frame=6,4,2587,42,38,33,17,26
frame=6,5,3923,40,37,35,20,32
frame=6,6,4341,0,34,40,15,34
frame=6,7,4176,40,33,35,9,32
frame=7,0,6370,0,39,38,13,28
frame=7,1,6223,38,41,37,14,27
frame=7,2,4814,39,49,36,22,28
frame=7,3,6264,38,41,37,21,27
frame=7,4,6526,0,38,38,18,28
frame=7,5,6305,38,41,37,21,30
frame=7,6,5731,0,49,38,22,33
frame=7,7,5222,39,41,36,14,30

[shoot]
frames=8
duration=3
type=play_once
frame=0,0,3348,41,36,34,9,27
frame=0,1,7014,36,32,36,11,29
frame=0,2,6676,0,34,38,15,30
frame=0,3,7046,36,31,36,16,29
frame=0,4,3237,41,37,34,20,27
frame=0,5,3547,41,31,34,16,29
frame=0,6,4209,40,33,35,15,31
frame=0,7,3483,41,32,34,11,29
frame=1,0,3274,41,37,34,10,26
frame=1,1,7024,0,32,36,11,29
frame=1,2,6710,0,34,38,15,29
frame=1,3,7056,0,31,36,16,29
frame=1,4,3311,41,37,34,20,26
frame=1,5,4275,40,31,34,16,29
frame=1,6,4108,40,34,35,15,32
frame=1,7,3515,41,32,34,11,29
frame=2,0,3160,41,39,34,11,25
frame=2,1,6893,0,34,36,12,28
frame=2,2,6640,0,36,38,17,29
frame=2,3,6927,0,33,36,17,28
frame=2,4,3199,41,38,34,20,25
frame=2,5,4242,40,33,35,17,29
frame=2,6,5533,39,36,36,17,32
frame=2,7,4142,40,34,35,12,29
frame=3,0,3803,40,40,35,12,24
frame=3,1,3960,40,37,35,12,26
frame=3,2,4960,39,47,36,22,27
frame=3,3,3997,40,37,35,20,26
frame=3,4,3843,40,40,35,21,24
frame=3,5,4034,40,37,35,20,29
frame=3,6,5958,38,46,37,22,32
frame=3,7,4071,40,37,35,12,29
frame=4,0,1766,0,38,44,12,35
frame=4,1,4953,0,41,39,9,29
frame=4,2,7138,0,50,32,21,24
frame=4,3,5317,0,39,39,24,29
frame=4,4,1804,0,37,44,19,35
frame=4,5,4150,0,39,40,24,37
frame=4,6,5763,38,50,37,21,32
frame=4,7,3089,0,41,41,9,37
frame=5,0,1520,0,39,45,12,36
frame=5,1,4109,0,41,40,9,29
frame=5,2,2227,42,51,33,21,25
frame=5,3,4189,0,39,40,24,29
frame=5,4,1559,0,39,45,20,36
frame=5,5,3249,0,39,41,24,37
frame=5,6,5630,0,51,38,21,33
frame=5,7,3130,0,41,41,9,37
frame=6,0,1870,0,41,43,12,34
frame=6,1,4994,0,41,39,9,28
frame=6,2,3578,40,51,35,21,26
frame=6,3,5158,0,40,39,24,28
frame=6,4,1911,0,40,43,21,34
frame=6,5,5198,0,40,39,24,36
frame=6,6,5712,38,51,37,21,32
frame=6,7,5035,0,41,39,9,36
frame=7,0,2565,0,40,42,12,33
frame=7,1,5076,0,41,39,9,28
frame=7,2,4714,39,50,36,21,27
frame=7,3,5117,0,41,39,25,28
frame=7,4,1951,0,40,43,20,33
frame=7,5,6208,0,41,38,25,35
frame=7,6,5681,0,50,38,21,33
frame=7,7,6249,0,41,38,9,35

[cast]
frames=8
duration=3
type=play_once
frame=0,0,3348,41,36,34,9,27
frame=0,1,7014,36,32,36,11,29
frame=0,2,6676,0,34,38,15,30
frame=0,3,7046,36,31,36,16,29
frame=0,4,3237,41,37,34,20,27
frame=0,5,3547,41,31,34,16,29
frame=0,6,4209,40,33,35,15,31
frame=0,7,3483,41,32,34,11,29
frame=1,0,3274,41,37,34,10,26
frame=1,1,7024,0,32,36,11,29
frame=1,2,6710,0,34,38,15,29
frame=1,3,7056,0,31,36,16,29
frame=1,4,3311,41,37,34,20,26
frame=1,5,4275,40,31,34,16,29
frame=1,6,4108,40,34,35,15,32
frame=1,7,3515,41,32,34,11,29
frame=2,0,3160,41,39,34,11,25
frame=2,1,6893,0,34,36,12,28
frame=2,2,6640,0,36,38,17,29
frame=2,3,6927,0,33,36,17,28
frame=2,4,3199,41,38,34,20,25
frame=2,5,4242,40,33,35,17,29
frame=2,6,5533,39,36,36,17,32
frame=2,7,4142,40,34,35,12,29
frame=3,0,3803,40,40,35,12,24
frame=3,1,3960,40,37,35,12,26
frame=3,2,4960,39,47,36,22,27
frame=3,3,3997,40,37,35,20,26
frame=3,4,3843,40,40,35,21,24
frame=3,5,4034,40,37,35,20,29
frame=3,6,5958,38,46,37,22,32
frame=3,7,4071,40,37,35,12,29
frame=4,0,1766,0,38,44,12,35
frame=4,1,4953,0,41,39,9,29
frame=4,2,7138,0,50,32,21,24
frame=4,3,5317,0,39,39,24,29
frame=4,4,1804,0,37,44,19,35
frame=4,5,4150,0,39,40,24,37
frame=4,6,5763,38,50,37,21,32
frame=4,7,3089,0,41,41,9,37
frame=5,0,1520,0,39,45,12,36
frame=5,1,4109,0,41,40,9,29
frame=5,2,2227,42,51,33,21,25
frame=5,3,4189,0,39,40,24,29
frame=5,4,1559,0,39,45,20,36
frame=5,5,3249,0,39,41,24,37
frame=5,6,5630,0,51,38,21,33
frame=5,7,3130,0,41,41,9,37
frame=6,0,1870,0,41,43,12,34
frame=6,1,4994,0,41,39,9,28
frame=6,2,3578,40,51,35,21,26
frame=6,3,5158,0,40,39,24,28
frame=6,4,1911,0,40,43,21,34
frame=6,5,5198,0,40,39,24,36
frame=6,6,5712,38,51,37,21,32
frame=6,7,5035,0,41,39,9,36
frame=7,0,2565,0,40,42,12,33
frame=7,1,5076,0,41,39,9,28
frame=7,2,4714,39,50,36,21,27
frame=7,3,5117,0,41,39,25,28
frame=7,4,1951,0,40,43,20,33
frame=7,5,6208,0,41,38,25,35
frame=7,6,5681,0,50,38,21,33
frame=7,7,6249,0,41,38,9,35

[die]
frames=8
duration=4
type=play_once
frame=0,0,4304,0,37,40,12,29
frame=0,1,3037,41,43,34,17,25
frame=0,2,4390,40,53,32,24,24
frame=0,3,3721,40,42,35,20,26
frame=0,4,3438,0,36,41,17,30
frame=0,5,5137,39,43,36,20,28
frame=0,6,2878,41,54,34,24,29
frame=0,7,3678,40,43,35,17,27
frame=1,0,6949,36,33,36,11,26
frame=1,1,902,46,41,29,16,22
frame=1,2,568,49,50,26,22,19
frame=1,3,2548,42,39,33,18,25
frame=1,4,5498,0,32,39,16,28
frame=1,5,3883,40,40,35,19,27
frame=1,6,1029,45,52,30,23,25
frame=1,7,7196,32,40,32,16,25
frame=2,0,7311,0,28,32,10,24
frame=2,1,1425,45,34,26,13,21
frame=2,2,526,50,42,23,17,17
frame=2,3,1115,45,32,30,13,23
frame=2,4,7103,36,26,36,13,26
frame=2,5,1757,44,34,31,15,24
frame=2,6,618,49,43,26,20,21
frame=2,7,1280,45,34,28,15,23
frame=3,0,1856,44,29,31,11,23
frame=3,1,1314,45,31,28,12,20
frame=3,2,221,53,42,22,18,15
frame=3,3,1243,45,37,28,17,21
frame=3,4,4306,40,27,34,15,25
frame=3,5,7308,32,32,32,16,24
frame=3,6,769,48,43,26,19,20
frame=3,7,812,48,38,26,16,21
frame=4,0,7340,31,28,31,11,21
frame=4,1,976,46,27,29,10,19
frame=4,2,69,54,43,21,20,13
frame=4,3,1511,45,42,23,21,15
frame=4,4,1177,45,26,30,14,21
frame=4,5,1147,45,30,30,17,22
frame=4,6,391,50,43,24,19,18
frame=4,7,434,50,42,24,17,19
frame=5,0,1345,45,29,28,11,18
frame=5,1,1400,45,25,28,9,16
frame=5,2,0,57,42,18,20,11
frame=5,3,135,54,43,20,23,11
frame=5,4,1459,45,27,26,15,16
frame=5,5,1486,45,25,26,14,17
frame=5,6,1553,45,42,20,19,14
frame=5,7,178,54,43,20,18,16
frame=6,0,263,53,27,22,11,13
frame=6,1,504,50,22,24,8,13
frame=6,2,7394,31,37,16,17,8
frame=6,3,7393,0,40,16,22,8
frame=6,4,42,56,27,19,15,10
frame=6,5,112,54,23,21,13,12
frame=6,6,7411,47,37,15,19,9
frame=6,7,7393,16,40,15,17,10
frame=7,0,1595,45,26,20,11,12
frame=7,1,290,53,21,22,8,12
frame=7,2,7431,31,34,15,15,7
frame=7,3,7374,61,37,14,20,8
frame=7,4,7368,31,26,18,14,9
frame=7,5,1621,45,22,19,12,10
frame=7,6,7340,62,34,13,18,7
frame=7,7,7368,49,37,12,17,8

[swing]
frames=8
duration=4
type=play_once
frame=0,0,5872,0,44,38,21,31
frame=0,1,4789,0,41,39,23,34
frame=0,2,3326,0,38,41,16,34
frame=0,3,4830,0,41,39,11,34
frame=0,4,5780,0,46,38,16,31
frame=0,5,6126,0,41,38,12,27
frame=0,6,5422,39,38,36,16,26
frame=0,7,6167,0,41,38,23,27
frame=1,0,4533,0,45,39,22,31
frame=1,1,4068,0,41,40,24,35
frame=1,2,3210,0,39,41,16,34
frame=1,3,4621,0,42,39,12,35
frame=1,4,4441,0,46,39,16,31
frame=1,5,5916,0,42,38,11,27
frame=1,6,5344,39,39,36,16,26
frame=1,7,5958,0,42,38,24,27
frame=2,0,2832,0,44,41,23,32
frame=2,1,3048,0,41,41,25,36
frame=2,2,2742,0,45,41,19,34
frame=2,3,3812,0,44,40,12,36
frame=2,4,2695,0,47,41,16,32
frame=2,5,3856,0,43,40,11,28
frame=2,6,6004,38,45,37,19,27
frame=2,7,4578,0,43,39,25,28
frame=3,0,1598,0,33,45,17,34
frame=3,1,2787,0,45,41,27,36
frame=3,2,5577,0,53,38,23,32
frame=3,3,3942,0,42,40,10,36
frame=3,4,1728,0,38,44,13,34
frame=3,5,3006,0,42,41,10,29
frame=3,6,4662,39,52,36,23,28
frame=3,7,2876,0,44,41,27,29
frame=4,0,4871,0,41,39,16,30
frame=4,1,2920,0,43,41,11,29
frame=4,2,5826,0,46,38,20,29
frame=4,3,2963,0,43,41,25,29
frame=4,4,4663,0,42,39,20,30
frame=4,5,5094,39,43,36,26,32
frame=4,6,6049,38,45,37,20,30
frame=4,7,6180,38,43,37,11,32
frame=5,0,4375,0,34,40,14,30
frame=5,1,3364,0,37,41,8,30
frame=5,2,5813,38,49,37,21,30
frame=5,3,4228,0,38,40,23,30
frame=5,4,4409,0,32,40,14,30
frame=5,5,5460,39,37,36,22,31
frame=5,6,4863,39,49,36,22,30
frame=5,7,3120,41,40,34,11,31
frame=6,0,3552,0,20,41,8,31
frame=6,1,6290,0,40,38,18,31
frame=6,2,2328,42,49,33,22,31
frame=6,3,6409,0,39,38,16,31
frame=6,4,3531,0,21,41,5,31
frame=6,5,6448,0,39,38,16,30
frame=6,6,2377,42,49,33,22,29
frame=6,7,6487,0,39,38,18,30
frame=7,0,5356,0,38,39,20,31
frame=7,1,6424,38,38,37,23,33
frame=7,2,4705,0,42,39,18,32
frame=7,3,5278,0,39,39,9,33
frame=7,4,4912,0,41,39,15,31
frame=7,5,4747,0,42,39,12,28
frame=7,6,5180,39,42,36,18,27
frame=7,7,5394,0,37,39,23,28

[critdie]
frames=8
duration=4
type=play_once
frame=0,0,4304,0,37,40,12,29
frame=0,1,3037,41,43,34,17,25
frame=0,2,4390,40,53,32,24,24
frame=0,3,3721,40,42,35,20,26
frame=0,4,3438,0,36,41,17,30
frame=0,5,5137,39,43,36,20,28
frame=0,6,2878,41,54,34,24,29
frame=0,7,3678,40,43,35,17,27
frame=1,0,6949,36,33,36,11,26
frame=1,1,902,46,41,29,16,22
frame=1,2,568,49,50,26,22,19
frame=1,3,2548,42,39,33,18,25
frame=1,4,5498,0,32,39,16,28
frame=1,5,3883,40,40,35,19,27
frame=1,6,1029,45,52,30,23,25
frame=1,7,7196,32,40,32,16,25
frame=2,0,7311,0,28,32,10,24
frame=2,1,1425,45,34,26,13,21
frame=2,2,526,50,42,23,17,17
frame=2,3,1115,45,32,30,13,23
frame=2,4,7103,36,26,36,13,26
frame=2,5,1757,44,34,31,15,24
frame=2,6,618,49,43,26,20,21
frame=2,7,1280,45,34,28,15,23
frame=3,0,1856,44,29,31,11,23
frame=3,1,1314,45,31,28,12,20
frame=3,2,221,53,42,22,18,15
frame=3,3,1243,45,37,28,17,21
frame=3,4,4306,40,27,34,15,25
frame=3,5,7308,32,32,32,16,24
frame=3,6,769,48,43,26,19,20
frame=3,7,812,48,38,26,16,21
frame=4,0,7340,31,28,31,11,21
frame=4,1,976,46,27,29,10,19
frame=4,2,69,54,43,21,20,13
frame=4,3,1511,45,42,23,21,15
frame=4,4,1177,45,26,30,14,21
frame=4,5,1147,45,30,30,17,22
frame=4,6,391,50,43,24,19,18
frame=4,7,434,50,42,24,17,19
frame=5,0,1345,45,29,28,11,18
frame=5,1,1400,45,25,28,9,16
frame=5,2,0,57,42,18,20,11
frame=5,3,135,54,43,20,23,11
frame=5,4,1459,45,27,26,15,16
frame=5,5,1486,45,25,26,14,17
frame=5,6,1553,45,42,20,19,14
frame=5,7,178,54,43,20,18,16
frame=6,0,263,53,27,22,11,13
frame=6,1,504,50,22,24,8,13
frame=6,2,7394,31,37,16,17,8
frame=6,3,7393,0,40,16,22,8
frame=6,4,42,56,27,19,15,10
frame=6,5,112,54,23,21,13,12
frame=6,6,7411,47,37,15,19,9
frame=6,7,7393,16,40,15,17,10
frame=7,0,1595,45,26,20,11,12
frame=7,1,290,53,21,22,8,12
frame=7,2,7431,31,34,15,15,7
frame=7,3,7374,61,37,14,20,8
frame=7,4,7368,31,26,18,14,9
frame=7,5,1621,45,22,19,12,10
frame=7,6,7340,62,34,13,18,7
frame=7,7,7368,49,37,12,17,8

[hit]
frames=8
duration=2
type=play_once
frame=0,0,1991,0,37,43,11,33
frame=0,1,6000,0,42,38,18,30
frame=0,2,5862,38,49,37,21,30
frame=0,3,6042,0,42,38,17,30
frame=0,4,2028,0,37,43,18,33
frame=0,5,3984,0,42,40,17,32
frame=0,6,3629,40,49,35,22,31
frame=0,7,4026,0,42,40,18,32
frame=1,0,2605,0,34,42,11,31
frame=1,1,4912,39,48,36,22,28
frame=1,2,2770,41,54,34,24,28
frame=1,3,6084,0,42,38,18,29
frame=1,4,2065,0,34,43,16,32
frame=1,5,4487,0,46,39,19,31
frame=1,6,2824,41,54,34,25,30
frame=1,7,3899,0,43,40,18,30
frame=2,0,3474,0,30,41,10,29
frame=2,1,2278,42,50,33,23,25
frame=2,2,2060,43,56,32,25,27
frame=2,3,6564,0,38,38,17,29
frame=2,4,1841,0,29,44,13,32
frame=2,5,4764,39,50,36,21,30
frame=2,6,2116,43,55,32,25,28
frame=2,7,5238,0,40,39,15,28
frame=3,0,5431,0,35,39,12,27
frame=3,1,7188,0,46,32,21,24
frame=3,2,2985,41,52,34,23,25
frame=3,3,2509,42,39,33,19,24
frame=3,4,6602,0,38,38,19,27
frame=3,5,2426,42,44,33,20,26
frame=3,6,850,47,52,28,24,23
frame=3,7,6346,38,39,37,15,27
frame=4,0,4365,40,25,33,11,24
frame=4,1,1723,44,34,31,12,22
frame=4,2,1203,45,40,28,17,22
frame=4,3,1081,45,34,30,17,21
frame=4,4,7339,0,28,31,11,21
frame=4,5,943,46,33,29,18,22
frame=4,6,661,48,39,27,19,22
frame=4,7,1791,44,33,31,13,25
frame=5,0,311,50,29,25,12,20
frame=5,1,1374,45,26,28,10,22
frame=5,2,7367,0,26,31,10,24
frame=5,3,1003,46,26,29,13,23
frame=5,4,737,48,32,27,14,21
frame=5,5,476,50,28,24,12,21
frame=5,6,340,50,26,25,12,20
frame=5,7,366,50,25,25,8,21
frame=6,0,3384,41,35,34,11,26
frame=6,1,4333,40,32,33,12,26
frame=6,2,5383,39,39,36,17,27
frame=6,3,2625,42,33,33,16,26
frame=6,4,7273,0,38,32,19,25
frame=6,5,1824,44,32,31,15,25
frame=6,6,700,48,37,27,16,23
frame=6,7,7275,32,33,32,12,26
frame=7,0,3401,0,37,41,11,31
frame=7,1,5263,39,41,36,17,29
frame=7,2,5911,38,47,37,20,29
frame=7,3,5304,39,40,36,17,28
frame=7,4,4266,0,38,40,19,31
frame=7,5,6385,38,39,37,17,29
frame=7,6,7149,32,47,32,20,28
frame=7,7,6330,0,40,38,17,30

[block]
frames=2
duration=3
type=play_once
frame=0,0,6860,37,22,37,6,30
frame=0,1,6960,0,32,36,11,30
frame=0,2,3080,41,40,34,17,30
frame=0,3,6982,36,32,36,15,30
frame=0,4,6799,0,25,37,10,30
frame=0,5,3419,41,32,34,15,29
frame=0,6,1643,44,40,31,17,29
frame=0,7,3451,41,32,34,11,29
frame=1,0,816,0,26,48,8,39
frame=1,1,1330,0,48,45,21,37
frame=1,2,4557,39,53,36,22,32
frame=1,3,1378,0,48,45,19,37
frame=1,4,789,0,27,48,10,39
frame=1,5,1232,0,49,45,19,36
frame=1,6,2932,41,53,34,22,32
frame=1,7,1426,0,48,45,21,36
