
image=images/enemies/wyvern_water.png

[stance]
frames=8
duration=800ms
type=looped
frame=0,0,6860,37,22,37,6,30
frame=0,1,6960,0,32,36,11,30
frame=0,2,3080,41,40,34,17,30
frame=0,3,6982,36,32,36,15,30
frame=0,4,6799,0,25,37,10,30
frame=0,5,3419,41,32,34,15,29
frame=0,6,1643,44,40,31,17,29
frame=0,7,3451,41,32,34,11,29
frame=1,0,816,0,26,48,8,39
frame=1,1,1329,0,48,45,21,37
frame=1,2,4557,39,52,36,21,32
frame=1,3,1377,0,48,45,19,37
frame=1,4,789,0,27,48,10,39
frame=1,5,1231,0,49,45,19,36
frame=1,6,2932,41,53,34,22,32
frame=1,7,1425,0,48,45,21,36
frame=2,0,178,0,27,54,7,48
frame=2,1,102,0,44,54,16,48
frame=2,2,656,0,49,48,18,43
frame=2,3,55,0,47,54,17,48
frame=2,4,146,0,32,54,11,48
frame=2,5,362,0,47,50,17,45
frame=2,6,3530,0,49,40,18,39
frame=2,7,409,0,44,50,16,45
frame=3,0,29,0,26,56,7,46
frame=3,1,205,0,53,53,22,45
frame=3,2,2211,0,57,42,25,38
frame=3,3,258,0,52,53,20,45
frame=3,4,0,0,29,57,10,46
frame=3,5,310,0,52,50,20,41
frame=3,6,2658,41,57,34,25,33
frame=3,7,529,0,53,49,23,40
frame=4,0,2098,0,28,43,10,32
frame=4,1,3579,0,48,40,24,32
frame=4,2,4502,39,55,36,25,32
frame=4,3,3627,0,48,40,17,32
frame=4,4,2126,0,26,43,10,32
frame=4,5,2373,0,48,42,18,31
frame=4,6,2715,41,55,34,25,30
frame=4,7,2421,0,48,42,24,31
frame=5,0,7077,36,26,36,10,32
frame=5,1,6811,37,25,37,11,33
frame=5,2,6873,0,20,37,6,33
frame=5,3,6836,37,24,37,9,33
frame=5,4,7113,0,25,36,9,32
frame=5,5,6849,0,24,37,9,31
frame=5,6,7129,36,20,36,6,31
frame=5,7,6824,0,25,37,11,31
frame=6,0,6731,38,27,37,11,32
frame=6,1,6638,38,32,37,15,32
frame=6,2,6773,0,26,37,10,33
frame=6,3,6702,38,29,37,12,32
frame=6,4,6785,37,26,37,10,32
frame=6,5,6744,0,29,38,12,31
frame=6,6,7087,0,26,36,10,30
frame=6,7,5465,0,32,39,15,31
frame=7,0,5554,0,22,39,6,31
frame=7,1,6535,38,35,37,14,31
frame=7,2,3732,40,40,35,17,31
frame=7,3,6570,38,34,37,15,31
frame=7,4,5529,0,25,39,9,31
frame=7,5,6882,37,34,36,15,30
frame=7,6,1683,44,40,31,17,29
frame=7,7,5568,39,35,36,14,30

[run]
frames=8
duration=533ms
type=looped
frame=0,0,3129,0,39,41,12,30
frame=0,1,5006,39,44,36,17,28
frame=0,2,4609,39,52,36,23,28
frame=0,3,5050,39,43,36,20,28
frame=0,4,3246,0,38,41,18,30
frame=0,5,6093,38,43,37,19,29
frame=0,6,5659,38,52,37,23,32
frame=0,7,6136,38,43,37,17,29
frame=1,0,983,0,38,46,12,35
frame=1,1,3675,0,48,40,24,33
frame=1,2,5603,38,56,37,25,28
frame=1,3,3723,0,47,40,17,33
frame=1,4,944,0,39,46,20,35
frame=1,5,2517,0,47,42,17,31
frame=1,6,2003,43,57,32,25,27
frame=1,7,2469,0,48,42,23,31
frame=2,0,749,0,40,48,19,37
frame=2,1,1630,0,51,44,28,38
frame=2,2,2638,0,56,41,24,32
frame=2,3,1681,0,46,44,14,38
frame=2,4,705,0,44,48,17,37
frame=2,5,1473,0,46,45,14,32
frame=2,6,2171,42,56,33,24,25
frame=2,7,1180,0,51,45,28,32
frame=3,0,582,0,38,49,17,37
frame=3,1,890,0,54,46,29,40
frame=3,2,2152,0,59,42,27,34
frame=3,3,842,0,48,47,16,40
frame=3,4,453,0,43,50,16,38
frame=3,5,1280,0,49,45,17,32
frame=3,6,1885,43,59,32,27,25
frame=3,7,1021,0,54,45,29,32
frame=4,0,496,0,33,50,12,37
frame=4,1,1128,0,52,45,24,36
frame=4,2,4443,39,59,36,27,28
frame=4,3,1075,0,53,45,21,36
frame=4,4,620,0,36,49,16,37
frame=4,5,2268,0,53,42,21,32
frame=4,6,1944,43,59,32,27,27
frame=4,7,2321,0,52,42,24,31
frame=5,0,7234,0,39,32,13,27
frame=5,1,6670,38,32,37,10,27
frame=5,2,6758,38,27,37,11,28
frame=5,3,6499,38,36,37,19,27
frame=5,4,7236,32,39,32,18,27
frame=5,5,5496,39,36,36,19,33
frame=5,6,3462,0,27,41,11,35
frame=5,7,6992,0,32,36,10,33
frame=6,0,2470,42,39,33,13,26
frame=6,1,6604,38,34,37,9,27
frame=6,2,6916,36,33,36,14,28
frame=6,3,6462,38,37,37,20,27
frame=6,4,2587,42,38,33,17,26
frame=6,5,3892,40,37,35,20,32
frame=6,6,4340,0,34,40,15,34
frame=6,7,4145,40,33,35,9,32
frame=7,0,6370,0,39,38,13,28
frame=7,1,6222,38,41,37,14,27
frame=7,2,4813,39,49,36,22,28
frame=7,3,6263,38,41,37,21,27
frame=7,4,6526,0,38,38,18,28
frame=7,5,6304,38,41,37,21,30
frame=7,6,5730,0,49,38,22,33
frame=7,7,5221,39,41,36,14,30

[shoot]
frames=8
duration=800ms
type=play_once
frame=0,0,3348,41,36,34,9,27
frame=0,1,7014,36,32,36,11,29
frame=0,2,6676,0,34,38,15,30
frame=0,3,7046,36,31,36,16,29
frame=0,4,3237,41,37,34,20,27
frame=0,5,4244,40,31,34,16,29
frame=0,6,4178,40,33,35,15,31
frame=0,7,3483,41,32,34,11,29
frame=1,0,3274,41,37,34,10,26
frame=1,1,7024,0,32,36,11,29
frame=1,2,6710,0,34,38,15,29
frame=1,3,7056,0,31,36,16,29
frame=1,4,3311,41,37,34,20,26
frame=1,5,4275,40,31,34,16,29
frame=1,6,4077,40,34,35,15,32
frame=1,7,3515,41,32,34,11,29
frame=2,0,3160,41,39,34,11,25
frame=2,1,6893,0,34,36,12,28
frame=2,2,6640,0,36,38,17,29
frame=2,3,6927,0,33,36,17,28
frame=2,4,3199,41,38,34,20,25
frame=2,5,4211,40,33,35,17,29
frame=2,6,5532,39,36,36,17,32
frame=2,7,4111,40,34,35,12,29
frame=3,0,3772,40,40,35,12,24
frame=3,1,3929,40,37,35,12,26
frame=3,2,4959,39,47,36,22,27
frame=3,3,3966,40,37,35,20,26
frame=3,4,3812,40,40,35,21,24
frame=3,5,4003,40,37,35,20,29
frame=3,6,5957,38,46,37,22,32
frame=3,7,4040,40,37,35,12,29
frame=4,0,1765,0,38,44,12,35
frame=4,1,4952,0,41,39,9,29
frame=4,2,7138,0,50,32,21,24
frame=4,3,5316,0,39,39,24,29
frame=4,4,1803,0,37,44,19,35
frame=4,5,4149,0,39,40,24,37
frame=4,6,5762,38,50,37,21,32
frame=4,7,4067,0,41,40,9,37
frame=5,0,1519,0,39,45,12,36
frame=5,1,4108,0,41,40,9,29
frame=5,2,2227,42,51,33,21,25
frame=5,3,4188,0,39,40,24,29
frame=5,4,1558,0,39,45,20,36
frame=5,5,3207,0,39,41,24,37
frame=5,6,5629,0,51,38,21,33
frame=5,7,3088,0,41,41,9,37
frame=6,0,1869,0,41,43,12,34
frame=6,1,4993,0,41,39,9,28
frame=6,2,3547,40,51,35,21,26
frame=6,3,5157,0,40,39,24,28
frame=6,4,1910,0,40,43,21,34
frame=6,5,5197,0,40,39,24,36
frame=6,6,5711,38,51,37,21,32
frame=6,7,5034,0,41,39,9,36
frame=7,0,2564,0,40,42,12,33
frame=7,1,5075,0,41,39,9,28
frame=7,2,4713,39,50,36,21,27
frame=7,3,5116,0,41,39,25,28
frame=7,4,1950,0,40,43,20,33
frame=7,5,6208,0,41,38,25,35
frame=7,6,5680,0,50,38,21,33
frame=7,7,6249,0,41,38,9,35

[cast]
frames=8
duration=800ms
type=play_once
frame=0,0,3348,41,36,34,9,27
frame=0,1,7014,36,32,36,11,29
frame=0,2,6676,0,34,38,15,30
frame=0,3,7046,36,31,36,16,29
frame=0,4,3237,41,37,34,20,27
frame=0,5,4244,40,31,34,16,29
frame=0,6,4178,40,33,35,15,31
frame=0,7,3483,41,32,34,11,29
frame=1,0,3274,41,37,34,10,26
frame=1,1,7024,0,32,36,11,29
frame=1,2,6710,0,34,38,15,29
frame=1,3,7056,0,31,36,16,29
frame=1,4,3311,41,37,34,20,26
frame=1,5,4275,40,31,34,16,29
frame=1,6,4077,40,34,35,15,32
frame=1,7,3515,41,32,34,11,29
frame=2,0,3160,41,39,34,11,25
frame=2,1,6893,0,34,36,12,28
frame=2,2,6640,0,36,38,17,29
frame=2,3,6927,0,33,36,17,28
frame=2,4,3199,41,38,34,20,25
frame=2,5,4211,40,33,35,17,29
frame=2,6,5532,39,36,36,17,32
frame=2,7,4111,40,34,35,12,29
frame=3,0,3772,40,40,35,12,24
frame=3,1,3929,40,37,35,12,26
frame=3,2,4959,39,47,36,22,27
frame=3,3,3966,40,37,35,20,26
frame=3,4,3812,40,40,35,21,24
frame=3,5,4003,40,37,35,20,29
frame=3,6,5957,38,46,37,22,32
frame=3,7,4040,40,37,35,12,29
frame=4,0,1765,0,38,44,12,35
frame=4,1,4952,0,41,39,9,29
frame=4,2,7138,0,50,32,21,24
frame=4,3,5316,0,39,39,24,29
frame=4,4,1803,0,37,44,19,35
frame=4,5,4149,0,39,40,24,37
frame=4,6,5762,38,50,37,21,32
frame=4,7,4067,0,41,40,9,37
frame=5,0,1519,0,39,45,12,36
frame=5,1,4108,0,41,40,9,29
frame=5,2,2227,42,51,33,21,25
frame=5,3,4188,0,39,40,24,29
frame=5,4,1558,0,39,45,20,36
frame=5,5,3207,0,39,41,24,37
frame=5,6,5629,0,51,38,21,33
frame=5,7,3088,0,41,41,9,37
frame=6,0,1869,0,41,43,12,34
frame=6,1,4993,0,41,39,9,28
frame=6,2,3547,40,51,35,21,26
frame=6,3,5157,0,40,39,24,28
frame=6,4,1910,0,40,43,21,34
frame=6,5,5197,0,40,39,24,36
frame=6,6,5711,38,51,37,21,32
frame=6,7,5034,0,41,39,9,36
frame=7,0,2564,0,40,42,12,33
frame=7,1,5075,0,41,39,9,28
frame=7,2,4713,39,50,36,21,27
frame=7,3,5116,0,41,39,25,28
frame=7,4,1950,0,40,43,20,33
frame=7,5,6208,0,41,38,25,35
frame=7,6,5680,0,50,38,21,33
frame=7,7,6249,0,41,38,9,35

[die]
frames=8
duration=1066ms
type=play_once
frame=0,0,4303,0,37,40,12,29
frame=0,1,3037,41,43,34,17,25
frame=0,2,4390,40,53,32,24,24
frame=0,3,3690,40,42,35,20,26
frame=0,4,3396,0,36,41,17,30
frame=0,5,5136,39,43,36,20,28
frame=0,6,2878,41,54,34,24,29
frame=0,7,3647,40,43,35,17,27
frame=1,0,6949,36,33,36,11,26
frame=1,1,903,46,41,29,16,22
frame=1,2,569,49,50,26,22,19
frame=1,3,2548,42,39,33,18,25
frame=1,4,5497,0,32,39,16,28
frame=1,5,3852,40,40,35,19,27
frame=1,6,1030,45,52,30,23,25
frame=1,7,7196,32,40,32,16,25
frame=2,0,7311,0,28,32,10,24
frame=2,1,1425,45,34,26,13,21
frame=2,2,527,50,42,23,17,17
frame=2,3,1116,45,32,30,13,23
frame=2,4,7103,36,26,36,13,26
frame=2,5,1757,44,34,31,15,24
frame=2,6,619,49,43,26,20,21
frame=2,7,1280,45,34,28,15,23
frame=3,0,1856,44,29,31,11,23
frame=3,1,1314,45,31,28,12,20
frame=3,2,221,53,43,22,19,15
frame=3,3,1244,45,36,28,16,21
frame=3,4,4306,40,27,34,15,25
frame=3,5,7308,32,32,32,16,24
frame=3,6,770,48,43,26,19,20
frame=3,7,813,48,38,26,16,21
frame=4,0,7340,31,28,31,11,21
frame=4,1,977,46,27,29,10,19
frame=4,2,69,54,43,21,21,13
frame=4,3,1511,45,42,23,21,15
frame=4,4,1178,45,26,30,14,21
frame=4,5,1148,45,30,30,17,22
frame=4,6,392,50,43,24,19,18
frame=4,7,435,50,42,24,17,19
frame=5,0,1345,45,29,28,11,18
frame=5,1,1400,45,25,28,9,16
frame=5,2,0,57,42,18,20,11
frame=5,3,135,54,43,20,23,11
frame=5,4,1459,45,27,26,15,16
frame=5,5,1486,45,25,26,14,17
frame=5,6,1553,45,42,20,19,14
frame=5,7,178,54,43,20,18,16
frame=6,0,264,53,27,22,11,13
frame=6,1,505,50,22,24,8,13
frame=6,2,7394,31,37,16,17,8
frame=6,3,7393,0,40,16,22,8
frame=6,4,42,56,27,19,15,10
frame=6,5,112,54,23,21,13,12
frame=6,6,7411,47,37,15,19,9
frame=6,7,7393,16,40,15,17,10
frame=7,0,1595,45,26,20,11,12
frame=7,1,291,53,21,22,8,12
frame=7,2,7431,31,34,15,15,7
frame=7,3,7374,61,37,14,20,8
frame=7,4,7368,31,26,18,14,9
frame=7,5,1621,45,22,19,12,10
frame=7,6,7340,62,34,13,18,7
frame=7,7,7368,49,37,12,17,8

[swing]
frames=8
duration=1066ms
type=play_once
frame=0,0,5871,0,44,38,21,31
frame=0,1,4788,0,41,39,23,34
frame=0,2,3284,0,38,41,16,34
frame=0,3,4829,0,41,39,12,34
frame=0,4,5779,0,46,38,16,31
frame=0,5,6126,0,41,38,12,27
frame=0,6,5421,39,38,36,16,26
frame=0,7,6167,0,41,38,23,27
frame=1,0,4532,0,45,39,22,31
frame=1,1,4026,0,41,40,24,35
frame=1,2,3168,0,39,41,16,34
frame=1,3,4620,0,42,39,12,35
frame=1,4,4440,0,46,39,16,31
frame=1,5,5958,0,42,38,11,27
frame=1,6,5343,39,39,36,16,26
frame=1,7,6000,0,42,38,24,27
frame=2,0,2831,0,44,41,23,32
frame=2,1,3047,0,41,41,25,36
frame=2,2,2741,0,45,41,19,34
frame=2,3,3770,0,44,40,12,36
frame=2,4,2694,0,47,41,16,32
frame=2,5,3814,0,43,40,11,28
frame=2,6,6003,38,45,37,19,27
frame=2,7,4577,0,43,39,25,28
frame=3,0,1597,0,33,45,17,34
frame=3,1,2786,0,45,41,27,36
frame=3,2,5576,0,53,38,23,32
frame=3,3,3900,0,42,40,10,36
frame=3,4,1727,0,38,44,13,34
frame=3,5,3005,0,42,41,10,29
frame=3,6,4661,39,52,36,23,28
frame=3,7,2875,0,44,41,27,29
frame=4,0,4870,0,41,39,16,30
frame=4,1,2919,0,43,41,11,29
frame=4,2,5825,0,46,38,20,29
frame=4,3,2962,0,43,41,25,29
frame=4,4,4662,0,42,39,20,30
frame=4,5,5093,39,43,36,26,32
frame=4,6,6048,38,45,37,20,30
frame=4,7,6179,38,43,37,11,32
frame=5,0,4374,0,34,40,14,30
frame=5,1,3322,0,37,41,8,30
frame=5,2,5812,38,49,37,21,30
frame=5,3,4227,0,38,40,23,30
frame=5,4,4408,0,32,40,14,30
frame=5,5,5459,39,37,36,22,31
frame=5,6,4862,39,49,36,22,30
frame=5,7,3120,41,40,34,11,31
frame=6,0,3510,0,20,41,8,31
frame=6,1,6290,0,40,38,18,31
frame=6,2,2328,42,49,33,22,31
frame=6,3,6409,0,39,38,16,31
frame=6,4,3489,0,21,41,5,31
frame=6,5,6448,0,39,38,16,30
frame=6,6,2377,42,49,33,22,29
frame=6,7,6487,0,39,38,18,30
frame=7,0,5355,0,38,39,20,31
frame=7,1,6424,38,38,37,23,33
frame=7,2,4704,0,42,39,18,32
frame=7,3,5277,0,39,39,9,33
frame=7,4,4911,0,41,39,15,31
frame=7,5,4746,0,42,39,12,28
frame=7,6,5179,39,42,36,18,27
frame=7,7,5393,0,37,39,23,28

[critdie]
frames=8
duration=1066ms
type=play_once
frame=0,0,4303,0,37,40,12,29
frame=0,1,3037,41,43,34,17,25
frame=0,2,4390,40,53,32,24,24
frame=0,3,3690,40,42,35,20,26
frame=0,4,3396,0,36,41,17,30
frame=0,5,5136,39,43,36,20,28
frame=0,6,2878,41,54,34,24,29
frame=0,7,3647,40,43,35,17,27
frame=1,0,6949,36,33,36,11,26
frame=1,1,903,46,41,29,16,22
frame=1,2,569,49,50,26,22,19
frame=1,3,2548,42,39,33,18,25
frame=1,4,5497,0,32,39,16,28
frame=1,5,3852,40,40,35,19,27
frame=1,6,1030,45,52,30,23,25
frame=1,7,7196,32,40,32,16,25
frame=2,0,7311,0,28,32,10,24
frame=2,1,1425,45,34,26,13,21
frame=2,2,527,50,42,23,17,17
frame=2,3,1116,45,32,30,13,23
frame=2,4,7103,36,26,36,13,26
frame=2,5,1757,44,34,31,15,24
frame=2,6,619,49,43,26,20,21
frame=2,7,1280,45,34,28,15,23
frame=3,0,1856,44,29,31,11,23
frame=3,1,1314,45,31,28,12,20
frame=3,2,221,53,43,22,19,15
frame=3,3,1244,45,36,28,16,21
frame=3,4,4306,40,27,34,15,25
frame=3,5,7308,32,32,32,16,24
frame=3,6,770,48,43,26,19,20
frame=3,7,813,48,38,26,16,21
frame=4,0,7340,31,28,31,11,21
frame=4,1,977,46,27,29,10,19
frame=4,2,69,54,43,21,21,13
frame=4,3,1511,45,42,23,21,15
frame=4,4,1178,45,26,30,14,21
frame=4,5,1148,45,30,30,17,22
frame=4,6,392,50,43,24,19,18
frame=4,7,435,50,42,24,17,19
frame=5,0,1345,45,29,28,11,18
frame=5,1,1400,45,25,28,9,16
frame=5,2,0,57,42,18,20,11
frame=5,3,135,54,43,20,23,11
frame=5,4,1459,45,27,26,15,16
frame=5,5,1486,45,25,26,14,17
frame=5,6,1553,45,42,20,19,14
frame=5,7,178,54,43,20,18,16
frame=6,0,264,53,27,22,11,13
frame=6,1,505,50,22,24,8,13
frame=6,2,7394,31,37,16,17,8
frame=6,3,7393,0,40,16,22,8
frame=6,4,42,56,27,19,15,10
frame=6,5,112,54,23,21,13,12
frame=6,6,7411,47,37,15,19,9
frame=6,7,7393,16,40,15,17,10
frame=7,0,1595,45,26,20,11,12
frame=7,1,291,53,21,22,8,12
frame=7,2,7431,31,34,15,15,7
frame=7,3,7374,61,37,14,20,8
frame=7,4,7368,31,26,18,14,9
frame=7,5,1621,45,22,19,12,10
frame=7,6,7340,62,34,13,18,7
frame=7,7,7368,49,37,12,17,8

[hit]
frames=8
duration=533ms
type=play_once
frame=0,0,1990,0,37,43,11,33
frame=0,1,5915,0,43,38,19,30
frame=0,2,5861,38,49,37,21,30
frame=0,3,6042,0,42,38,17,30
frame=0,4,2027,0,37,43,18,33
frame=0,5,3942,0,42,40,17,32
frame=0,6,3598,40,49,35,21,31
frame=0,7,3984,0,42,40,18,32
frame=1,0,2604,0,34,42,11,31
frame=1,1,4911,39,48,36,22,28
frame=1,2,2770,41,54,34,23,28
frame=1,3,6084,0,42,38,18,29
frame=1,4,2064,0,34,43,16,32
frame=1,5,4486,0,46,39,19,31
frame=1,6,2824,41,54,34,25,30
frame=1,7,3857,0,43,40,18,30
frame=2,0,3432,0,30,41,10,29
frame=2,1,2278,42,50,33,23,25
frame=2,2,2060,43,56,32,25,27
frame=2,3,6564,0,38,38,17,29
frame=2,4,1840,0,29,44,13,32
frame=2,5,4763,39,50,36,21,30
frame=2,6,2116,43,55,32,25,28
frame=2,7,5237,0,40,39,15,28
frame=3,0,5430,0,35,39,12,27
frame=3,1,7188,0,46,32,21,24
frame=3,2,2985,41,52,34,23,25
frame=3,3,2509,42,39,33,19,24
frame=3,4,6602,0,38,38,19,27
frame=3,5,2426,42,44,33,20,26
frame=3,6,851,47,52,28,24,23
frame=3,7,6385,38,39,37,15,27
frame=4,0,4365,40,25,33,11,24
frame=4,1,1723,44,34,31,12,22
frame=4,2,1204,45,40,28,17,22
frame=4,3,1082,45,34,30,17,21
frame=4,4,7339,0,28,31,11,21
frame=4,5,944,46,33,29,18,22
frame=4,6,662,48,39,27,19,22
frame=4,7,1791,44,33,31,13,25
frame=5,0,312,50,29,25,12,20
frame=5,1,1374,45,26,28,10,22
frame=5,2,7367,0,26,31,10,24
frame=5,3,1004,46,26,29,13,23
frame=5,4,738,48,32,27,14,21
frame=5,5,477,50,28,24,12,21
frame=5,6,341,50,26,25,12,20
frame=5,7,367,50,25,25,8,21
frame=6,0,3384,41,35,34,11,26
frame=6,1,4333,40,32,33,12,26
frame=6,2,5382,39,39,36,17,27
frame=6,3,2625,42,33,33,16,26
frame=6,4,7273,0,38,32,19,25
frame=6,5,1824,44,32,31,15,25
frame=6,6,701,48,37,27,16,23
frame=6,7,7275,32,33,32,12,26
frame=7,0,3359,0,37,41,11,31
frame=7,1,5262,39,41,36,17,29
frame=7,2,5910,38,47,37,20,29
frame=7,3,5303,39,40,36,17,28
frame=7,4,4265,0,38,40,19,31
frame=7,5,6345,38,40,37,17,29
frame=7,6,7149,32,47,32,20,28
frame=7,7,6330,0,40,38,17,30

[block]
frames=2
duration=200ms
type=play_once
frame=0,0,6860,37,22,37,6,30
frame=0,1,6960,0,32,36,11,30
frame=0,2,3080,41,40,34,17,30
frame=0,3,6982,36,32,36,15,30
frame=0,4,6799,0,25,37,10,30
frame=0,5,3419,41,32,34,15,29
frame=0,6,1643,44,40,31,17,29
frame=0,7,3451,41,32,34,11,29
frame=1,0,816,0,26,48,8,39
frame=1,1,1329,0,48,45,21,37
frame=1,2,4557,39,52,36,21,32
frame=1,3,1377,0,48,45,19,37
frame=1,4,789,0,27,48,10,39
frame=1,5,1231,0,49,45,19,36
frame=1,6,2932,41,53,34,22,32
frame=1,7,1425,0,48,45,21,36
