
image=images/avatar/female/chain_boots.png

[stance]
frames=4
duration=800ms
type=back_forth
frame=0,0,0,872,11,9,5,7
frame=0,1,11,907,10,9,5,7
frame=0,2,0,1096,7,10,2,8
frame=0,3,13,512,8,9,4,7
frame=0,4,0,881,11,9,6,7
frame=0,5,11,1006,10,8,5,7
frame=0,6,0,1166,7,9,3,7
frame=0,7,7,1103,7,10,3,7
frame=1,0,0,890,11,9,5,7
frame=1,1,11,916,10,9,5,7
frame=1,2,0,1106,7,10,2,8
frame=1,3,13,521,8,9,4,7
frame=1,4,0,899,11,9,6,7
frame=1,5,11,1014,10,8,5,7
frame=1,6,14,1163,7,9,3,7
frame=1,7,14,1103,7,10,3,7
frame=2,0,0,908,11,9,5,7
frame=2,1,11,925,10,9,4,7
frame=2,2,7,1113,7,10,2,8
frame=2,3,14,1172,7,9,4,6
frame=2,4,11,934,10,9,5,8
frame=2,5,11,1022,10,8,5,7
frame=2,6,13,392,8,10,3,7
frame=2,7,0,1116,7,10,3,7
frame=3,0,0,917,11,9,5,7
frame=3,1,11,943,10,9,5,7
frame=3,2,14,1113,7,10,2,8
frame=3,3,13,402,8,10,4,8
frame=3,4,0,926,11,9,6,7
frame=3,5,11,1030,10,8,5,7
frame=3,6,7,1173,7,9,3,7
frame=3,7,7,1123,7,10,3,7

[run]
frames=8
duration=533ms
type=looped
frame=0,0,0,0,21,9,9,8
frame=0,1,0,226,14,13,5,9
frame=0,2,14,248,7,13,2,9
frame=0,3,0,82,17,11,9,8
frame=0,4,0,18,20,9,10,8
frame=0,5,0,556,12,13,7,10
frame=0,6,14,287,7,12,2,8
frame=0,7,0,43,18,12,7,9
frame=1,0,0,111,17,8,5,7
frame=1,1,0,595,12,11,4,8
frame=1,2,15,203,6,11,2,8
frame=1,3,0,297,14,9,8,7
frame=1,4,0,174,15,9,10,9
frame=1,5,11,755,10,14,6,11
frame=1,6,0,1126,7,10,2,8
frame=1,7,0,239,14,13,4,11
frame=2,0,0,1016,11,8,2,8
frame=2,1,12,654,9,9,2,8
frame=2,2,14,1123,7,10,2,8
frame=2,3,11,827,10,10,6,8
frame=2,4,0,606,12,10,7,9
frame=2,5,12,624,9,10,5,9
frame=2,6,0,1193,7,8,2,8
frame=2,7,12,672,9,8,1,9
frame=3,0,0,306,14,9,4,8
frame=3,1,0,441,13,9,4,8
frame=3,2,14,299,7,12,2,9
frame=3,3,11,805,10,11,5,8
frame=3,4,0,183,15,9,8,8
frame=3,5,0,378,14,8,7,8
frame=3,6,14,1181,7,9,3,8
frame=3,7,13,412,8,10,2,9
frame=4,0,0,9,21,9,9,8
frame=4,1,0,55,18,11,7,9
frame=4,2,14,261,7,13,2,9
frame=4,3,0,569,12,13,7,9
frame=4,4,0,27,19,8,10,8
frame=4,5,0,127,16,12,9,9
frame=4,6,15,191,6,12,1,8
frame=4,7,0,252,14,13,5,10
frame=5,0,0,93,17,9,5,8
frame=5,1,0,192,15,9,5,7
frame=5,2,14,359,7,11,2,8
frame=5,3,11,837,10,10,6,8
frame=5,4,0,210,15,8,9,8
frame=5,5,0,418,13,12,8,10
frame=5,6,16,127,5,11,1,8
frame=5,7,0,582,12,13,3,11
frame=6,0,0,935,11,9,2,8
frame=6,1,11,847,10,10,2,8
frame=6,2,7,1133,7,10,3,8
frame=6,3,11,952,10,9,5,8
frame=6,4,0,662,12,8,7,8
frame=6,5,11,1038,10,8,6,9
frame=6,6,0,1211,6,7,1,7
frame=6,7,13,422,8,10,1,9
frame=7,0,0,315,14,9,4,8
frame=7,1,12,557,9,12,2,9
frame=7,2,14,274,7,13,3,9
frame=7,3,0,324,14,9,7,8
frame=7,4,0,164,15,10,9,8
frame=7,5,11,857,10,10,5,9
frame=7,6,0,1136,7,10,2,8
frame=7,7,0,670,12,8,4,8

[shoot]
frames=4
duration=400ms
type=play_once
frame=0,0,0,468,13,8,6,7
frame=0,1,0,822,11,10,5,8
frame=0,2,14,370,7,11,2,9
frame=0,3,11,769,10,12,4,9
frame=0,4,0,333,14,9,6,7
frame=0,5,0,476,13,8,6,6
frame=0,6,14,1133,7,10,3,7
frame=0,7,13,432,8,10,3,7
frame=1,0,0,484,13,8,6,7
frame=1,1,0,789,11,11,5,9
frame=1,2,14,311,7,12,2,9
frame=1,3,0,765,11,12,4,9
frame=1,4,0,201,15,9,6,8
frame=1,5,0,492,13,8,6,6
frame=1,6,7,1143,7,10,3,7
frame=1,7,12,634,9,10,4,7
frame=2,0,0,500,13,8,6,7
frame=2,1,0,800,11,11,5,9
frame=2,2,14,323,7,12,2,9
frame=2,3,0,777,11,12,4,9
frame=2,4,0,287,14,10,6,8
frame=2,5,0,508,13,8,6,6
frame=2,6,0,1146,7,10,3,7
frame=2,7,12,644,9,10,4,7
frame=3,0,0,450,13,9,6,7
frame=3,1,0,811,11,11,5,9
frame=3,2,14,335,7,12,2,9
frame=3,3,11,781,10,12,4,9
frame=3,4,0,342,14,9,6,8
frame=3,5,0,516,13,8,6,6
frame=3,6,13,442,8,10,3,7
frame=3,7,13,452,8,10,3,7

[cast]
frames=4
duration=400ms
type=play_once
frame=0,0,0,944,11,9,5,7
frame=0,1,11,961,10,9,5,7
frame=0,2,14,1143,7,10,2,8
frame=0,3,0,1175,7,9,3,7
frame=0,4,0,953,11,9,5,7
frame=0,5,11,1046,10,8,5,7
frame=0,6,13,530,8,9,4,7
frame=0,7,15,214,6,10,3,7
frame=1,0,0,962,11,9,5,8
frame=1,1,11,867,10,10,4,8
frame=1,2,14,381,7,11,2,9
frame=1,3,7,1153,7,10,3,7
frame=1,4,0,832,11,10,5,8
frame=1,5,11,970,10,9,5,7
frame=1,6,13,462,8,10,4,7
frame=1,7,15,224,6,10,3,8
frame=2,0,0,971,11,9,5,8
frame=2,1,11,979,10,9,5,8
frame=2,2,12,722,7,11,3,9
frame=2,3,0,1156,7,10,3,8
frame=2,4,11,877,10,10,5,8
frame=2,5,11,1054,10,8,5,7
frame=2,6,13,472,8,10,3,7
frame=2,7,0,1201,6,10,2,8
frame=3,0,0,980,11,9,5,7
frame=3,1,11,988,10,9,5,7
frame=3,2,12,733,7,11,3,8
frame=3,3,7,1182,7,9,3,6
frame=3,4,11,887,10,10,5,8
frame=3,5,11,1062,10,8,5,7
frame=3,6,14,1190,7,9,3,7
frame=3,7,6,1208,6,10,3,7

[die]
frames=6
duration=800ms
type=play_once
frame=0,0,0,626,12,9,5,8
frame=0,1,0,989,11,9,5,8
frame=0,2,12,569,9,11,3,9
frame=0,3,12,580,9,11,4,8
frame=0,4,0,635,12,9,6,7
frame=0,5,0,1024,11,8,5,6
frame=0,6,14,1153,7,10,3,7
frame=0,7,13,482,8,10,3,7
frame=1,0,0,459,13,9,7,7
frame=1,1,0,998,11,9,6,9
frame=1,2,12,591,9,11,3,10
frame=1,3,11,897,10,10,3,8
frame=1,4,0,351,14,9,5,7
frame=1,5,0,724,12,6,4,5
frame=1,6,0,1184,7,9,3,6
frame=1,7,12,663,9,9,5,6
frame=2,0,0,730,12,6,8,4
frame=2,1,0,710,12,7,8,4
frame=2,2,12,694,9,6,5,4
frame=2,3,0,717,12,7,5,5
frame=2,4,0,1064,11,5,3,4
frame=2,5,0,736,12,6,4,3
frame=2,6,12,715,8,7,3,3
frame=2,7,0,678,12,8,6,4
frame=3,0,0,1046,11,6,8,4
frame=3,1,0,1052,11,6,8,4
frame=3,2,12,680,9,7,5,5
frame=3,3,0,1032,11,7,5,5
frame=3,4,0,742,12,5,3,4
frame=3,5,0,747,12,4,3,1
frame=3,6,12,1208,6,6,1,2
frame=3,7,0,1039,11,7,6,3
frame=4,0,0,539,13,6,9,1
frame=4,1,10,1078,10,7,8,4
frame=4,2,11,997,10,9,9,7
frame=4,3,11,1070,10,8,6,7
frame=4,4,0,551,13,5,3,5
frame=4,5,16,138,5,5,-4,4
frame=4,6,12,700,9,6,0,2
frame=4,7,0,1069,11,5,4,2
frame=5,0,0,545,13,6,9,2
frame=5,1,0,1082,10,7,8,5
frame=5,2,0,1074,10,8,9,7
frame=5,3,10,1085,10,7,5,6
frame=5,4,0,386,14,6,3,6
frame=5,5,12,687,9,7,1,4
frame=5,6,0,1089,10,7,1,3
frame=5,7,0,1058,11,6,6,2

[swing]
frames=4
duration=400ms
type=play_once
frame=0,0,0,524,13,8,6,7
frame=0,1,0,842,11,10,5,8
frame=0,2,14,347,7,12,2,9
frame=0,3,12,602,9,11,4,8
frame=0,4,0,360,14,9,7,7
frame=0,5,0,686,12,8,6,6
frame=0,6,13,492,8,10,3,7
frame=0,7,13,502,8,10,3,7
frame=1,0,0,119,17,8,7,7
frame=1,1,0,430,13,11,6,9
frame=1,2,15,178,6,13,2,9
frame=1,3,0,392,13,13,6,9
frame=1,4,0,66,18,9,8,7
frame=1,5,0,218,15,8,7,6
frame=1,6,7,1191,7,9,3,6
frame=1,7,0,852,11,10,5,7
frame=2,0,0,75,18,7,8,6
frame=2,1,0,265,14,11,6,9
frame=2,2,15,164,6,14,2,10
frame=2,3,0,405,13,13,5,10
frame=2,4,0,35,19,8,8,7
frame=2,5,0,148,16,8,7,6
frame=2,6,7,1200,7,8,3,5
frame=2,7,0,616,12,10,5,7
frame=3,0,0,139,16,9,6,7
frame=3,1,0,276,14,11,6,9
frame=3,2,14,234,7,14,2,10
frame=3,3,0,751,11,14,5,10
frame=3,4,0,102,17,9,8,8
frame=3,5,0,156,16,8,7,7
frame=3,6,7,1163,7,10,2,7
frame=3,7,11,816,10,11,4,8

[hit]
frames=2
duration=133ms
type=play_once
frame=0,0,0,626,12,9,5,8
frame=0,1,0,989,11,9,5,8
frame=0,2,12,569,9,11,3,9
frame=0,3,12,580,9,11,4,8
frame=0,4,0,635,12,9,6,7
frame=0,5,0,1024,11,8,5,6
frame=0,6,14,1153,7,10,3,7
frame=0,7,13,482,8,10,3,7
frame=1,0,0,459,13,9,7,7
frame=1,1,0,998,11,9,6,9
frame=1,2,12,591,9,11,3,10
frame=1,3,11,897,10,10,3,8
frame=1,4,0,351,14,9,5,7
frame=1,5,0,724,12,6,4,5
frame=1,6,0,1184,7,9,3,6
frame=1,7,12,663,9,9,5,6

[block]
frames=2
duration=66ms
type=play_once
frame=0,0,0,644,12,9,5,7
frame=0,1,0,1007,11,9,5,8
frame=0,2,12,744,7,11,3,9
frame=0,3,12,613,9,11,4,8
frame=0,4,0,653,12,9,6,7
frame=0,5,0,694,12,8,5,6
frame=0,6,13,539,8,9,3,6
frame=0,7,14,1199,7,9,3,7
frame=1,0,0,702,12,8,5,7
frame=1,1,0,862,11,10,5,8
frame=1,2,10,1092,7,11,2,9
frame=1,3,11,793,10,12,4,9
frame=1,4,0,369,14,9,6,7
frame=1,5,0,532,13,7,6,6
frame=1,6,13,548,8,9,3,6
frame=1,7,12,706,8,9,3,7
