
image=images/avatar/female/cloth_sandals.png

[stance]
frames=4
duration=6
type=back_forth
frame=0,0,0,872,11,9,5,7
frame=0,1,11,885,10,9,5,7
frame=0,2,0,1102,7,10,2,8
frame=0,3,13,504,8,9,4,7
frame=0,4,0,881,11,9,6,7
frame=0,5,11,966,10,8,5,7
frame=0,6,7,1166,7,9,3,7
frame=0,7,14,1095,7,10,3,7
frame=1,0,0,890,11,9,5,7
frame=1,1,11,894,10,9,5,7
frame=1,2,14,1105,7,10,2,8
frame=1,3,13,513,8,9,4,7
frame=1,4,0,899,11,9,6,7
frame=1,5,11,974,10,8,5,7
frame=1,6,13,522,8,9,3,7
frame=1,7,7,1106,7,10,3,7
frame=2,0,0,908,11,9,5,7
frame=2,1,11,903,10,9,4,7
frame=2,2,14,1115,7,10,2,8
frame=2,3,13,531,8,9,4,6
frame=2,4,11,912,10,9,5,8
frame=2,5,11,982,10,8,5,7
frame=2,6,0,1112,7,10,3,7
frame=2,7,7,1116,7,10,3,7
frame=3,0,0,917,11,9,5,7
frame=3,1,11,921,10,9,5,7
frame=3,2,14,1125,7,10,2,8
frame=3,3,13,394,8,10,4,8
frame=3,4,0,926,11,9,6,7
frame=3,5,11,990,10,8,5,7
frame=3,6,0,1172,7,9,3,7
frame=3,7,0,1122,7,10,3,7

[run]
frames=8
duration=2
type=looped
frame=0,0,0,9,21,8,9,8
frame=0,1,0,236,14,13,5,9
frame=0,2,14,250,7,13,2,9
frame=0,3,0,82,17,11,9,8
frame=0,4,0,17,20,9,10,8
frame=0,5,0,565,12,13,7,10
frame=0,6,14,289,7,12,2,8
frame=0,7,0,42,18,12,7,9
frame=1,0,0,111,17,8,5,7
frame=1,1,0,604,12,11,4,8
frame=1,2,15,205,6,11,2,8
frame=1,3,0,297,14,9,8,7
frame=1,4,0,176,15,9,10,9
frame=1,5,11,745,10,13,6,11
frame=1,6,15,216,6,10,2,8
frame=1,7,0,249,14,13,4,11
frame=2,0,0,1025,11,8,2,8
frame=2,1,12,675,9,9,2,8
frame=2,2,7,1126,7,10,2,8
frame=2,3,11,805,10,10,6,8
frame=2,4,0,812,11,10,7,9
frame=2,5,12,645,9,10,5,9
frame=2,6,0,1199,7,8,2,8
frame=2,7,12,702,9,8,1,9
frame=3,0,0,306,14,9,4,8
frame=3,1,0,440,13,9,4,8
frame=3,2,14,301,7,12,2,9
frame=3,3,12,579,9,11,5,8
frame=3,4,0,185,15,9,8,8
frame=3,5,0,369,14,8,7,8
frame=3,6,7,1175,7,9,3,8
frame=3,7,13,404,8,10,2,9
frame=4,0,0,0,21,9,9,8
frame=4,1,0,54,18,11,7,9
frame=4,2,14,263,7,13,2,9
frame=4,3,0,578,12,13,7,9
frame=4,4,0,26,19,8,10,8
frame=4,5,0,127,16,12,9,9
frame=4,6,15,193,6,12,1,8
frame=4,7,0,262,14,13,5,10
frame=5,0,0,93,17,9,5,8
frame=5,1,0,194,15,9,5,7
frame=5,2,14,361,7,11,2,8
frame=5,3,11,815,10,10,6,8
frame=5,4,0,212,15,8,9,8
frame=5,5,0,417,13,12,8,10
frame=5,6,16,127,5,11,1,8
frame=5,7,0,591,12,13,3,11
frame=6,0,0,935,11,9,2,8
frame=6,1,11,825,10,10,2,8
frame=6,2,14,1135,7,10,3,8
frame=6,3,12,684,9,9,5,8
frame=6,4,0,652,12,8,7,8
frame=6,5,11,998,10,8,6,9
frame=6,6,16,138,5,7,1,7
frame=6,7,13,414,8,10,1,9
frame=7,0,0,315,14,9,4,8
frame=7,1,12,567,9,12,2,9
frame=7,2,14,276,7,13,3,9
frame=7,3,0,324,14,9,7,8
frame=7,4,0,139,16,10,9,8
frame=7,5,11,835,10,10,5,9
frame=7,6,0,1132,7,10,2,8
frame=7,7,0,660,12,8,4,8

[shoot]
frames=4
duration=3
type=play_once
frame=0,0,0,485,13,8,6,7
frame=0,1,0,822,11,10,5,8
frame=0,2,14,372,7,11,2,9
frame=0,3,11,758,10,12,4,9
frame=0,4,0,333,14,9,6,7
frame=0,5,0,493,13,8,6,6
frame=0,6,7,1136,7,10,3,7
frame=0,7,13,424,8,10,3,7
frame=1,0,0,501,13,8,6,7
frame=1,1,0,779,11,11,5,9
frame=1,2,14,313,7,12,2,9
frame=1,3,0,755,11,12,4,9
frame=1,4,0,203,15,9,6,8
frame=1,5,0,509,13,8,6,6
frame=1,6,14,1145,7,10,3,7
frame=1,7,12,655,9,10,4,7
frame=2,0,0,377,14,8,6,7
frame=2,1,0,790,11,11,5,9
frame=2,2,14,325,7,12,2,9
frame=2,3,0,767,11,12,4,9
frame=2,4,0,166,15,10,6,8
frame=2,5,0,517,13,8,6,6
frame=2,6,13,434,8,10,3,7
frame=2,7,12,665,9,10,4,7
frame=3,0,0,449,13,9,6,7
frame=3,1,0,801,11,11,5,9
frame=3,2,14,337,7,12,2,9
frame=3,3,11,770,10,12,4,9
frame=3,4,0,342,14,9,6,8
frame=3,5,0,525,13,8,5,6
frame=3,6,13,444,8,10,3,7
frame=3,7,13,454,8,10,3,7

[cast]
frames=4
duration=3
type=play_once
frame=0,0,0,944,11,9,5,7
frame=0,1,11,930,10,9,5,7
frame=0,2,0,1142,7,10,2,8
frame=0,3,0,1181,7,9,3,7
frame=0,4,0,953,11,9,5,7
frame=0,5,0,1033,11,8,5,7
frame=0,6,13,540,8,9,4,7
frame=0,7,7,1146,7,10,3,7
frame=1,0,0,962,11,9,5,8
frame=1,1,11,845,10,10,4,8
frame=1,2,14,383,7,11,2,9
frame=1,3,14,1155,7,10,3,7
frame=1,4,0,832,11,10,5,8
frame=1,5,0,971,11,9,5,7
frame=1,6,13,464,8,10,4,7
frame=1,7,15,226,6,10,3,8
frame=2,0,0,980,11,9,5,8
frame=2,1,11,939,10,9,5,8
frame=2,2,11,1073,7,11,3,9
frame=2,3,0,1152,7,10,3,8
frame=2,4,11,855,10,10,5,8
frame=2,5,11,1006,10,8,5,7
frame=2,6,13,474,8,10,3,7
frame=2,7,14,1201,6,10,2,8
frame=3,0,0,989,11,9,5,7
frame=3,1,11,948,10,9,5,7
frame=3,2,11,1084,7,11,3,8
frame=3,3,14,1175,7,9,3,6
frame=3,4,11,865,10,10,5,8
frame=3,5,11,1014,10,8,5,7
frame=3,6,7,1184,7,9,3,7
frame=3,7,7,1202,6,10,3,7

[die]
frames=6
duration=4
type=play_once
frame=0,0,0,625,12,9,5,8
frame=0,1,0,998,11,9,5,8
frame=0,2,12,590,9,11,3,9
frame=0,3,12,601,9,11,4,8
frame=0,4,0,458,13,9,6,7
frame=0,5,0,1041,11,8,5,6
frame=0,6,7,1156,7,10,3,7
frame=0,7,13,484,8,10,3,7
frame=1,0,0,467,13,9,7,7
frame=1,1,0,1007,11,9,6,9
frame=1,2,12,612,9,11,3,10
frame=1,3,11,875,10,10,3,8
frame=1,4,0,351,14,9,5,7
frame=1,5,0,714,12,6,4,5
frame=1,6,0,1190,7,9,3,6
frame=1,7,12,693,9,9,5,6
frame=2,0,0,720,12,6,8,4
frame=2,1,0,700,12,7,8,4
frame=2,2,12,724,9,6,5,4
frame=2,3,0,707,12,7,5,5
frame=2,4,0,1081,11,5,3,4
frame=2,5,0,726,12,6,4,3
frame=2,6,11,1066,8,7,3,3
frame=2,7,0,668,12,8,6,4
frame=3,0,0,1063,11,6,8,4
frame=3,1,0,1069,11,6,8,4
frame=3,2,12,710,9,7,5,5
frame=3,3,0,1049,11,7,5,5
frame=3,4,0,732,12,5,3,4
frame=3,5,0,737,12,4,3,1
frame=3,6,0,1207,6,6,1,2
frame=3,7,0,1056,11,7,6,3
frame=4,0,0,548,13,6,9,1
frame=4,1,11,1038,10,7,8,4
frame=4,2,11,957,10,9,9,7
frame=4,3,11,1022,10,8,6,7
frame=4,4,0,560,13,5,3,5
frame=4,5,16,145,5,5,-4,4
frame=4,6,12,730,9,6,0,2
frame=4,7,0,1086,11,5,4,2
frame=5,0,0,554,13,6,9,2
frame=5,1,11,1045,10,7,8,5
frame=5,2,11,1030,10,8,9,7
frame=5,3,11,1052,10,7,5,6
frame=5,4,0,385,14,6,3,6
frame=5,5,12,717,9,7,1,4
frame=5,6,11,1059,10,7,1,3
frame=5,7,0,1075,11,6,6,2

[swing]
frames=4
duration=3
type=play_once
frame=0,0,0,533,13,8,6,7
frame=0,1,0,842,11,10,5,8
frame=0,2,14,349,7,12,2,9
frame=0,3,12,623,9,11,4,8
frame=0,4,0,476,13,9,7,7
frame=0,5,0,676,12,8,6,6
frame=0,6,14,1165,7,10,3,7
frame=0,7,13,494,8,10,3,7
frame=1,0,0,119,17,8,7,7
frame=1,1,0,429,13,11,6,9
frame=1,2,15,180,6,13,2,9
frame=1,3,0,391,13,13,6,9
frame=1,4,0,65,18,9,8,7
frame=1,5,0,220,15,8,7,6
frame=1,6,14,1184,7,9,3,6
frame=1,7,0,852,11,10,5,7
frame=2,0,0,74,18,8,8,6
frame=2,1,0,275,14,11,6,9
frame=2,2,15,166,6,14,2,10
frame=2,3,0,404,13,13,5,10
frame=2,4,0,34,19,8,8,7
frame=2,5,0,158,16,8,7,6
frame=2,6,14,1193,7,8,3,5
frame=2,7,0,615,12,10,5,7
frame=3,0,0,149,16,9,6,7
frame=3,1,0,286,14,11,6,9
frame=3,2,14,236,7,14,2,10
frame=3,3,0,741,11,14,5,10
frame=3,4,0,102,17,9,8,8
frame=3,5,0,228,15,8,7,7
frame=3,6,0,1162,7,10,2,7
frame=3,7,11,794,10,11,4,8

[hit]
frames=2
duration=2
type=play_once
frame=0,0,0,625,12,9,5,8
frame=0,1,0,998,11,9,5,8
frame=0,2,12,590,9,11,3,9
frame=0,3,12,601,9,11,4,8
frame=0,4,0,458,13,9,6,7
frame=0,5,0,1041,11,8,5,6
frame=0,6,7,1156,7,10,3,7
frame=0,7,13,484,8,10,3,7
frame=1,0,0,467,13,9,7,7
frame=1,1,0,1007,11,9,6,9
frame=1,2,12,612,9,11,3,10
frame=1,3,11,875,10,10,3,8
frame=1,4,0,351,14,9,5,7
frame=1,5,0,714,12,6,4,5
frame=1,6,0,1190,7,9,3,6
frame=1,7,12,693,9,9,5,6

[block]
frames=2
duration=1
type=play_once
frame=0,0,0,634,12,9,5,7
frame=0,1,0,1016,11,9,5,8
frame=0,2,0,1091,7,11,3,9
frame=0,3,12,634,9,11,4,8
frame=0,4,0,643,12,9,6,7
frame=0,5,0,684,12,8,5,6
frame=0,6,13,549,8,9,3,6
frame=0,7,7,1193,7,9,3,7
frame=1,0,0,692,12,8,5,7
frame=1,1,0,862,11,10,5,8
frame=1,2,7,1095,7,11,2,9
frame=1,3,11,782,10,12,4,9
frame=1,4,0,360,14,9,6,7
frame=1,5,0,541,13,7,6,6
frame=1,6,13,558,8,9,3,6
frame=1,7,12,736,8,9,3,7
