
image=images/avatar/female/dagger.png

[stance]
frames=4
duration=800ms
type=back_forth
frame=0,0,13,129,5,10,-1,16
frame=0,1,10,619,8,10,-4,14
frame=0,2,0,647,10,8,-4,11
frame=0,3,9,897,9,9,-1,9
frame=0,4,13,1056,5,10,3,9
frame=0,5,11,267,7,11,8,11
frame=0,6,9,924,9,8,11,13
frame=0,7,0,503,10,9,7,15
frame=1,0,6,1106,5,10,-1,16
frame=1,1,10,629,8,10,-4,14
frame=1,2,0,344,11,8,-4,11
frame=1,3,0,512,10,9,-1,9
frame=1,4,0,1108,5,10,3,9
frame=1,5,11,278,7,11,8,11
frame=1,6,9,932,9,8,11,13
frame=1,7,0,521,10,9,7,15
frame=2,0,11,1107,5,10,-2,16
frame=2,1,11,322,7,10,-5,15
frame=2,2,0,655,10,8,-4,11
frame=2,3,0,530,10,9,-1,9
frame=2,4,5,1116,5,10,2,9
frame=2,5,11,332,7,10,8,11
frame=2,6,0,933,9,8,11,13
frame=2,7,0,866,9,10,7,16
frame=3,0,10,1137,5,9,-2,15
frame=3,1,11,342,7,10,-5,15
frame=3,2,0,539,10,9,-4,11
frame=3,3,0,548,10,9,-1,9
frame=3,4,0,1118,5,10,2,9
frame=3,5,11,352,7,10,8,11
frame=3,6,9,940,9,8,11,13
frame=3,7,0,557,10,9,7,16

[run]
frames=8
duration=533ms
type=looped
frame=0,0,0,663,10,8,3,13
frame=0,1,12,1095,6,8,-2,12
frame=0,2,12,1086,6,9,-3,11
frame=0,3,0,941,9,8,0,9
frame=0,4,0,906,9,9,3,10
frame=0,5,10,1117,5,10,4,10
frame=0,6,7,1054,6,11,6,13
frame=0,7,10,715,8,8,6,13
frame=1,0,10,723,8,8,5,14
frame=1,1,0,1175,5,8,-2,13
frame=1,2,6,1065,6,10,-3,13
frame=1,3,9,948,9,8,-2,11
frame=1,4,0,566,10,9,1,10
frame=1,5,0,1067,6,10,3,10
frame=1,6,14,0,4,11,6,12
frame=1,7,9,906,9,9,8,13
frame=2,0,0,1015,7,9,8,16
frame=2,1,15,1128,3,3,-2,9
frame=2,2,12,182,6,12,-3,17
frame=2,3,0,473,10,10,-4,14
frame=2,4,0,326,11,9,-2,11
frame=2,5,0,985,7,10,1,10
frame=2,6,6,1095,6,9,6,11
frame=2,7,0,575,10,9,10,13
frame=3,0,0,461,10,12,11,18
frame=3,1,15,1134,2,4,5,21
frame=3,2,12,154,6,14,-4,21
frame=3,3,0,435,10,13,-6,18
frame=3,4,0,283,11,11,-5,13
frame=3,5,10,639,8,10,-2,10
frame=3,6,5,1126,5,10,4,10
frame=3,7,9,867,9,10,11,13
frame=4,0,11,219,7,12,11,19
frame=4,1,14,1021,4,6,6,23
frame=4,2,12,139,6,15,-3,23
frame=4,3,10,558,8,14,-7,20
frame=4,4,0,448,10,13,-7,16
frame=4,5,10,586,8,11,-3,12
frame=4,6,13,107,5,11,4,12
frame=4,7,10,597,8,11,11,15
frame=5,0,10,608,8,11,11,18
frame=5,1,10,572,8,14,4,21
frame=5,2,12,168,6,14,-4,21
frame=5,3,0,809,9,13,-6,18
frame=5,4,0,294,11,11,-5,14
frame=5,5,10,649,8,10,-1,10
frame=5,6,0,1128,5,10,5,11
frame=5,7,0,876,9,10,11,14
frame=6,0,0,1097,6,9,8,16
frame=6,1,14,1027,4,5,-2,11
frame=6,2,12,194,6,12,-4,17
frame=6,3,0,483,10,10,-4,14
frame=6,4,0,335,11,9,-1,11
frame=6,5,7,985,7,10,1,10
frame=6,6,11,289,7,11,6,12
frame=6,7,0,584,10,9,10,13
frame=7,0,0,671,10,8,5,14
frame=7,1,5,1146,5,9,-2,13
frame=7,2,12,1066,6,10,-3,13
frame=7,3,0,949,9,8,-1,10
frame=7,4,0,593,10,9,2,10
frame=7,5,6,1075,6,10,3,10
frame=7,6,0,1056,6,11,5,13
frame=7,7,0,915,9,9,7,13

[shoot]
frames=4
duration=400ms
type=play_once
frame=0,0,11,231,7,12,3,13
frame=0,1,13,42,5,13,4,14
frame=0,2,0,822,9,11,5,14
frame=0,3,0,679,10,8,4,13
frame=0,4,6,1104,6,2,-2,7
frame=0,5,0,1148,5,9,-2,13
frame=0,6,10,679,8,9,0,12
frame=0,7,9,823,9,11,2,12
frame=1,0,11,206,7,13,3,13
frame=1,1,13,55,5,13,4,14
frame=1,2,0,833,9,11,5,14
frame=1,3,9,956,9,8,3,13
frame=1,4,10,1146,5,9,-2,14
frame=1,5,5,1155,5,9,-2,13
frame=1,6,7,1015,7,9,-1,12
frame=1,7,9,834,9,11,2,12
frame=2,0,11,243,7,12,3,13
frame=2,1,13,68,5,13,4,14
frame=2,2,0,844,9,11,5,14
frame=2,3,0,687,10,8,4,13
frame=2,4,0,1157,5,9,-2,14
frame=2,5,10,1155,5,9,-2,13
frame=2,6,0,1024,7,9,-1,12
frame=2,7,9,845,9,11,2,12
frame=3,0,11,255,7,12,3,13
frame=3,1,13,81,5,13,4,14
frame=3,2,0,855,9,11,5,14
frame=3,3,0,727,10,7,4,13
frame=3,4,5,1164,5,9,-2,14
frame=3,5,0,1166,5,9,-2,13
frame=3,6,10,688,8,9,0,12
frame=3,7,9,877,9,10,2,12

[cast]
frames=4
duration=400ms
type=play_once
frame=0,0,13,94,5,13,-1,21
frame=0,1,9,810,9,13,-6,19
frame=0,2,0,305,11,11,-7,14
frame=0,3,10,659,8,10,-4,10
frame=0,4,13,118,5,11,2,9
frame=0,5,0,1077,6,10,10,11
frame=0,6,0,316,11,10,13,15
frame=0,7,11,300,7,11,8,20
frame=1,0,9,739,9,19,-3,31
frame=1,1,9,758,9,18,-9,28
frame=1,2,0,773,9,18,-10,24
frame=1,3,10,438,8,18,-4,21
frame=1,4,10,526,8,16,4,21
frame=1,5,10,362,8,19,11,24
frame=1,6,10,381,8,19,11,28
frame=1,7,10,492,8,17,5,31
frame=2,0,9,776,9,18,-3,29
frame=2,1,0,153,12,18,-2,28
frame=2,2,0,39,13,20,1,28
frame=2,3,0,204,11,22,3,29
frame=2,4,0,360,10,22,4,30
frame=2,5,0,59,13,20,6,31
frame=2,6,0,20,14,19,5,31
frame=2,7,0,134,12,19,1,31
frame=3,0,9,794,9,16,-4,27
frame=3,1,10,542,8,16,-7,25
frame=3,2,0,266,11,17,-4,23
frame=3,3,0,247,11,19,2,22
frame=3,4,16,980,2,7,6,24
frame=3,5,0,734,9,20,9,26
frame=3,6,0,188,12,16,8,28
frame=3,7,0,171,12,17,3,29

[die]
frames=6
duration=800ms
type=play_once
frame=0,0,14,1052,4,4,-1,10
frame=0,1,12,1076,6,10,-4,15
frame=0,2,0,602,10,9,-4,12
frame=0,3,0,611,10,9,-2,9
frame=0,4,6,1085,6,10,1,9
frame=0,5,0,1087,6,10,6,10
frame=0,6,9,915,9,9,11,12
frame=0,7,7,1024,7,8,9,14
frame=1,0,0,957,9,8,5,14
frame=1,1,14,997,4,8,-3,13
frame=1,2,10,731,8,8,-4,12
frame=1,3,0,695,10,8,-3,9
frame=1,4,10,697,8,9,0,8
frame=1,5,14,22,4,10,3,8
frame=1,6,0,995,7,10,9,11
frame=1,7,7,1032,7,8,10,12
frame=2,0,12,1103,6,4,13,6
frame=2,1,8,980,8,3,7,8
frame=2,2,15,1124,3,4,-3,9
frame=2,3,10,1177,4,4,-8,6
frame=2,4,0,1041,7,4,-7,2
frame=2,5,7,1040,7,6,-1,1
frame=2,6,15,1118,3,6,4,0
frame=2,7,10,1164,5,7,11,4
frame=3,0,0,978,8,4,16,5
frame=3,1,0,1045,7,4,11,10
frame=3,3,10,1171,5,6,-9,9
frame=3,4,0,973,8,5,-10,3
frame=3,5,7,1046,7,4,-5,-1
frame=3,6,14,1032,4,5,3,-2
frame=3,7,5,1173,5,6,12,1
frame=4,0,0,982,8,3,18,5
frame=4,1,14,1037,4,5,9,10
frame=4,2,13,39,1,1,-4,11
frame=4,3,14,985,2,1,-13,5
frame=4,4,0,1053,7,3,-12,1
frame=4,5,14,1042,4,5,-6,-2
frame=4,6,14,1047,4,5,5,-3
frame=4,7,0,1049,7,4,16,-1
frame=5,0,0,1106,6,2,18,4
frame=5,1,15,1138,2,4,7,9
frame=5,2,14,1177,4,2,-4,9
frame=5,3,14,1179,4,2,-14,4
frame=5,4,7,1050,7,4,-12,-1
frame=5,5,16,1113,2,5,-6,-5
frame=5,6,5,1179,5,4,8,-5
frame=5,7,8,983,8,2,18,-2

[swing]
frames=4
duration=400ms
type=play_once
frame=0,0,0,117,13,17,-2,29
frame=0,1,0,401,10,17,-4,26
frame=0,2,0,418,10,17,-2,24
frame=0,3,0,99,13,18,4,25
frame=0,4,0,79,13,20,8,27
frame=0,5,16,1107,2,6,6,30
frame=0,6,0,226,11,21,4,32
frame=0,7,0,0,14,20,2,31
frame=1,0,10,509,8,17,7,30
frame=1,1,0,382,10,19,1,32
frame=1,2,0,754,9,19,-6,30
frame=1,3,0,791,9,18,-9,26
frame=1,4,10,456,8,18,-7,22
frame=1,5,10,474,8,18,1,21
frame=1,6,10,400,8,19,8,23
frame=1,7,10,419,8,19,11,27
frame=2,0,9,964,9,8,17,13
frame=2,1,9,856,9,11,10,19
frame=2,2,14,11,4,11,-2,21
frame=2,3,0,886,9,10,-9,17
frame=2,4,0,352,11,8,-10,11
frame=2,5,10,669,8,10,-7,7
frame=2,6,14,32,4,10,3,6
frame=2,7,9,887,9,10,14,9
frame=3,0,0,620,10,9,12,12
frame=3,1,9,972,8,8,7,14
frame=3,2,15,1131,3,3,-3,10
frame=3,3,0,1033,7,8,-6,13
frame=3,4,0,924,9,9,-6,10
frame=3,5,7,995,7,10,-3,8
frame=3,6,14,987,4,10,2,7
frame=3,7,11,311,7,11,10,10

[hit]
frames=2
duration=133ms
type=play_once
frame=0,0,14,1052,4,4,-1,10
frame=0,1,12,1076,6,10,-4,15
frame=0,2,0,602,10,9,-4,12
frame=0,3,0,611,10,9,-2,9
frame=0,4,6,1085,6,10,1,9
frame=0,5,0,1087,6,10,6,10
frame=0,6,9,915,9,9,11,12
frame=0,7,7,1024,7,8,9,14
frame=1,0,0,957,9,8,5,14
frame=1,1,14,997,4,8,-3,13
frame=1,2,10,731,8,8,-4,12
frame=1,3,0,695,10,8,-3,9
frame=1,4,10,697,8,9,0,8
frame=1,5,14,22,4,10,3,8
frame=1,6,0,995,7,10,9,11
frame=1,7,7,1032,7,8,10,12

[block]
frames=2
duration=66ms
type=play_once
frame=0,0,14,1005,4,8,-3,14
frame=0,1,0,1005,7,10,-5,14
frame=0,2,0,703,10,8,-4,10
frame=0,3,0,493,10,10,0,9
frame=0,4,10,1127,5,10,4,9
frame=0,5,5,1136,5,10,9,11
frame=0,6,0,711,10,8,10,13
frame=0,7,0,629,10,9,6,16
frame=1,0,14,1013,4,8,-4,14
frame=1,1,10,706,8,9,-6,13
frame=1,2,0,719,10,8,-4,9
frame=1,3,0,896,9,10,1,8
frame=1,4,0,1138,5,10,5,8
frame=1,5,7,1005,7,10,10,11
frame=1,6,0,965,9,8,11,13
frame=1,7,0,638,10,9,5,15
