
image=images/avatar/female/default_feet.png

[stance]
frames=4
duration=6
type=back_forth
frame=0,0,0,872,11,9,5,7
frame=0,1,11,918,10,9,5,7
frame=0,2,10,1096,7,10,2,8
frame=0,3,13,523,8,9,4,7
frame=0,4,0,881,11,9,6,7
frame=0,5,11,1017,10,8,5,7
frame=0,6,7,1166,7,9,3,7
frame=0,7,0,1103,7,10,3,7
frame=1,0,0,890,11,9,5,7
frame=1,1,11,927,10,9,5,7
frame=1,2,7,1106,7,10,2,8
frame=1,3,13,532,8,9,4,7
frame=1,4,0,899,11,9,6,7
frame=1,5,11,1025,10,8,5,7
frame=1,6,0,1173,7,9,3,7
frame=1,7,0,1113,7,10,3,7
frame=2,0,0,908,11,9,5,7
frame=2,1,11,936,10,9,4,7
frame=2,2,14,1106,7,10,2,8
frame=2,3,14,1166,7,9,4,6
frame=2,4,11,945,10,9,5,8
frame=2,5,11,1033,10,8,5,7
frame=2,6,13,403,8,10,3,7
frame=2,7,7,1116,7,10,3,7
frame=3,0,0,917,11,9,5,7
frame=3,1,11,954,10,9,5,7
frame=3,2,0,1123,7,10,2,8
frame=3,3,13,413,8,10,4,8
frame=3,4,0,926,11,9,6,7
frame=3,5,11,1041,10,8,5,7
frame=3,6,7,1175,7,9,3,7
frame=3,7,14,1116,7,10,3,7

[run]
frames=8
duration=2
type=looped
frame=0,0,0,9,21,8,9,8
frame=0,1,0,226,14,13,5,9
frame=0,2,14,248,7,13,2,9
frame=0,3,0,82,17,11,9,8
frame=0,4,0,17,20,9,10,8
frame=0,5,0,574,12,13,7,10
frame=0,6,14,287,7,12,2,8
frame=0,7,0,43,18,12,7,9
frame=1,0,0,111,17,8,5,7
frame=1,1,0,613,12,11,4,8
frame=1,2,15,203,6,11,2,8
frame=1,3,0,297,14,9,8,7
frame=1,4,0,174,15,9,10,9
frame=1,5,11,766,10,14,6,11
frame=1,6,7,1126,7,10,2,8
frame=1,7,0,239,14,13,4,11
frame=2,0,0,1016,11,8,2,8
frame=2,1,12,674,9,9,2,8
frame=2,2,0,1133,7,10,2,8
frame=2,3,11,838,10,10,6,8
frame=2,4,0,635,12,10,7,9
frame=2,5,12,644,9,10,5,9
frame=2,6,13,1202,7,8,2,8
frame=2,7,12,692,9,8,1,9
frame=3,0,0,306,14,9,4,8
frame=3,1,0,449,13,9,4,8
frame=3,2,14,299,7,12,2,9
frame=3,3,11,816,10,11,5,8
frame=3,4,0,183,15,9,8,8
frame=3,5,0,378,14,8,7,8
frame=3,6,0,1182,7,9,3,8
frame=3,7,13,423,8,10,2,9
frame=4,0,0,0,21,9,9,8
frame=4,1,0,55,18,11,7,9
frame=4,2,14,261,7,13,2,9
frame=4,3,0,587,12,13,7,9
frame=4,4,0,26,19,9,10,8
frame=4,5,0,127,16,12,9,9
frame=4,6,15,191,6,12,1,8
frame=4,7,0,252,14,13,5,10
frame=5,0,0,93,17,9,5,8
frame=5,1,0,192,15,9,5,7
frame=5,2,14,359,7,11,2,8
frame=5,3,11,848,10,10,6,8
frame=5,4,0,210,15,8,9,8
frame=5,5,0,426,13,12,8,10
frame=5,6,16,127,5,11,1,8
frame=5,7,0,600,12,13,3,11
frame=6,0,0,935,11,9,2,8
frame=6,1,11,858,10,10,2,8
frame=6,2,14,1126,7,10,3,8
frame=6,3,11,963,10,9,5,8
frame=6,4,0,673,12,8,7,8
frame=6,5,11,1049,10,8,6,9
frame=6,6,7,1202,6,7,1,7
frame=6,7,13,433,8,10,1,9
frame=7,0,0,315,14,9,4,8
frame=7,1,12,577,9,12,2,9
frame=7,2,14,274,7,13,3,9
frame=7,3,0,324,14,9,7,8
frame=7,4,0,164,15,10,9,8
frame=7,5,11,868,10,10,5,9
frame=7,6,7,1136,7,10,2,8
frame=7,7,0,681,12,8,4,8

[shoot]
frames=4
duration=3
type=play_once
frame=0,0,0,494,13,8,6,7
frame=0,1,0,822,11,10,5,8
frame=0,2,14,370,7,11,2,9
frame=0,3,11,780,10,12,4,9
frame=0,4,0,333,14,9,6,7
frame=0,5,0,502,13,8,6,6
frame=0,6,0,1143,7,10,3,7
frame=0,7,13,443,8,10,3,7
frame=1,0,0,510,13,8,6,7
frame=1,1,0,800,11,11,5,9
frame=1,2,14,311,7,12,2,9
frame=1,3,0,776,11,12,4,9
frame=1,4,0,201,15,9,6,8
frame=1,5,0,518,13,8,6,6
frame=1,6,14,1136,7,10,3,7
frame=1,7,12,654,9,10,4,7
frame=2,0,0,386,14,8,6,7
frame=2,1,0,624,12,11,5,9
frame=2,2,14,323,7,12,2,9
frame=2,3,0,788,11,12,4,9
frame=2,4,0,287,14,10,6,8
frame=2,5,0,526,13,8,6,6
frame=2,6,7,1146,7,10,3,7
frame=2,7,12,664,9,10,4,7
frame=3,0,0,458,13,9,6,7
frame=3,1,0,811,11,11,5,9
frame=3,2,14,335,7,12,2,9
frame=3,3,11,792,10,12,4,9
frame=3,4,0,342,14,9,6,8
frame=3,5,0,534,13,8,5,6
frame=3,6,13,453,8,10,3,7
frame=3,7,13,463,8,10,3,7

[cast]
frames=4
duration=3
type=play_once
frame=0,0,0,944,11,9,5,7
frame=0,1,11,972,10,9,5,7
frame=0,2,0,1153,7,10,2,8
frame=0,3,14,1175,7,9,3,7
frame=0,4,0,953,11,9,5,7
frame=0,5,11,1057,10,8,5,7
frame=0,6,13,541,8,9,4,7
frame=0,7,15,214,6,10,3,7
frame=1,0,0,962,11,9,5,8
frame=1,1,11,878,10,10,4,8
frame=1,2,14,381,7,11,2,9
frame=1,3,14,1146,7,10,3,7
frame=1,4,0,832,11,10,5,8
frame=1,5,11,981,10,9,5,7
frame=1,6,13,473,8,10,4,7
frame=1,7,15,224,6,10,3,8
frame=2,0,0,971,11,9,5,8
frame=2,1,11,990,10,9,5,8
frame=2,2,14,392,7,11,3,9
frame=2,3,7,1156,7,10,3,8
frame=2,4,11,888,10,10,5,8
frame=2,5,11,1065,10,8,5,7
frame=2,6,13,483,8,10,3,7
frame=2,7,0,1209,6,10,2,8
frame=3,0,0,980,11,9,5,7
frame=3,1,11,999,10,9,5,7
frame=3,2,12,733,7,11,3,8
frame=3,3,7,1184,7,9,3,6
frame=3,4,11,898,10,10,5,8
frame=3,5,11,1073,10,8,5,7
frame=3,6,0,1191,7,9,3,7
frame=3,7,6,1209,6,10,3,7

[die]
frames=6
duration=4
type=play_once
frame=0,0,0,655,12,9,5,8
frame=0,1,0,989,11,9,5,8
frame=0,2,12,589,9,11,3,9
frame=0,3,12,600,9,11,4,8
frame=0,4,0,467,13,9,6,7
frame=0,5,0,1024,11,8,5,6
frame=0,6,0,1163,7,10,3,7
frame=0,7,13,493,8,10,3,7
frame=1,0,0,476,13,9,7,7
frame=1,1,0,998,11,9,6,9
frame=1,2,12,611,9,11,3,10
frame=1,3,11,908,10,10,3,8
frame=1,4,0,351,14,9,5,7
frame=1,5,0,735,12,6,4,5
frame=1,6,14,1184,7,9,3,6
frame=1,7,12,683,9,9,5,6
frame=2,0,0,741,12,6,8,4
frame=2,1,0,721,12,7,8,4
frame=2,2,12,714,9,6,5,4
frame=2,3,0,728,12,7,5,5
frame=2,4,0,1064,11,5,3,4
frame=2,5,0,747,12,6,4,3
frame=2,6,12,726,8,7,3,3
frame=2,7,0,689,12,8,6,4
frame=3,0,0,1046,11,6,8,4
frame=3,1,0,1052,11,6,8,4
frame=3,2,12,700,9,7,5,5
frame=3,3,0,1032,11,7,5,5
frame=3,4,0,753,12,5,3,4
frame=3,5,0,758,12,4,3,1
frame=3,6,12,1210,6,6,1,2
frame=3,7,0,1039,11,7,6,3
frame=4,0,0,557,13,6,9,1
frame=4,1,0,1082,10,7,8,4
frame=4,2,11,1008,10,9,9,7
frame=4,3,0,1074,10,8,6,7
frame=4,4,0,569,13,5,3,5
frame=4,5,16,138,5,5,-4,4
frame=4,6,12,720,9,6,0,2
frame=4,7,0,1069,11,5,4,2
frame=5,0,0,563,13,6,9,2
frame=5,1,0,1089,10,7,8,5
frame=5,2,10,1081,10,8,9,7
frame=5,3,10,1089,10,7,5,6
frame=5,4,0,394,14,6,3,6
frame=5,5,12,707,9,7,1,4
frame=5,6,0,1096,10,7,1,3
frame=5,7,0,1058,11,6,6,2

[swing]
frames=4
duration=3
type=play_once
frame=0,0,0,542,13,8,6,7
frame=0,1,0,842,11,10,5,8
frame=0,2,14,347,7,12,2,9
frame=0,3,12,622,9,11,4,8
frame=0,4,0,360,14,9,7,7
frame=0,5,0,697,12,8,6,6
frame=0,6,13,503,8,10,3,7
frame=0,7,13,513,8,10,3,7
frame=1,0,0,119,17,8,7,7
frame=1,1,0,438,13,11,6,9
frame=1,2,15,178,6,13,2,9
frame=1,3,0,400,13,13,6,9
frame=1,4,0,66,18,9,8,7
frame=1,5,0,218,15,8,7,6
frame=1,6,7,1193,7,9,3,6
frame=1,7,0,852,11,10,5,7
frame=2,0,0,75,18,7,8,6
frame=2,1,0,265,14,11,6,9
frame=2,2,15,164,6,14,2,10
frame=2,3,0,413,13,13,5,10
frame=2,4,0,35,19,8,8,7
frame=2,5,0,148,16,8,7,6
frame=2,6,0,1200,7,9,3,6
frame=2,7,0,645,12,10,5,7
frame=3,0,0,139,16,9,6,7
frame=3,1,0,276,14,11,6,9
frame=3,2,14,234,7,14,2,10
frame=3,3,0,762,11,14,5,10
frame=3,4,0,102,17,9,8,8
frame=3,5,0,156,16,8,7,7
frame=3,6,14,1156,7,10,2,7
frame=3,7,11,827,10,11,4,8

[hit]
frames=2
duration=2
type=play_once
frame=0,0,0,655,12,9,5,8
frame=0,1,0,989,11,9,5,8
frame=0,2,12,589,9,11,3,9
frame=0,3,12,600,9,11,4,8
frame=0,4,0,467,13,9,6,7
frame=0,5,0,1024,11,8,5,6
frame=0,6,0,1163,7,10,3,7
frame=0,7,13,493,8,10,3,7
frame=1,0,0,476,13,9,7,7
frame=1,1,0,998,11,9,6,9
frame=1,2,12,611,9,11,3,10
frame=1,3,11,908,10,10,3,8
frame=1,4,0,351,14,9,5,7
frame=1,5,0,735,12,6,4,5
frame=1,6,14,1184,7,9,3,6
frame=1,7,12,683,9,9,5,6

[block]
frames=2
duration=1
type=play_once
frame=0,0,0,664,12,9,5,7
frame=0,1,0,1007,11,9,5,8
frame=0,2,12,744,7,11,3,9
frame=0,3,12,633,9,11,4,8
frame=0,4,0,485,13,9,6,7
frame=0,5,0,705,12,8,5,6
frame=0,6,13,550,8,9,3,6
frame=0,7,14,1193,7,9,3,7
frame=1,0,0,713,12,8,5,7
frame=1,1,0,862,11,10,5,8
frame=1,2,12,755,7,11,2,9
frame=1,3,11,804,10,12,4,9
frame=1,4,0,369,14,9,6,7
frame=1,5,0,550,13,7,6,6
frame=1,6,13,559,8,9,3,6
frame=1,7,13,568,8,9,3,7
