
image=images/avatar/female/default_legs.png

[stance]
frames=4
duration=6
type=back_forth
frame=0,0,36,359,8,12,3,14
frame=0,1,9,492,9,11,3,13
frame=0,2,0,312,9,12,3,14
frame=0,3,36,0,8,13,2,14
frame=0,4,36,13,8,13,2,14
frame=0,5,27,306,9,12,2,14
frame=0,6,27,318,9,12,3,13
frame=0,7,37,217,7,12,2,13
frame=1,0,18,499,9,11,3,13
frame=1,1,9,503,9,11,3,13
frame=1,2,20,202,9,13,3,14
frame=1,3,36,229,8,13,2,14
frame=1,4,10,207,9,13,2,14
frame=1,5,18,319,9,12,3,14
frame=1,6,27,330,9,12,3,13
frame=1,7,36,371,8,12,2,13
frame=2,0,0,504,9,11,3,13
frame=2,1,18,510,9,11,3,13
frame=2,2,0,324,9,12,3,14
frame=2,3,36,242,8,13,2,14
frame=2,4,0,208,9,13,2,14
frame=2,5,29,202,9,13,3,14
frame=2,6,9,324,9,12,3,13
frame=2,7,0,600,7,12,1,13
frame=3,0,9,514,9,11,3,13
frame=3,1,0,515,9,11,3,13
frame=3,2,18,331,9,12,3,14
frame=3,3,36,255,8,13,3,14
frame=3,4,36,268,8,13,2,14
frame=3,5,27,342,9,12,3,14
frame=3,6,19,215,9,13,2,13
frame=3,7,36,383,8,12,2,13

[run]
frames=8
duration=2
type=looped
frame=0,0,0,22,11,12,5,13
frame=0,1,0,336,9,12,3,13
frame=0,2,9,336,9,12,3,13
frame=0,3,30,162,10,11,3,13
frame=0,4,0,173,10,11,3,13
frame=0,5,36,395,8,12,2,13
frame=0,6,9,220,9,13,3,13
frame=0,7,11,22,11,12,5,13
frame=1,0,18,343,9,12,3,13
frame=1,1,36,281,8,13,2,14
frame=1,2,0,221,9,13,3,14
frame=1,3,27,354,9,12,3,14
frame=1,4,26,580,8,11,2,13
frame=1,5,28,215,9,13,3,14
frame=1,6,18,228,9,13,3,14
frame=1,7,0,348,9,12,3,14
frame=2,0,36,407,8,12,2,14
frame=2,1,9,348,9,12,2,14
frame=2,2,18,355,9,12,2,14
frame=2,3,27,366,9,12,2,14
frame=2,4,36,419,8,12,2,14
frame=2,5,0,360,9,12,3,14
frame=2,6,9,233,9,13,3,14
frame=2,7,0,234,9,13,2,15
frame=3,0,10,173,10,11,4,13
frame=3,1,22,22,11,12,4,14
frame=3,2,9,360,9,12,3,14
frame=3,3,18,367,9,12,2,13
frame=3,4,27,378,9,12,2,13
frame=3,5,30,114,10,12,3,13
frame=3,6,0,372,9,12,3,13
frame=3,7,36,294,8,13,2,14
frame=4,0,0,46,11,11,5,13
frame=4,1,11,46,11,11,5,13
frame=4,2,9,372,9,12,3,13
frame=4,3,36,431,8,12,2,13
frame=4,4,0,113,10,12,3,13
frame=4,5,10,113,10,12,3,13
frame=4,6,27,228,9,13,3,13
frame=4,7,18,379,9,12,3,13
frame=5,0,27,510,9,11,3,13
frame=5,1,18,521,9,11,3,13
frame=5,2,18,241,9,13,3,14
frame=5,3,9,246,9,13,3,14
frame=5,4,36,443,8,12,2,13
frame=5,5,27,390,9,12,3,14
frame=5,6,0,247,9,13,3,14
frame=5,7,0,384,9,12,2,13
frame=6,0,36,455,8,12,2,13
frame=6,1,9,384,9,12,3,14
frame=6,2,18,391,9,12,3,14
frame=6,3,27,402,9,12,3,15
frame=6,4,36,467,8,12,2,14
frame=6,5,27,241,9,13,2,14
frame=6,6,18,254,9,13,2,14
frame=6,7,0,396,9,12,2,14
frame=7,0,0,125,10,12,4,13
frame=7,1,36,479,8,12,2,13
frame=7,2,9,396,9,12,3,14
frame=7,3,9,525,9,11,3,14
frame=7,4,0,526,9,11,2,13
frame=7,5,9,259,9,13,2,14
frame=7,6,0,260,9,13,2,13
frame=7,7,10,125,10,12,4,13

[shoot]
frames=4
duration=3
type=play_once
frame=0,0,22,46,11,11,5,13
frame=0,1,33,50,11,11,5,13
frame=0,2,27,521,9,11,3,13
frame=0,3,34,587,8,11,2,13
frame=0,4,20,125,10,12,2,13
frame=0,5,18,403,9,12,2,13
frame=0,6,27,254,9,13,3,12
frame=0,7,27,414,9,12,3,13
frame=1,0,24,0,12,11,6,13
frame=1,1,0,57,11,11,5,13
frame=1,2,18,532,9,11,3,13
frame=1,3,0,408,9,12,2,13
frame=1,4,33,26,11,12,2,13
frame=1,5,30,126,10,12,3,13
frame=1,6,9,408,9,12,3,12
frame=1,7,22,99,10,13,4,13
frame=2,0,0,0,12,12,6,13
frame=2,1,11,57,11,11,5,13
frame=2,2,18,415,9,12,3,13
frame=2,3,27,426,9,12,2,13
frame=2,4,0,137,10,12,2,13
frame=2,5,10,137,10,12,3,13
frame=2,6,0,420,9,12,3,12
frame=2,7,20,137,10,12,4,13
frame=3,0,22,57,11,11,5,13
frame=3,1,33,61,11,11,5,13
frame=3,2,9,420,9,12,3,13
frame=3,3,36,491,8,12,2,13
frame=3,4,30,138,10,12,2,13
frame=3,5,0,149,10,12,3,13
frame=3,6,18,267,9,13,3,13
frame=3,7,32,101,10,13,3,13

[cast]
frames=4
duration=3
type=play_once
frame=0,0,9,536,9,11,3,13
frame=0,1,0,537,9,11,3,14
frame=0,2,18,427,9,12,2,14
frame=0,3,36,503,8,12,2,14
frame=0,4,36,307,8,13,2,14
frame=0,5,27,438,9,12,2,13
frame=0,6,0,432,9,12,3,13
frame=0,7,36,515,8,12,2,13
frame=1,0,9,432,9,12,3,14
frame=1,1,27,532,9,11,3,14
frame=1,2,9,272,9,13,2,15
frame=1,3,36,320,8,13,2,14
frame=1,4,0,273,9,13,2,14
frame=1,5,27,267,9,13,2,14
frame=1,6,18,280,9,13,3,14
frame=1,7,36,527,8,12,2,13
frame=2,0,10,149,10,12,3,14
frame=2,1,20,173,10,11,3,14
frame=2,2,18,439,9,12,2,14
frame=2,3,36,539,8,12,2,14
frame=2,4,27,450,9,12,2,14
frame=2,5,0,100,10,13,3,14
frame=2,6,9,285,9,13,3,14
frame=2,7,36,551,8,12,2,14
frame=3,0,20,149,10,12,3,14
frame=3,1,30,150,10,12,3,14
frame=3,2,18,543,9,11,2,13
frame=3,3,36,563,8,12,3,13
frame=3,4,0,444,9,12,3,13
frame=3,5,9,444,9,12,3,14
frame=3,6,0,286,9,13,3,14
frame=3,7,0,569,8,12,2,13

[die]
frames=6
duration=4
type=play_once
frame=0,0,0,68,11,11,5,13
frame=0,1,9,547,9,11,4,14
frame=0,2,18,451,9,12,3,14
frame=0,3,27,568,8,12,2,14
frame=0,4,27,280,9,13,2,13
frame=0,5,27,462,9,12,2,13
frame=0,6,0,456,9,12,3,13
frame=0,7,36,333,8,13,3,13
frame=1,0,24,11,12,11,7,13
frame=1,1,30,184,10,9,5,13
frame=1,2,9,558,9,10,3,13
frame=1,3,0,548,9,11,2,13
frame=1,4,0,34,11,12,1,12
frame=1,5,18,293,9,13,2,12
frame=1,6,10,100,10,13,4,12
frame=1,7,0,161,10,12,5,12
frame=2,0,7,600,7,10,8,8
frame=2,1,30,193,10,9,8,10
frame=2,2,27,554,9,7,4,10
frame=2,3,0,612,7,7,-1,8
frame=2,4,21,604,7,8,-2,7
frame=2,5,16,583,8,9,-1,5
frame=2,6,8,584,8,9,3,5
frame=2,7,7,610,7,9,7,5
frame=3,0,14,599,7,9,8,8
frame=3,1,20,194,10,8,8,9
frame=3,2,10,195,10,6,3,9
frame=3,3,21,612,7,7,-3,8
frame=3,4,38,211,6,6,-3,5
frame=3,5,27,561,9,7,1,4
frame=3,6,24,591,8,7,5,3
frame=3,7,14,608,7,9,8,6
frame=4,0,0,592,8,8,9,7
frame=4,1,33,94,11,7,8,8
frame=4,2,10,201,10,6,3,8
frame=4,3,33,604,6,6,-2,7
frame=4,4,28,612,7,6,-2,5
frame=4,5,8,593,8,6,-1,3
frame=4,6,0,195,10,7,5,4
frame=4,7,38,202,6,9,7,5
frame=5,0,16,592,8,7,9,7
frame=5,1,0,202,10,6,7,8
frame=5,2,18,565,9,6,2,7
frame=5,3,35,610,6,6,-3,6
frame=5,4,24,598,8,6,-2,3
frame=5,5,9,568,9,5,1,1
frame=5,6,32,598,8,6,6,2
frame=5,7,28,604,5,8,8,4

[swing]
frames=4
duration=3
type=play_once
frame=0,0,30,173,10,11,4,13
frame=0,1,0,184,10,11,4,13
frame=0,2,9,456,9,12,3,14
frame=0,3,35,575,8,12,2,13
frame=0,4,18,463,9,12,2,13
frame=0,5,27,474,9,12,3,13
frame=0,6,9,298,9,13,3,13
frame=0,7,0,468,9,12,3,13
frame=1,0,0,12,12,10,7,12
frame=1,1,11,68,11,11,6,13
frame=1,2,9,468,9,12,3,13
frame=1,3,18,475,9,12,2,13
frame=1,4,11,34,11,12,2,12
frame=1,5,22,68,11,11,3,12
frame=1,6,0,299,9,13,2,12
frame=1,7,10,184,10,11,5,11
frame=2,0,22,90,11,9,8,11
frame=2,1,0,90,11,10,7,12
frame=2,2,27,486,9,12,3,13
frame=2,3,0,480,9,12,1,13
frame=2,4,12,0,12,12,1,12
frame=2,5,33,72,11,11,2,11
frame=2,6,9,480,9,12,3,10
frame=2,7,27,543,9,11,5,11
frame=3,0,0,79,11,11,7,13
frame=3,1,22,34,11,12,6,14
frame=3,2,18,487,9,12,3,14
frame=3,3,36,346,8,13,1,14
frame=3,4,33,38,11,12,2,13
frame=3,5,11,79,11,11,3,12
frame=3,6,27,293,9,13,3,12
frame=3,7,18,571,8,12,4,12

[hit]
frames=2
duration=2
type=play_once
frame=0,0,0,68,11,11,5,13
frame=0,1,9,547,9,11,4,14
frame=0,2,18,451,9,12,3,14
frame=0,3,27,568,8,12,2,14
frame=0,4,27,280,9,13,2,13
frame=0,5,27,462,9,12,2,13
frame=0,6,0,456,9,12,3,13
frame=0,7,36,333,8,13,3,13
frame=1,0,24,11,12,11,7,13
frame=1,1,30,184,10,9,5,13
frame=1,2,9,558,9,10,3,13
frame=1,3,0,548,9,11,2,13
frame=1,4,0,34,11,12,1,12
frame=1,5,18,293,9,13,2,12
frame=1,6,10,100,10,13,4,12
frame=1,7,0,161,10,12,5,12

[block]
frames=2
duration=1
type=play_once
frame=0,0,22,79,11,11,4,13
frame=0,1,20,184,10,10,4,13
frame=0,2,18,554,9,11,3,13
frame=0,3,8,573,8,11,2,13
frame=0,4,20,112,10,13,3,13
frame=0,5,10,161,10,12,3,13
frame=0,6,27,498,9,12,3,13
frame=0,7,18,306,9,13,3,13
frame=1,0,12,12,12,10,5,12
frame=1,1,11,90,11,10,4,12
frame=1,2,0,559,9,10,3,12
frame=1,3,0,581,8,11,3,12
frame=1,4,33,83,11,11,3,13
frame=1,5,20,161,10,12,3,12
frame=1,6,9,311,9,13,3,13
frame=1,7,0,492,9,12,3,12
