
image=images/avatar/female/leather_boots.png

[stance]
frames=4
duration=6
type=back_forth
frame=0,0,12,802,11,9,5,7
frame=0,1,12,811,11,9,5,7
frame=0,2,15,240,8,11,3,8
frame=0,3,15,262,8,10,4,7
frame=0,4,12,820,11,9,6,7
frame=0,5,0,938,10,8,5,7
frame=0,6,15,272,8,10,3,7
frame=0,7,7,1129,7,10,3,7
frame=1,0,12,829,11,9,5,7
frame=1,1,12,838,11,9,5,7
frame=1,2,0,1132,7,10,2,8
frame=1,3,14,450,8,10,4,8
frame=1,4,12,847,11,9,6,7
frame=1,5,10,940,10,8,5,7
frame=1,6,14,460,8,10,3,7
frame=1,7,14,1134,7,10,3,7
frame=2,0,0,851,11,9,5,7
frame=2,1,13,541,10,10,4,7
frame=2,2,7,1139,7,10,2,8
frame=2,3,10,979,8,10,4,8
frame=2,4,11,856,11,9,6,8
frame=2,5,0,946,10,8,5,7
frame=2,6,0,984,8,10,3,7
frame=2,7,0,1142,7,10,3,7
frame=3,0,0,860,11,9,5,7
frame=3,1,11,865,11,9,5,7
frame=3,2,0,1099,7,11,2,8
frame=3,3,8,989,8,10,4,8
frame=3,4,0,745,12,9,6,7
frame=3,5,10,948,10,8,5,7
frame=3,6,0,994,8,10,3,7
frame=3,7,14,1144,7,10,3,7

[run]
frames=8
duration=2
type=looped
frame=0,0,0,0,22,9,9,8
frame=0,1,0,289,14,13,5,10
frame=0,2,16,151,7,13,2,9
frame=0,3,0,132,16,11,9,8
frame=0,4,0,18,20,9,10,8
frame=0,5,0,620,12,14,7,10
frame=0,6,15,204,8,12,3,8
frame=0,7,0,44,18,12,7,9
frame=1,0,0,67,18,9,5,8
frame=1,1,0,489,13,11,4,8
frame=1,2,16,1028,7,12,2,8
frame=1,3,0,346,14,9,8,7
frame=1,4,0,153,16,9,10,9
frame=1,5,12,628,11,14,6,11
frame=1,6,16,1040,7,12,2,9
frame=1,7,0,188,15,13,4,11
frame=2,0,11,892,11,8,2,8
frame=2,1,14,352,9,10,2,8
frame=2,2,7,1149,7,10,2,8
frame=2,3,13,519,10,11,6,8
frame=2,4,0,685,12,10,7,9
frame=2,5,13,551,10,10,5,9
frame=2,6,8,1087,8,8,3,8
frame=2,7,0,954,10,8,2,9
frame=3,0,0,355,14,9,4,8
frame=3,1,0,500,13,10,4,8
frame=3,2,16,1052,7,12,2,9
frame=3,3,13,483,10,12,5,9
frame=3,4,0,212,15,10,8,8
frame=3,5,0,418,14,8,7,8
frame=3,6,8,999,8,10,3,8
frame=3,7,0,1004,8,10,2,9
frame=4,0,0,9,22,9,9,8
frame=4,1,0,56,18,11,7,9
frame=4,2,15,190,8,14,3,9
frame=4,3,0,648,12,13,7,10
frame=4,4,0,27,20,9,10,8
frame=4,5,0,120,16,12,9,9
frame=4,6,15,216,8,12,3,8
frame=4,7,0,275,14,14,5,10
frame=5,0,0,93,17,9,5,8
frame=5,1,0,232,15,9,5,7
frame=5,2,16,1064,7,12,2,8
frame=5,3,12,667,11,11,6,8
frame=5,4,0,259,15,8,9,8
frame=5,5,0,302,14,12,8,10
frame=5,6,15,251,8,11,3,8
frame=5,7,0,661,12,13,3,11
frame=6,0,12,722,11,10,2,9
frame=6,1,13,561,10,10,2,8
frame=6,2,8,1009,8,10,3,8
frame=6,3,13,571,10,10,5,8
frame=6,4,0,781,12,8,7,8
frame=6,5,10,956,10,8,6,9
frame=6,6,14,1174,7,8,2,8
frame=6,7,0,1014,8,10,1,9
frame=7,0,0,241,15,9,4,8
frame=7,1,14,282,9,13,2,9
frame=7,2,16,164,7,13,3,9
frame=7,3,0,336,14,10,7,8
frame=7,4,0,143,16,10,9,8
frame=7,5,13,581,10,10,5,9
frame=7,6,0,1152,7,10,2,8
frame=7,7,0,538,13,8,4,8

[shoot]
frames=4
duration=3
type=play_once
frame=0,0,0,546,13,8,6,7
frame=0,1,0,695,12,10,5,8
frame=0,2,16,1076,7,12,3,9
frame=0,3,13,495,10,12,4,9
frame=0,4,0,364,14,9,6,7
frame=0,5,0,554,13,8,6,6
frame=0,6,8,1019,8,10,3,7
frame=0,7,14,362,9,10,3,7
frame=1,0,0,426,14,8,6,7
frame=1,1,12,678,11,11,5,9
frame=1,2,16,177,7,13,2,9
frame=1,3,12,642,11,13,4,9
frame=1,4,0,250,15,9,6,8
frame=1,5,0,562,13,8,6,6
frame=1,6,0,1024,8,10,3,7
frame=1,7,14,372,9,10,4,7
frame=2,0,0,434,14,8,6,7
frame=2,1,12,689,11,11,5,9
frame=2,2,16,989,7,13,2,9
frame=2,3,12,655,11,12,4,9
frame=2,4,0,222,15,10,6,8
frame=2,5,0,570,13,8,6,6
frame=2,6,8,1029,8,10,3,7
frame=2,7,14,382,9,10,4,7
frame=3,0,0,373,14,9,6,7
frame=3,1,0,674,12,11,5,9
frame=3,2,16,1002,7,13,2,9
frame=3,3,13,470,10,13,4,9
frame=3,4,0,382,14,9,6,8
frame=3,5,0,578,13,8,6,6
frame=3,6,0,1034,8,10,3,7
frame=3,7,8,1039,8,10,3,7

[cast]
frames=4
duration=3
type=play_once
frame=0,0,0,754,12,9,5,7
frame=0,1,0,869,11,9,5,7
frame=0,2,7,1107,7,11,2,8
frame=0,3,8,1069,8,9,3,7
frame=0,4,11,874,11,9,5,7
frame=0,5,0,896,11,8,5,7
frame=0,6,0,1074,8,9,4,7
frame=0,7,17,93,6,10,3,7
frame=1,0,12,732,11,10,5,8
frame=1,1,13,591,10,10,4,8
frame=1,2,0,1110,7,11,2,8
frame=1,3,14,1154,7,10,3,7
frame=1,4,12,700,11,11,5,8
frame=1,5,0,878,11,9,5,7
frame=1,6,14,392,9,10,4,7
frame=1,7,14,1112,7,11,3,8
frame=2,0,12,742,11,10,5,8
frame=2,1,13,601,10,9,5,8
frame=2,2,7,1118,7,11,3,9
frame=2,3,16,1088,7,12,3,9
frame=2,4,12,752,11,10,5,8
frame=2,5,11,883,11,9,5,7
frame=2,6,0,1044,8,10,3,7
frame=2,7,17,103,6,10,2,8
frame=3,0,0,887,11,9,5,7
frame=3,1,13,610,10,9,5,7
frame=3,2,0,1121,7,11,3,8
frame=3,3,14,1123,7,11,3,8
frame=3,4,12,762,11,10,5,8
frame=3,5,11,900,11,8,5,7
frame=3,6,8,1049,8,10,3,7
frame=3,7,17,113,6,10,3,7

[die]
frames=6
duration=4
type=play_once
frame=0,0,0,763,12,9,5,8
frame=0,1,12,772,11,10,5,8
frame=0,2,14,295,9,12,3,9
frame=0,3,14,319,9,11,4,8
frame=0,4,0,520,13,9,6,7
frame=0,5,0,904,11,8,5,6
frame=0,6,7,1159,7,10,3,7
frame=0,7,0,1054,8,10,3,7
frame=1,0,0,510,13,10,7,8
frame=1,1,0,705,12,10,6,9
frame=1,2,14,330,9,11,3,10
frame=1,3,13,530,10,11,3,9
frame=1,4,0,391,14,9,5,7
frame=1,5,0,813,12,7,4,5
frame=1,6,8,1078,8,9,3,6
frame=1,7,14,412,9,9,5,6
frame=2,0,0,820,12,7,8,4
frame=2,1,0,827,12,7,8,4
frame=2,2,14,444,9,6,5,4
frame=2,3,0,834,12,7,5,5
frame=2,4,11,935,11,5,3,4
frame=2,5,0,594,13,7,4,3
frame=2,6,0,1092,8,7,3,3
frame=2,7,0,789,12,8,6,4
frame=3,0,11,923,11,6,8,4
frame=3,1,0,926,11,6,8,4
frame=3,2,14,430,9,7,5,5
frame=3,3,0,912,11,7,5,5
frame=3,4,0,841,12,6,3,4
frame=3,5,0,847,12,4,3,1
frame=3,6,7,1178,6,7,1,2
frame=3,7,11,916,11,7,6,3
frame=4,0,0,608,13,6,9,2
frame=4,1,11,908,11,8,8,5
frame=4,2,13,619,10,9,9,7
frame=4,3,0,962,10,8,6,7
frame=4,4,0,614,13,6,3,5
frame=4,5,0,1181,6,6,-4,4
frame=4,6,14,437,9,7,0,3
frame=4,7,11,929,11,6,4,2
frame=5,0,0,450,14,7,9,2
frame=5,1,0,970,10,7,8,5
frame=5,2,10,964,10,8,9,7
frame=5,3,10,972,10,7,5,6
frame=5,4,0,457,14,6,3,6
frame=5,5,0,977,10,7,1,4
frame=5,6,0,919,11,7,1,3
frame=5,7,0,932,11,6,6,2

[swing]
frames=4
duration=3
type=play_once
frame=0,0,0,442,14,8,6,7
frame=0,1,0,715,12,10,6,8
frame=0,2,8,1095,7,12,2,9
frame=0,3,14,307,9,12,4,9
frame=0,4,0,400,14,9,7,7
frame=0,5,0,797,12,8,6,6
frame=0,6,8,1059,8,10,3,7
frame=0,7,14,402,9,10,3,7
frame=1,0,0,102,17,9,7,7
frame=1,1,0,314,14,11,6,9
frame=1,2,16,1015,7,13,2,9
frame=1,3,0,463,13,13,6,9
frame=1,4,0,76,18,9,8,7
frame=1,5,0,267,15,8,7,6
frame=1,6,0,1162,7,10,3,7
frame=1,7,0,725,12,10,5,7
frame=2,0,0,85,18,8,8,6
frame=2,1,0,325,14,11,6,9
frame=2,2,16,123,7,14,2,10
frame=2,3,0,476,13,13,5,10
frame=2,4,0,36,19,8,8,7
frame=2,5,0,180,16,8,7,6
frame=2,6,7,1169,7,9,3,6
frame=2,7,0,735,12,10,5,7
frame=3,0,0,162,16,9,7,7
frame=3,1,0,201,15,11,6,9
frame=3,2,16,137,7,14,2,10
frame=3,3,0,634,12,14,5,10
frame=3,4,0,111,17,9,8,8
frame=3,5,0,171,16,9,7,7
frame=3,6,14,1164,7,10,2,7
frame=3,7,12,711,11,11,4,8

[hit]
frames=2
duration=2
type=play_once
frame=0,0,0,763,12,9,5,8
frame=0,1,12,772,11,10,5,8
frame=0,2,14,295,9,12,3,9
frame=0,3,14,319,9,11,4,8
frame=0,4,0,520,13,9,6,7
frame=0,5,0,904,11,8,5,6
frame=0,6,7,1159,7,10,3,7
frame=0,7,0,1054,8,10,3,7
frame=1,0,0,510,13,10,7,8
frame=1,1,0,705,12,10,6,9
frame=1,2,14,330,9,11,3,10
frame=1,3,13,530,10,11,3,9
frame=1,4,0,391,14,9,5,7
frame=1,5,0,813,12,7,4,5
frame=1,6,8,1078,8,9,3,6
frame=1,7,14,412,9,9,5,6

[block]
frames=2
duration=1
type=play_once
frame=0,0,0,772,12,9,5,7
frame=0,1,12,782,11,10,5,8
frame=0,2,15,228,8,12,3,9
frame=0,3,14,341,9,11,4,9
frame=0,4,0,529,13,9,6,7
frame=0,5,0,805,12,8,5,7
frame=0,6,0,1064,8,10,3,7
frame=0,7,0,1172,7,9,3,7
frame=1,0,0,586,13,8,5,7
frame=1,1,12,792,11,10,5,8
frame=1,2,15,1100,7,12,3,9
frame=1,3,13,507,10,12,4,9
frame=1,4,0,409,14,9,6,8
frame=1,5,0,601,13,7,6,6
frame=1,6,0,1083,8,9,3,6
frame=1,7,14,421,9,9,3,7
