
image=images/avatar/female/mage_boots_alt1.png

[stance]
frames=4
duration=800ms
type=back_forth
frame=0,0,182,48,13,10,6,8
frame=0,1,129,150,11,10,5,8
frame=0,2,65,24,8,12,3,9
frame=0,3,91,132,8,11,4,8
frame=0,4,159,10,12,10,6,8
frame=0,5,137,170,12,9,6,7
frame=0,6,132,33,9,11,4,8
frame=0,7,93,151,8,11,3,8
frame=1,0,166,64,13,10,6,8
frame=1,1,136,160,11,10,5,8
frame=1,2,67,12,8,12,3,9
frame=1,3,100,162,8,11,4,8
frame=1,4,159,20,12,10,6,8
frame=1,5,149,170,12,9,6,7
frame=1,6,134,22,9,11,4,8
frame=1,7,101,151,8,11,3,8
frame=2,0,117,140,12,10,6,8
frame=2,1,140,150,11,10,5,8
frame=2,2,73,24,8,12,3,9
frame=2,3,108,162,8,11,4,8
frame=2,4,117,150,12,10,6,8
frame=2,5,141,141,12,9,6,7
frame=2,6,135,11,9,11,4,8
frame=2,7,107,132,7,11,3,8
frame=3,0,179,67,13,10,6,8
frame=3,1,147,160,11,10,5,8
frame=3,2,71,0,8,12,3,9
frame=3,3,75,12,8,12,4,9
frame=3,4,124,160,12,10,6,8
frame=3,5,151,150,12,9,6,7
frame=3,6,138,0,9,11,4,8
frame=3,7,64,140,9,11,4,8

[shoot]
frames=4
duration=400ms
type=play_once
frame=0,0,133,109,15,10,7,8
frame=0,1,63,122,13,11,6,9
frame=0,2,58,153,8,13,3,10
frame=0,3,35,143,11,13,5,10
frame=0,4,141,33,16,10,7,8
frame=0,5,140,98,15,10,7,7
frame=0,6,75,151,9,11,4,7
frame=0,7,53,69,10,12,5,8
frame=1,0,144,77,15,10,8,8
frame=1,1,31,25,14,12,7,10
frame=1,2,8,133,8,14,3,10
frame=1,3,23,146,12,13,5,10
frame=1,4,88,45,17,11,7,9
frame=1,5,143,22,16,10,7,7
frame=1,6,82,140,9,11,4,7
frame=1,7,45,24,10,12,5,8
frame=2,0,151,66,15,10,8,8
frame=2,1,34,12,14,12,7,10
frame=2,2,15,147,8,14,3,10
frame=2,3,8,105,12,14,5,10
frame=2,4,112,0,16,11,7,9
frame=2,5,171,9,15,9,7,7
frame=2,6,82,162,9,11,4,7
frame=2,7,49,45,10,12,5,8
frame=3,0,153,54,14,10,7,8
frame=3,1,37,45,12,12,6,10
frame=3,2,16,119,8,14,3,10
frame=3,3,28,159,12,13,5,10
frame=3,4,70,68,16,11,7,9
frame=3,5,167,55,14,9,6,7
frame=3,6,59,45,9,12,4,8
frame=3,7,48,12,10,12,5,8

[run]
frames=8
duration=533ms
type=looped
frame=0,0,43,169,22,10,9,9
frame=0,1,0,150,15,14,6,10
frame=0,2,22,74,8,14,3,10
frame=0,3,23,0,17,12,9,9
frame=0,4,68,45,20,11,11,9
frame=0,5,0,45,14,15,8,11
frame=0,6,50,156,8,13,3,8
frame=0,7,16,133,19,13,8,10
frame=1,0,64,36,18,9,6,8
frame=1,1,40,0,13,12,4,9
frame=1,2,47,127,8,13,3,9
frame=1,3,144,11,15,10,9,8
frame=1,4,137,56,16,10,10,9
frame=1,5,0,90,12,15,7,12
frame=1,6,81,24,8,12,3,9
frame=1,7,0,0,15,15,5,12
frame=2,0,166,84,13,9,3,9
frame=2,1,94,99,11,11,4,9
frame=2,2,97,110,8,11,3,8
frame=2,3,100,88,11,11,7,9
frame=2,4,59,111,13,11,8,9
frame=2,5,128,45,10,11,5,10
frame=2,6,186,30,9,8,4,8
frame=2,7,175,131,11,9,3,9
frame=3,0,108,23,16,11,6,9
frame=3,1,86,68,14,11,6,9
frame=3,2,8,119,8,14,3,10
frame=3,3,40,114,11,13,6,10
frame=3,4,109,11,16,11,9,9
frame=3,5,171,0,15,9,8,8
frame=3,6,66,151,9,11,4,9
frame=3,7,124,22,10,11,3,9
frame=4,0,67,57,22,11,9,9
frame=4,1,15,13,19,12,8,9
frame=4,2,14,45,9,14,4,10
frame=4,3,0,164,14,14,8,10
frame=4,4,100,35,21,10,11,9
frame=4,5,20,104,17,13,9,10
frame=4,6,51,114,8,13,3,8
frame=4,7,0,15,15,15,6,11
frame=5,0,91,12,18,11,6,9
frame=5,1,147,0,15,10,5,8
frame=5,2,55,127,8,13,3,9
frame=5,3,30,69,12,12,7,9
frame=5,4,90,79,16,9,10,8
frame=5,5,24,88,16,13,9,11
frame=5,6,97,121,8,11,3,8
frame=5,7,0,60,13,15,4,12
frame=6,0,68,99,13,11,3,9
frame=6,1,112,67,11,11,3,9
frame=6,2,53,0,9,12,4,9
frame=6,3,115,56,11,11,6,9
frame=6,4,179,87,13,9,8,9
frame=6,5,161,168,11,9,7,9
frame=6,6,186,131,8,8,3,8
frame=6,7,123,67,11,11,4,10
frame=7,0,138,44,16,10,6,9
frame=7,1,13,60,11,14,4,10
frame=7,2,13,74,9,14,4,10
frame=7,3,60,88,15,11,8,9
frame=7,4,95,0,17,11,10,9
frame=7,5,37,57,11,12,6,10
frame=7,6,99,132,8,11,3,9
frame=7,7,113,120,15,10,6,9

[die]
frames=6
duration=800ms
type=play_once
frame=0,0,179,77,13,10,6,8
frame=0,1,85,110,12,11,6,9
frame=0,2,55,24,10,12,4,9
frame=0,3,48,57,11,12,5,9
frame=0,4,171,36,14,10,7,8
frame=0,5,172,96,13,9,6,7
frame=0,6,105,121,8,11,4,8
frame=0,7,91,162,9,11,4,8
frame=1,0,144,87,15,10,9,8
frame=1,1,81,99,13,11,7,10
frame=1,2,46,143,10,13,4,11
frame=1,3,12,90,12,14,4,11
frame=1,4,134,67,17,10,6,8
frame=1,5,77,132,14,8,5,6
frame=1,6,186,20,9,10,5,6
frame=1,7,128,0,10,11,6,7
frame=2,0,91,143,13,8,9,5
frame=2,1,15,37,15,8,10,5
frame=2,2,182,164,10,7,6,5
frame=2,3,181,58,14,9,6,6
frame=2,4,104,143,13,8,4,5
frame=2,5,171,27,15,9,5,4
frame=2,6,185,96,10,9,4,3
frame=2,7,89,56,14,11,8,5
frame=3,0,45,81,14,7,10,4
frame=3,1,168,105,13,8,9,5
frame=3,2,172,168,10,8,5,6
frame=3,3,155,102,13,9,6,6
frame=3,4,73,173,14,6,4,4
frame=3,5,59,81,14,7,4,2
frame=3,6,159,76,7,9,2,3
frame=3,7,124,170,13,9,7,4
frame=4,0,63,133,14,7,10,2
frame=4,1,158,159,12,9,10,5
frame=4,2,152,131,11,10,10,8
frame=4,3,170,159,11,9,7,8
frame=4,4,28,172,15,7,4,6
frame=4,5,186,139,8,7,-3,5
frame=4,6,175,149,11,8,1,3
frame=4,7,167,123,12,8,5,3
frame=5,0,30,37,15,8,11,3
frame=5,1,163,150,12,9,10,6
frame=5,2,129,140,12,10,10,8
frame=5,3,179,123,12,8,6,7
frame=5,4,30,81,15,7,4,6
frame=5,5,181,157,12,7,2,4
frame=5,6,165,140,12,9,2,4
frame=5,7,181,105,13,8,7,3

[cast]
frames=4
duration=400ms
type=play_once
frame=0,0,148,111,12,10,6,8
frame=0,1,141,131,11,10,5,8
frame=0,2,79,0,8,12,3,9
frame=0,3,105,99,8,11,4,8
frame=0,4,168,113,12,10,6,8
frame=0,5,153,141,12,9,6,7
frame=0,6,73,140,9,11,4,8
frame=0,7,111,88,8,11,4,8
frame=1,0,88,88,12,11,6,9
frame=1,1,117,45,11,11,5,9
frame=1,2,83,12,8,12,3,9
frame=1,3,88,121,9,11,4,8
frame=1,4,100,67,12,11,6,9
frame=1,5,180,113,12,10,6,8
frame=1,6,125,11,10,11,5,8
frame=1,7,113,99,7,11,3,8
frame=2,0,126,56,11,11,5,9
frame=2,1,121,34,11,11,5,9
frame=2,2,87,0,8,12,3,9
frame=2,3,63,69,7,12,3,9
frame=2,4,103,56,12,11,6,9
frame=2,5,143,121,12,10,6,8
frame=2,6,73,162,9,11,4,8
frame=2,7,119,88,7,11,3,8
frame=3,0,155,121,12,10,6,8
frame=3,1,129,130,12,10,6,8
frame=3,2,59,57,8,12,3,9
frame=3,3,52,88,8,12,4,9
frame=3,4,105,45,12,11,6,8
frame=3,5,163,131,12,9,6,7
frame=3,6,162,0,9,10,4,7
frame=3,7,105,110,8,11,4,8

[swing]
frames=4
duration=400ms
type=play_once
frame=0,0,114,130,15,10,7,8
frame=0,1,75,88,13,11,6,9
frame=0,2,56,140,8,13,3,9
frame=0,3,42,69,11,12,5,9
frame=0,4,128,120,15,10,7,8
frame=0,5,168,46,14,9,7,7
frame=0,6,58,12,9,12,4,8
frame=0,7,62,0,9,12,4,8
frame=1,0,45,36,19,9,9,7
frame=1,1,37,101,15,13,7,10
frame=1,2,0,105,8,15,3,11
frame=1,3,14,164,14,14,6,10
frame=1,4,113,110,20,10,9,8
frame=1,5,73,79,17,9,8,7
frame=1,6,109,151,8,11,4,7
frame=1,7,24,57,13,12,6,8
frame=2,0,120,99,20,10,10,8
frame=2,1,15,25,16,12,8,10
frame=2,2,0,120,8,15,3,11
frame=2,3,0,30,15,15,6,11
frame=2,4,106,78,21,10,9,8
frame=2,5,82,36,18,9,8,7
frame=2,6,160,111,8,10,4,6
frame=2,7,23,45,14,12,7,8
frame=3,0,126,88,18,10,8,8
frame=3,1,24,117,16,13,7,10
frame=3,2,0,135,8,15,3,11
frame=3,3,0,75,13,15,6,11
frame=3,4,89,24,19,11,9,9
frame=3,5,127,78,17,10,8,8
frame=3,6,116,162,8,11,3,7
frame=3,7,40,88,12,12,5,9

[hit]
frames=2
duration=133ms
type=play_once
frame=0,0,179,77,13,10,6,8
frame=0,1,85,110,12,11,6,9
frame=0,2,55,24,10,12,4,9
frame=0,3,48,57,11,12,5,9
frame=0,4,171,36,14,10,7,8
frame=0,5,172,96,13,9,6,7
frame=0,6,105,121,8,11,4,8
frame=0,7,91,162,9,11,4,8
frame=1,0,144,87,15,10,9,8
frame=1,1,81,99,13,11,7,10
frame=1,2,46,143,10,13,4,11
frame=1,3,12,90,12,14,4,11
frame=1,4,134,67,17,10,6,8
frame=1,5,77,132,14,8,5,6
frame=1,6,186,20,9,10,5,6
frame=1,7,128,0,10,11,6,7

[block]
frames=2
duration=66ms
type=play_once
frame=0,0,166,74,13,10,6,8
frame=0,1,76,121,12,11,6,9
frame=0,2,65,166,8,13,3,10
frame=0,3,40,156,10,13,4,10
frame=0,4,154,43,14,10,6,8
frame=0,5,159,93,13,9,6,7
frame=0,6,186,0,9,10,4,7
frame=0,7,84,151,9,11,4,8
frame=1,0,157,32,14,10,7,8
frame=1,1,72,110,13,11,6,9
frame=1,2,15,0,8,13,3,10
frame=1,3,35,130,12,13,5,10
frame=1,4,52,100,16,11,7,9
frame=1,5,171,18,15,9,7,7
frame=1,6,186,10,9,10,4,7
frame=1,7,185,38,10,10,5,7
