
image=images/avatar/female/mage_vest_alt2.png

[stance]
frames=4
duration=800ms
type=back_forth
frame=0,0,97,169,12,18,4,22
frame=0,1,177,157,13,17,4,21
frame=0,2,165,85,13,17,4,21
frame=0,3,13,143,11,19,3,22
frame=0,4,86,0,13,18,4,21
frame=0,5,144,108,15,17,5,21
frame=0,6,71,176,13,18,4,21
frame=0,7,97,187,12,18,4,21
frame=1,0,98,205,12,18,4,22
frame=1,1,175,68,13,17,4,21
frame=1,2,178,34,13,17,4,21
frame=1,3,13,162,11,19,3,22
frame=1,4,71,194,13,18,4,21
frame=1,5,162,178,14,17,5,21
frame=1,6,178,51,13,17,4,21
frame=1,7,210,0,12,17,4,21
frame=2,0,0,200,12,19,3,22
frame=2,1,71,18,14,18,4,21
frame=2,2,73,152,13,18,4,21
frame=2,3,13,181,11,19,3,22
frame=2,4,210,17,12,17,4,21
frame=2,5,163,160,14,17,5,21
frame=2,6,82,133,13,18,4,22
frame=2,7,239,154,11,17,3,21
frame=3,0,0,219,12,19,3,22
frame=3,1,72,0,14,18,4,21
frame=3,2,83,112,13,18,4,21
frame=3,3,24,143,11,19,3,22
frame=3,4,238,0,12,17,4,21
frame=3,5,167,195,14,17,5,21
frame=3,6,89,92,13,18,4,22
frame=3,7,214,189,11,17,3,21

[shoot]
frames=4
duration=400ms
type=play_once
frame=0,0,197,17,13,17,6,21
frame=0,1,63,76,15,18,6,21
frame=0,2,68,56,15,18,4,21
frame=0,3,121,108,12,18,3,21
frame=0,4,186,102,13,17,3,20
frame=0,5,151,216,15,17,5,20
frame=0,6,152,197,15,17,6,20
frame=0,7,227,147,12,17,5,20
frame=1,0,40,0,15,19,8,22
frame=1,1,45,79,18,18,7,21
frame=1,2,41,198,16,18,4,21
frame=1,3,102,91,13,18,3,21
frame=1,4,166,214,15,17,3,20
frame=1,5,222,32,16,16,5,19
frame=1,6,56,216,16,18,7,20
frame=1,7,40,39,11,19,5,22
frame=2,0,50,58,18,18,8,21
frame=2,1,51,38,18,18,7,21
frame=2,2,105,72,13,18,4,21
frame=2,3,110,54,13,18,3,21
frame=2,4,137,0,17,17,5,20
frame=2,5,185,228,17,16,6,19
frame=2,6,0,181,13,19,4,21
frame=2,7,127,90,12,18,5,21
frame=3,0,137,17,17,17,7,21
frame=3,1,142,72,18,17,7,21
frame=3,2,111,36,13,18,4,21
frame=3,3,130,72,12,18,3,21
frame=3,4,147,34,17,17,5,20
frame=3,5,147,51,17,17,6,20
frame=3,6,85,18,14,18,5,21
frame=3,7,238,185,11,17,4,20

[run]
frames=8
duration=533ms
type=looped
frame=0,0,92,73,13,18,4,21
frame=0,1,24,216,16,18,6,21
frame=0,2,57,177,14,18,5,21
frame=0,3,109,223,12,18,3,21
frame=0,4,184,0,13,17,4,20
frame=0,5,154,0,16,17,6,20
frame=0,6,184,17,13,17,4,20
frame=0,7,238,17,12,17,4,20
frame=1,0,25,122,11,19,4,22
frame=1,1,59,158,14,18,5,22
frame=1,2,57,195,14,18,5,21
frame=1,3,99,148,12,18,3,22
frame=1,4,238,34,12,17,3,21
frame=1,5,150,89,15,17,5,21
frame=1,6,232,67,14,16,5,20
frame=1,7,173,102,13,17,5,20
frame=2,0,136,36,11,18,4,22
frame=2,1,97,54,13,18,5,22
frame=2,2,68,134,14,18,5,22
frame=2,3,69,115,14,18,4,22
frame=2,4,108,128,12,18,3,22
frame=2,5,176,177,14,17,4,21
frame=2,6,160,68,15,17,5,21
frame=2,7,178,85,13,17,5,21
frame=3,0,202,102,12,17,4,21
frame=3,1,109,109,12,18,4,22
frame=3,2,98,36,13,18,4,21
frame=3,3,25,41,15,19,5,22
frame=3,4,0,124,13,19,4,22
frame=3,5,115,90,12,18,3,21
frame=3,6,214,80,14,16,5,20
frame=3,7,164,34,14,17,5,21
frame=4,0,188,68,13,17,4,20
frame=4,1,109,184,11,18,4,21
frame=4,2,72,212,13,18,4,21
frame=4,3,40,216,16,18,6,21
frame=4,4,99,0,13,18,4,21
frame=4,5,202,119,12,17,3,20
frame=4,6,228,83,14,16,5,20
frame=4,7,154,17,16,17,6,20
frame=5,0,202,136,12,17,4,21
frame=5,1,12,200,12,19,4,22
frame=5,2,99,18,13,18,4,21
frame=5,3,28,20,15,19,5,22
frame=5,4,12,219,12,19,3,22
frame=5,5,214,173,12,16,3,20
frame=5,6,233,51,15,16,5,20
frame=5,7,164,51,14,17,5,21
frame=6,0,110,202,11,18,4,22
frame=6,1,84,170,13,18,5,22
frame=6,2,53,140,15,18,5,22
frame=6,3,75,94,14,18,4,22
frame=6,4,118,72,12,18,3,22
frame=6,5,170,0,14,17,4,21
frame=6,6,121,219,15,17,5,21
frame=6,7,173,119,13,17,5,21
frame=7,0,13,124,12,19,4,22
frame=7,1,25,60,14,19,5,22
frame=7,2,170,17,14,17,5,21
frame=7,3,19,103,12,19,3,22
frame=7,4,179,136,13,17,4,21
frame=7,5,136,219,15,17,5,21
frame=7,6,228,115,13,16,4,20
frame=7,7,123,54,12,18,4,21

[die]
frames=6
duration=800ms
type=play_once
frame=0,0,135,54,12,18,4,22
frame=0,1,159,123,14,17,5,21
frame=0,2,201,68,13,17,4,21
frame=0,3,43,19,11,19,2,22
frame=0,4,202,170,12,17,3,21
frame=0,5,228,99,14,16,4,20
frame=0,6,112,18,13,18,4,21
frame=0,7,133,108,11,18,4,21
frame=1,0,139,90,11,18,6,21
frame=1,1,186,119,13,17,6,21
frame=1,2,204,34,13,17,4,21
frame=1,3,226,164,12,17,2,21
frame=1,4,204,51,13,17,2,20
frame=1,5,214,112,14,16,3,19
frame=1,6,165,140,14,17,5,19
frame=1,7,213,206,11,17,5,19
frame=2,0,174,231,11,13,11,15
frame=2,1,72,230,12,14,10,17
frame=2,2,202,220,11,14,4,18
frame=2,3,236,202,11,14,-1,17
frame=2,4,84,230,12,14,-2,15
frame=2,5,214,144,13,12,0,11
frame=2,6,226,181,12,12,5,10
frame=2,7,192,150,10,13,9,12
frame=3,0,241,115,9,14,10,16
frame=3,1,192,136,10,14,6,18
frame=3,2,190,180,12,14,0,17
frame=3,3,238,171,12,14,-3,15
frame=3,4,224,210,11,13,-2,12
frame=3,5,240,142,10,12,1,9
frame=3,6,224,223,10,11,9,9
frame=3,7,235,216,11,12,12,12
frame=4,0,234,228,9,11,10,14
frame=4,1,241,129,9,13,4,16
frame=4,2,213,228,11,12,-2,14
frame=4,3,24,234,12,10,-4,10
frame=4,4,163,233,11,11,-2,6
frame=4,5,242,83,8,11,3,5
frame=4,6,36,234,10,10,11,6
frame=4,7,151,233,12,11,14,10
frame=5,0,242,94,8,9,10,12
frame=5,1,54,234,7,10,2,13
frame=5,2,132,236,10,8,-4,10
frame=5,3,61,234,11,9,-5,6
frame=5,4,46,234,8,10,-2,3
frame=5,5,142,236,8,8,5,2
frame=5,6,202,234,10,9,13,4
frame=5,7,121,236,11,8,16,7

[cast]
frames=4
duration=400ms
type=play_once
frame=0,0,0,143,13,19,4,22
frame=0,1,148,161,15,17,5,21
frame=0,2,150,143,15,17,5,21
frame=0,3,34,79,11,19,3,22
frame=0,4,125,18,12,18,3,21
frame=0,5,159,106,14,17,5,21
frame=0,6,84,36,14,18,5,21
frame=0,7,109,166,12,18,4,21
frame=1,0,27,0,13,20,4,24
frame=1,1,24,162,19,18,6,22
frame=1,2,35,141,18,18,6,22
frame=1,3,111,146,12,18,3,22
frame=1,4,95,130,13,18,4,22
frame=1,5,36,122,18,18,7,22
frame=1,6,42,98,18,18,7,22
frame=1,7,0,43,12,21,4,24
frame=2,0,0,22,15,21,4,25
frame=2,1,0,105,19,19,7,23
frame=2,2,55,0,17,18,6,22
frame=2,3,121,164,11,18,3,22
frame=2,4,96,110,13,18,4,22
frame=2,5,16,84,18,19,6,23
frame=2,6,12,0,15,21,4,25
frame=2,7,0,0,12,22,4,25
frame=3,0,0,162,13,19,3,22
frame=3,1,24,180,17,18,5,21
frame=3,2,24,198,17,18,5,21
frame=3,3,39,60,11,19,3,22
frame=3,4,120,127,12,18,4,21
frame=3,5,131,182,16,17,7,21
frame=3,6,41,180,16,18,7,22
frame=3,7,123,145,11,18,3,22

[swing]
frames=4
duration=400ms
type=play_once
frame=0,0,12,43,13,20,4,24
frame=0,1,0,85,16,20,5,23
frame=0,2,54,116,15,18,4,21
frame=0,3,124,36,12,18,3,21
frame=0,4,125,0,12,18,4,21
frame=0,5,181,194,14,17,5,21
frame=0,6,11,64,14,20,5,23
frame=0,7,0,64,11,21,3,24
frame=1,0,31,103,11,19,5,21
frame=1,1,15,21,13,20,6,23
frame=1,2,54,19,17,18,6,22
frame=1,3,60,97,15,18,3,21
frame=1,4,191,34,13,17,2,20
frame=1,5,202,187,12,16,2,19
frame=1,6,137,199,15,17,5,19
frame=1,7,78,74,14,18,7,20
frame=2,0,191,51,13,17,9,20
frame=2,1,202,203,11,17,6,21
frame=2,2,181,211,14,17,5,21
frame=2,3,121,202,16,17,4,21
frame=2,4,197,0,13,17,1,20
frame=2,5,202,153,12,17,1,18
frame=2,6,214,128,13,16,4,17
frame=2,7,222,0,16,16,8,18
frame=3,0,217,64,15,16,7,20
frame=3,1,120,184,11,18,5,22
frame=3,2,86,151,13,18,4,22
frame=3,3,147,180,15,17,4,21
frame=3,4,83,55,14,18,3,21
frame=3,5,190,163,12,17,2,19
frame=3,6,227,131,13,16,4,19
frame=3,7,222,16,16,16,7,19

[hit]
frames=2
duration=133ms
type=play_once
frame=0,0,135,54,12,18,4,22
frame=0,1,159,123,14,17,5,21
frame=0,2,201,68,13,17,4,21
frame=0,3,43,19,11,19,2,22
frame=0,4,202,170,12,17,3,21
frame=0,5,228,99,14,16,4,20
frame=0,6,112,18,13,18,4,21
frame=0,7,133,108,11,18,4,21
frame=1,0,139,90,11,18,6,21
frame=1,1,186,119,13,17,6,21
frame=1,2,204,34,13,17,4,21
frame=1,3,226,164,12,17,2,21
frame=1,4,204,51,13,17,2,20
frame=1,5,214,112,14,16,3,19
frame=1,6,165,140,14,17,5,19
frame=1,7,213,206,11,17,5,19

[block]
frames=2
duration=66ms
type=play_once
frame=0,0,84,188,13,18,5,21
frame=0,1,69,37,15,18,6,21
frame=0,2,85,206,13,18,4,21
frame=0,3,132,126,11,18,3,21
frame=0,4,214,96,14,16,4,20
frame=0,5,217,48,16,16,5,20
frame=0,6,96,224,13,18,4,21
frame=0,7,214,156,12,17,4,20
frame=1,0,43,159,16,18,7,21
frame=1,1,132,163,16,17,7,20
frame=1,2,112,0,13,18,4,21
frame=1,3,225,193,11,17,3,20
frame=1,4,134,144,16,17,5,20
frame=1,5,143,126,16,17,5,20
frame=1,6,191,85,13,17,4,20
frame=1,7,204,85,10,17,3,20
