
image=images/avatar/female/plate_greaves.png

[stance]
frames=4
duration=800ms
type=back_forth
frame=0,0,987,13,9,12,3,14
frame=0,1,105,14,10,11,4,13
frame=0,2,427,0,10,13,3,15
frame=0,3,188,0,8,14,2,15
frame=0,4,887,0,9,13,2,14
frame=0,5,737,13,10,12,3,14
frame=0,6,747,13,10,12,3,13
frame=0,7,1077,13,8,12,2,13
frame=1,0,757,13,10,12,3,14
frame=1,1,115,14,10,11,3,13
frame=1,2,80,0,9,14,3,15
frame=1,3,196,0,8,14,2,15
frame=1,4,896,0,9,13,2,14
frame=1,5,437,0,10,13,3,14
frame=1,6,767,13,10,12,3,13
frame=1,7,1085,13,8,12,2,13
frame=2,0,777,13,10,12,3,14
frame=2,1,787,13,10,12,3,13
frame=2,2,905,0,9,13,3,14
frame=2,3,204,0,8,14,2,15
frame=2,4,914,0,9,13,3,14
frame=2,5,447,0,10,13,3,14
frame=2,6,797,13,10,12,3,13
frame=2,7,1093,13,8,12,2,13
frame=3,0,807,13,10,12,3,14
frame=3,1,125,14,10,11,4,13
frame=3,2,923,0,9,13,3,14
frame=3,3,212,0,8,14,3,15
frame=3,4,932,0,9,13,3,14
frame=3,5,457,0,10,13,3,14
frame=3,6,467,0,10,13,3,14
frame=3,7,1101,13,8,12,2,13

[run]
frames=8
duration=533ms
type=looped
frame=0,0,495,13,11,12,5,13
frame=0,1,89,0,9,14,3,14
frame=0,2,477,0,10,13,3,14
frame=0,3,506,13,11,12,4,14
frame=0,4,284,0,11,13,3,14
frame=0,5,941,0,9,13,3,13
frame=0,6,487,0,10,13,3,13
frame=0,7,315,13,12,12,5,14
frame=1,0,950,0,9,13,3,14
frame=1,1,98,0,9,14,2,14
frame=1,2,295,0,11,13,3,14
frame=1,3,817,13,10,12,3,14
frame=1,4,1109,13,8,12,2,13
frame=1,5,959,0,9,13,3,14
frame=1,6,497,0,10,13,3,14
frame=1,7,507,0,10,13,4,14
frame=2,0,220,0,8,14,2,15
frame=2,1,517,0,10,13,3,15
frame=2,2,517,13,11,12,3,14
frame=2,3,527,0,10,13,3,14
frame=2,4,1117,13,8,12,2,14
frame=2,5,968,0,9,13,3,14
frame=2,6,537,0,10,13,3,14
frame=2,7,0,0,10,14,3,15
frame=3,0,827,13,10,12,4,13
frame=3,1,327,13,12,12,5,14
frame=3,2,528,13,11,12,3,14
frame=3,3,977,0,9,13,3,14
frame=3,4,837,13,10,12,3,13
frame=3,5,539,13,11,12,4,14
frame=3,6,547,0,10,13,3,14
frame=3,7,10,0,10,14,3,14
frame=4,0,306,0,11,13,5,14
frame=4,1,339,13,12,12,5,14
frame=4,2,557,0,10,13,3,14
frame=4,3,107,0,9,14,3,14
frame=4,4,550,13,11,12,3,13
frame=4,5,351,13,12,12,4,14
frame=4,6,567,0,10,13,3,13
frame=4,7,986,0,9,13,3,13
frame=5,0,996,13,9,12,3,13
frame=5,1,847,13,10,12,4,14
frame=5,2,857,13,10,12,3,14
frame=5,3,995,0,9,13,3,14
frame=5,4,1125,13,8,12,2,13
frame=5,5,867,13,10,12,3,14
frame=5,6,577,0,10,13,3,14
frame=5,7,587,0,10,13,3,14
frame=6,0,1103,0,8,13,2,14
frame=6,1,597,0,10,13,3,14
frame=6,2,607,0,10,13,4,14
frame=6,3,617,0,10,13,3,15
frame=6,4,1111,0,8,13,2,15
frame=6,5,20,0,10,14,3,15
frame=6,6,317,0,11,13,3,14
frame=6,7,877,13,10,12,3,14
frame=7,0,887,13,10,12,4,13
frame=7,1,116,0,9,14,3,14
frame=7,2,328,0,11,13,4,14
frame=7,3,561,13,11,12,4,14
frame=7,4,897,13,10,12,3,13
frame=7,5,125,0,9,14,3,14
frame=7,6,627,0,10,13,3,14
frame=7,7,637,0,10,13,4,14

[shoot]
frames=4
duration=400ms
type=play_once
frame=0,0,363,13,12,12,5,13
frame=0,1,0,14,12,11,5,13
frame=0,2,1004,0,9,13,3,14
frame=0,3,1119,0,8,13,2,14
frame=0,4,907,13,10,12,3,13
frame=0,5,572,13,11,12,3,13
frame=0,6,647,0,10,13,3,12
frame=0,7,1013,0,9,13,3,13
frame=1,0,289,13,13,12,6,13
frame=1,1,12,14,12,11,6,13
frame=1,2,1005,13,9,12,3,14
frame=1,3,1127,0,8,13,2,14
frame=1,4,583,13,11,12,3,13
frame=1,5,339,0,11,13,3,13
frame=1,6,657,0,10,13,3,13
frame=1,7,30,0,10,14,4,14
frame=2,0,375,13,12,12,6,13
frame=2,1,24,14,12,11,6,13
frame=2,2,667,0,10,13,3,14
frame=2,3,1022,0,9,13,2,14
frame=2,4,594,13,11,12,3,13
frame=2,5,605,13,11,12,3,13
frame=2,6,677,0,10,13,3,13
frame=2,7,40,0,10,14,4,14
frame=3,0,387,13,12,12,5,14
frame=3,1,399,13,12,12,5,14
frame=3,2,687,0,10,13,3,14
frame=3,3,1135,0,8,13,2,14
frame=3,4,616,13,11,12,3,13
frame=3,5,350,0,11,13,3,14
frame=3,6,697,0,10,13,3,13
frame=3,7,134,0,9,14,3,14

[cast]
frames=4
duration=400ms
type=play_once
frame=0,0,1014,13,9,12,3,14
frame=0,1,917,13,10,12,4,14
frame=0,2,707,0,10,13,3,15
frame=0,3,228,0,8,14,2,15
frame=0,4,143,0,9,14,2,14
frame=0,5,927,13,10,12,3,14
frame=0,6,937,13,10,12,3,13
frame=0,7,1133,13,8,12,2,13
frame=1,0,717,0,10,13,3,15
frame=1,1,627,13,11,12,4,15
frame=1,2,50,0,10,14,3,15
frame=1,3,236,0,8,14,2,15
frame=1,4,60,0,10,14,3,15
frame=1,5,727,0,10,13,3,15
frame=1,6,737,0,10,13,3,14
frame=1,7,1143,0,8,13,2,14
frame=2,0,747,0,10,13,3,15
frame=2,1,638,13,11,12,4,15
frame=2,2,152,0,9,14,3,15
frame=2,3,244,0,8,14,2,15
frame=2,4,70,0,10,14,3,15
frame=2,5,757,0,10,13,3,15
frame=2,6,767,0,10,13,3,14
frame=2,7,1151,0,8,13,2,14
frame=3,0,947,13,10,12,3,14
frame=3,1,649,13,11,12,4,14
frame=3,2,777,0,10,13,3,14
frame=3,3,252,0,8,14,3,15
frame=3,4,161,0,9,14,3,14
frame=3,5,787,0,10,13,4,14
frame=3,6,797,0,10,13,3,14
frame=3,7,1159,0,8,13,2,14

[die]
frames=6
duration=800ms
type=play_once
frame=0,0,660,13,11,12,5,14
frame=0,1,72,14,11,11,4,14
frame=0,2,807,0,10,13,3,15
frame=0,3,260,0,8,14,2,15
frame=0,4,170,0,9,14,2,14
frame=0,5,361,0,11,13,3,14
frame=0,6,817,0,10,13,3,13
frame=0,7,1167,0,8,13,3,14
frame=1,0,411,13,12,12,7,13
frame=1,1,162,14,12,10,6,13
frame=1,2,135,14,10,11,3,14
frame=1,3,1023,13,9,12,2,14
frame=1,4,372,0,11,13,2,13
frame=1,5,671,13,11,12,3,12
frame=1,6,383,0,11,13,4,12
frame=1,7,827,0,10,13,5,12
frame=2,0,154,14,8,11,8,8
frame=2,1,201,14,11,9,8,10
frame=2,2,1189,13,10,7,5,10
frame=2,3,237,14,7,9,-1,10
frame=2,4,1141,13,7,8,-2,7
frame=2,5,212,14,9,9,0,6
frame=2,6,221,14,8,9,3,5
frame=2,7,186,14,8,10,7,5
frame=3,0,194,14,7,10,8,8
frame=3,1,269,14,11,8,8,9
frame=3,2,1167,13,11,7,4,10
frame=3,3,1148,13,7,8,-2,9
frame=3,4,1155,13,6,8,-3,7
frame=3,5,1191,0,10,7,1,4
frame=3,6,280,14,9,8,5,4
frame=3,7,244,14,7,9,8,6
frame=4,0,229,14,8,9,9,7
frame=4,1,257,14,12,8,9,9
frame=4,2,1199,13,10,7,4,9
frame=4,3,1217,14,6,7,-2,7
frame=4,4,1209,7,8,7,-2,5
frame=4,5,1209,14,8,7,-1,4
frame=4,6,1201,0,10,7,5,4
frame=4,7,251,14,6,9,7,5
frame=5,0,1217,7,8,7,9,7
frame=5,1,1178,13,11,7,8,8
frame=5,2,1211,0,9,7,2,8
frame=5,3,1223,14,6,7,-3,6
frame=5,4,1201,7,8,6,-2,3
frame=5,5,1191,7,10,6,1,2
frame=5,6,1220,0,9,7,6,3
frame=5,7,1161,13,6,8,8,5

[swing]
frames=4
duration=400ms
type=play_once
frame=0,0,682,13,11,12,4,13
frame=0,1,83,14,11,11,4,14
frame=0,2,1031,0,9,13,3,14
frame=0,3,268,0,8,14,2,15
frame=0,4,1040,0,9,13,3,14
frame=0,5,957,13,10,12,3,14
frame=0,6,837,0,10,13,3,13
frame=0,7,1032,13,9,12,3,13
frame=1,0,423,13,12,12,7,13
frame=1,1,435,13,12,12,6,13
frame=1,2,1049,0,9,13,3,14
frame=1,3,179,0,9,14,2,14
frame=1,4,447,13,12,12,3,13
frame=1,5,693,13,11,12,3,12
frame=1,6,847,0,10,13,3,12
frame=1,7,857,0,10,13,5,13
frame=2,0,174,14,12,10,8,11
frame=2,1,36,14,12,11,7,13
frame=2,2,1058,0,9,13,3,14
frame=2,3,1067,0,9,13,1,14
frame=2,4,302,13,13,12,2,12
frame=2,5,459,13,12,12,3,12
frame=2,6,967,13,10,12,3,10
frame=2,7,1041,13,9,12,5,11
frame=3,0,704,13,11,12,7,14
frame=3,1,471,13,12,12,6,14
frame=3,2,1076,0,9,13,3,14
frame=3,3,276,0,8,14,1,15
frame=3,4,715,13,11,12,2,13
frame=3,5,483,13,12,12,3,13
frame=3,6,867,0,10,13,3,12
frame=3,7,1050,13,9,12,4,12

[hit]
frames=2
duration=133ms
type=play_once
frame=0,0,660,13,11,12,5,14
frame=0,1,72,14,11,11,4,14
frame=0,2,807,0,10,13,3,15
frame=0,3,260,0,8,14,2,15
frame=0,4,170,0,9,14,2,14
frame=0,5,361,0,11,13,3,14
frame=0,6,817,0,10,13,3,13
frame=0,7,1167,0,8,13,3,14
frame=1,0,411,13,12,12,7,13
frame=1,1,162,14,12,10,6,13
frame=1,2,135,14,10,11,3,14
frame=1,3,1023,13,9,12,2,14
frame=1,4,372,0,11,13,2,13
frame=1,5,671,13,11,12,3,12
frame=1,6,383,0,11,13,4,12
frame=1,7,827,0,10,13,5,12

[block]
frames=2
duration=66ms
type=play_once
frame=0,0,726,13,11,12,5,13
frame=0,1,94,14,11,11,5,14
frame=0,2,1059,13,9,12,3,14
frame=0,3,1175,0,8,13,2,14
frame=0,4,1085,0,9,13,3,14
frame=0,5,394,0,11,13,3,14
frame=0,6,877,0,10,13,3,13
frame=0,7,1094,0,9,13,3,13
frame=1,0,48,14,12,11,5,12
frame=1,1,60,14,12,11,5,13
frame=1,2,145,14,9,11,3,13
frame=1,3,1183,0,8,13,3,14
frame=1,4,405,0,11,13,3,13
frame=1,5,416,0,11,13,4,13
frame=1,6,977,13,10,12,3,12
frame=1,7,1068,13,9,12,3,12
