
image=images/avatar/female/slingshot.png

[stance]
frames=4
duration=6
type=back_forth
frame=0,0,22,56,9,8,7,10
frame=0,1,261,32,8,10,8,12
frame=0,2,317,44,6,9,5,15
frame=0,3,58,55,9,9,2,14
frame=0,4,315,18,8,9,-3,14
frame=0,5,262,42,8,10,-4,12
frame=0,6,318,53,6,9,-2,9
frame=0,7,67,55,9,9,3,9
frame=1,0,31,56,9,8,7,10
frame=1,1,263,52,8,10,8,12
frame=1,2,323,44,6,9,5,15
frame=1,3,236,55,9,9,2,14
frame=1,4,320,9,8,9,-2,14
frame=1,5,258,0,8,10,-4,12
frame=1,6,329,8,7,9,-1,9
frame=1,7,245,55,9,9,3,9
frame=2,0,40,56,9,8,6,10
frame=2,1,258,10,8,10,8,12
frame=2,2,324,53,6,9,5,15
frame=2,3,254,55,9,9,3,14
frame=2,4,321,0,8,9,-2,14
frame=2,5,266,0,8,10,-3,12
frame=2,6,336,9,7,9,-2,10
frame=2,7,297,20,9,9,3,9
frame=3,0,302,10,9,9,6,10
frame=3,1,266,10,8,10,8,12
frame=3,2,346,0,5,9,5,15
frame=3,3,323,18,5,9,-1,15
frame=3,4,266,20,8,10,-2,14
frame=3,5,269,30,8,10,-3,12
frame=3,6,328,17,7,9,-2,10
frame=3,7,303,0,9,9,3,9

[run]
frames=8
duration=2
type=looped
frame=0,0,137,0,6,14,9,16
frame=0,1,128,14,7,14,10,20
frame=0,2,131,40,6,14,5,22
frame=0,3,96,14,8,14,-2,22
frame=0,4,130,0,7,14,-7,20
frame=0,5,161,0,8,13,-7,16
frame=0,6,103,28,9,12,-2,13
frame=0,7,158,26,8,13,5,13
frame=1,0,193,52,8,12,8,14
frame=1,1,162,13,8,13,10,17
frame=1,2,16,34,3,6,6,20
frame=1,3,214,0,6,12,-2,20
frame=1,4,169,0,8,13,-5,19
frame=1,5,235,0,8,11,-6,15
frame=1,6,235,11,8,11,-3,12
frame=1,7,233,33,8,11,3,12
frame=2,0,148,53,9,11,6,12
frame=2,1,191,0,8,12,8,15
frame=2,2,285,30,7,10,7,17
frame=2,3,276,60,4,4,-2,10
frame=2,4,112,28,9,12,-2,18
frame=2,5,157,53,9,11,-4,15
frame=2,6,286,40,7,10,-4,12
frame=2,7,270,40,8,10,2,11
frame=3,0,299,29,9,9,3,10
frame=3,1,53,30,9,10,6,12
frame=3,2,244,22,7,11,7,14
frame=3,3,271,50,8,10,4,16
frame=3,4,335,44,5,9,-2,15
frame=3,5,274,0,8,10,-2,14
frame=3,6,287,50,7,10,-3,12
frame=3,7,343,9,7,9,0,10
frame=4,0,306,19,9,9,2,10
frame=4,1,62,30,9,10,5,11
frame=4,2,290,0,7,10,6,12
frame=4,3,335,18,7,9,5,14
frame=4,4,318,36,7,8,4,13
frame=4,5,328,26,7,9,-2,14
frame=4,6,290,10,7,10,-3,13
frame=4,7,342,18,7,9,-1,11
frame=5,0,311,9,9,9,4,10
frame=5,1,71,30,9,10,6,12
frame=5,2,241,44,7,11,7,14
frame=5,3,301,47,8,9,4,16
frame=5,4,336,53,5,9,-2,15
frame=5,5,274,10,8,10,-2,14
frame=5,6,290,20,7,10,-3,12
frame=5,7,318,27,7,9,0,10
frame=6,0,274,20,8,10,7,12
frame=6,1,202,24,7,12,8,15
frame=6,2,207,0,7,12,6,17
frame=6,3,280,60,4,4,-2,10
frame=6,4,121,28,9,12,-2,17
frame=6,5,226,0,9,11,-4,15
frame=6,6,277,30,8,10,-3,12
frame=6,7,278,40,8,10,2,11
frame=7,0,191,12,8,12,9,14
frame=7,1,165,39,8,13,10,18
frame=7,2,185,0,6,13,6,20
frame=7,3,181,39,7,13,-2,20
frame=7,4,166,26,8,13,-5,19
frame=7,5,194,24,8,12,-6,15
frame=7,6,236,22,8,11,-3,12
frame=7,7,233,44,8,11,4,12

[shoot]
frames=4
duration=3
type=play_once
frame=0,0,142,14,11,13,12,16
frame=0,1,143,0,9,13,9,19
frame=0,2,98,0,8,14,2,21
frame=0,3,148,27,10,13,-4,20
frame=0,4,80,28,13,12,-4,16
frame=0,5,143,40,12,13,-2,13
frame=0,6,173,39,8,13,1,13
frame=0,7,78,14,9,14,9,14
frame=1,0,34,40,12,16,12,21
frame=1,1,48,15,14,15,9,25
frame=1,2,11,40,9,18,0,27
frame=1,3,0,40,11,18,-5,25
frame=1,4,20,40,14,16,-5,21
frame=1,5,58,0,14,15,-1,17
frame=1,6,38,16,10,16,3,16
frame=1,7,46,40,9,16,10,18
frame=2,0,41,0,17,15,12,21
frame=2,1,20,17,18,16,9,25
frame=2,2,0,0,12,20,1,26
frame=2,3,0,20,12,20,-4,24
frame=2,4,24,0,17,16,-1,20
frame=2,5,72,0,17,14,3,16
frame=2,6,12,0,12,17,5,17
frame=2,7,12,17,8,17,10,19
frame=3,0,71,15,7,15,13,19
frame=3,1,124,40,7,14,10,22
frame=3,2,155,40,10,13,3,24
frame=3,3,152,0,9,13,-6,21
frame=3,4,178,13,7,13,-11,17
frame=3,5,130,28,9,12,-6,13
frame=3,6,93,28,10,12,3,12
frame=3,7,170,13,8,13,10,14

[cast]
frames=4
duration=3
type=play_once
frame=0,0,76,54,9,10,9,11
frame=0,1,243,0,8,11,11,14
frame=0,2,214,12,6,12,7,18
frame=0,3,85,54,9,10,2,17
frame=0,4,226,11,9,11,-3,17
frame=0,5,94,54,9,10,-6,13
frame=0,6,292,30,7,10,-4,10
frame=0,7,309,37,8,9,3,9
frame=1,0,195,39,8,12,8,13
frame=1,1,100,40,8,14,12,17
frame=1,2,104,14,8,14,11,22
frame=1,3,106,0,8,14,3,24
frame=1,4,72,40,10,14,-4,23
frame=1,5,87,14,9,14,-9,20
frame=1,6,177,0,8,13,-8,15
frame=1,7,139,28,9,12,0,12
frame=2,0,89,0,9,14,7,15
frame=2,1,108,40,8,14,12,18
frame=2,2,64,40,8,15,12,23
frame=2,3,82,40,9,14,5,26
frame=2,4,55,40,9,15,-4,26
frame=2,5,62,15,9,15,-10,22
frame=2,6,112,14,8,14,-9,18
frame=2,7,91,40,9,14,-2,14
frame=3,0,207,12,7,12,8,14
frame=3,1,189,26,5,13,7,17
frame=3,2,103,54,9,10,5,17
frame=3,3,209,24,7,12,-2,19
frame=3,4,243,11,8,11,-4,16
frame=3,5,248,44,7,11,-5,14
frame=3,6,112,54,9,10,0,12
frame=3,7,224,36,9,11,5,12

[die]
frames=6
duration=4
type=play_once
frame=0,0,312,0,9,9,8,10
frame=0,1,293,40,7,10,8,13
frame=0,2,256,33,5,11,4,15
frame=0,3,297,10,5,10,-2,15
frame=0,4,309,46,8,9,-3,13
frame=0,5,279,50,8,10,-4,11
frame=0,6,329,44,6,9,-1,9
frame=0,7,310,55,8,9,4,9
frame=1,0,44,32,9,8,9,9
frame=1,1,335,27,7,9,8,12
frame=1,2,340,41,5,9,3,14
frame=1,3,330,53,6,9,-3,14
frame=1,4,338,0,8,9,-5,12
frame=1,5,342,27,7,9,-5,9
frame=1,6,332,36,6,8,0,7
frame=1,7,49,56,9,8,6,7
frame=2,0,217,60,6,4,13,4
frame=2,1,341,50,4,5,11,8
frame=2,2,20,33,1,1,3,11
frame=2,3,345,46,5,5,-6,10
frame=2,4,30,33,7,5,-8,5
frame=2,5,345,36,6,5,-7,1
frame=2,6,345,51,5,5,0,-1
frame=2,7,345,41,6,5,9,0
frame=3,0,223,60,6,4,11,4
frame=3,1,271,60,5,4,9,7
frame=3,2,19,34,3,6,3,10
frame=3,3,194,36,6,3,-3,7
frame=3,4,284,60,4,4,-8,5
frame=3,5,0,58,6,6,-5,3
frame=3,6,345,56,5,5,0,0
frame=3,7,12,58,5,6,7,2
frame=4,0,37,33,7,5,7,6
frame=4,1,229,58,7,5,6,8
frame=4,2,22,33,5,7,2,9
frame=4,3,296,60,2,4,-2,9
frame=4,4,30,38,5,2,-2,7
frame=4,5,206,36,5,3,-1,5
frame=4,6,288,60,4,4,1,5
frame=4,7,12,34,4,6,4,6
frame=5,0,6,58,6,6,5,7
frame=5,1,338,36,7,5,3,8
frame=5,2,292,60,4,4,0,8
frame=5,3,298,60,1,4,-3,7
frame=5,4,17,58,5,6,-1,5
frame=5,5,200,36,6,3,2,4
frame=5,6,341,55,4,5,4,4
frame=5,7,27,33,3,6,4,6

[swing]
frames=4
duration=3
type=play_once
frame=0,0,251,22,6,11,10,14
frame=0,1,222,24,5,12,9,18
frame=0,2,201,51,8,12,4,20
frame=0,3,203,39,8,12,-2,20
frame=0,4,166,52,9,12,-6,17
frame=0,5,249,33,7,11,-6,13
frame=0,6,282,0,8,10,0,11
frame=0,7,121,54,9,10,6,11
frame=1,0,282,10,8,10,9,10
frame=1,1,255,44,7,11,11,14
frame=1,2,216,24,6,12,8,17
frame=1,3,301,56,9,8,3,16
frame=1,4,130,54,9,10,-4,17
frame=1,5,282,20,8,10,-8,13
frame=1,6,325,35,7,9,-5,9
frame=1,7,300,38,9,9,3,8
frame=2,0,308,28,9,9,4,9
frame=2,1,139,54,9,10,10,11
frame=2,2,251,0,7,11,10,15
frame=2,3,211,36,7,12,7,18
frame=2,4,329,0,9,8,1,16
frame=2,5,257,22,9,10,-5,16
frame=2,6,297,0,6,10,-8,12
frame=2,7,294,50,7,10,-3,10
frame=3,0,224,47,9,11,0,11
frame=3,1,227,22,9,11,6,12
frame=3,2,209,51,8,12,9,15
frame=3,3,185,13,6,13,8,18
frame=3,4,199,0,8,12,5,20
frame=3,5,218,36,6,12,-4,19
frame=3,6,175,52,9,12,-5,16
frame=3,7,251,11,7,11,-6,13

[hit]
frames=2
duration=2
type=play_once
frame=0,0,312,0,9,9,8,10
frame=0,1,293,40,7,10,8,13
frame=0,2,256,33,5,11,4,15
frame=0,3,297,10,5,10,-2,15
frame=0,4,309,46,8,9,-3,13
frame=0,5,279,50,8,10,-4,11
frame=0,6,329,44,6,9,-1,9
frame=0,7,310,55,8,9,4,9
frame=1,0,44,32,9,8,9,9
frame=1,1,335,27,7,9,8,12
frame=1,2,340,41,5,9,3,14
frame=1,3,330,53,6,9,-3,14
frame=1,4,338,0,8,9,-5,12
frame=1,5,342,27,7,9,-5,9
frame=1,6,332,36,6,8,0,7
frame=1,7,49,56,9,8,6,7

[block]
frames=2
duration=1
type=play_once
frame=0,0,220,0,6,12,10,17
frame=0,1,182,26,7,13,7,20
frame=0,2,188,39,7,13,-1,21
frame=0,3,174,26,8,13,-5,20
frame=0,4,184,52,9,12,-7,16
frame=0,5,241,33,8,11,-4,13
frame=0,6,199,12,8,12,3,12
frame=0,7,220,12,6,12,8,14
frame=1,0,137,40,6,14,7,21
frame=1,1,114,0,8,14,3,23
frame=1,2,120,14,8,14,-2,22
frame=1,3,122,0,8,14,-5,20
frame=1,4,153,13,9,13,-4,17
frame=1,5,116,40,8,14,0,16
frame=1,6,217,48,7,12,4,17
frame=1,7,135,14,7,14,8,19
