
image=images/avatar/female/wand.png

[stance]
frames=4
duration=800ms
type=back_forth
frame=0,0,5,1130,5,10,-1,16
frame=0,1,10,591,8,10,-4,14
frame=0,2,0,307,11,8,-4,10
frame=0,3,10,681,8,9,-2,9
frame=0,4,0,1138,5,10,3,9
frame=0,5,10,558,8,11,9,11
frame=0,6,9,922,9,8,11,13
frame=0,7,0,564,10,9,7,15
frame=1,0,10,1130,5,10,-1,16
frame=1,1,11,343,7,10,-5,14
frame=1,2,0,315,11,8,-4,11
frame=1,3,10,690,8,9,-2,9
frame=1,4,5,1140,5,10,3,9
frame=1,5,10,569,8,11,9,11
frame=1,6,9,930,9,8,11,13
frame=1,7,0,573,10,9,7,15
frame=2,0,0,1148,5,10,-2,16
frame=2,1,11,353,7,10,-5,15
frame=2,2,0,681,10,8,-4,11
frame=2,3,9,886,9,9,-2,9
frame=2,4,0,1069,6,11,3,9
frame=2,5,10,601,8,10,9,11
frame=2,6,0,931,9,8,11,13
frame=2,7,0,582,10,9,7,15
frame=3,0,0,1168,5,9,-2,15
frame=3,1,11,277,7,11,-5,15
frame=3,2,0,323,11,8,-4,11
frame=3,3,0,895,9,9,-3,9
frame=3,4,10,1140,5,10,2,9
frame=3,5,11,288,7,11,8,11
frame=3,6,9,895,9,9,11,13
frame=3,7,0,591,10,9,7,15

[run]
frames=8
duration=533ms
type=looped
frame=0,0,0,705,10,7,3,13
frame=0,1,6,1118,6,8,-2,12
frame=0,2,12,1122,6,8,-3,11
frame=0,3,9,938,9,8,0,9
frame=0,4,0,904,9,9,3,10
frame=0,5,5,1150,5,10,4,10
frame=0,6,0,1057,6,12,6,13
frame=0,7,10,699,8,9,6,13
frame=1,0,10,717,8,8,5,14
frame=1,1,10,1169,5,8,-2,13
frame=1,2,0,1080,6,10,-3,13
frame=1,3,0,939,9,8,-2,11
frame=1,4,0,600,10,9,1,10
frame=1,5,6,1080,6,10,3,10
frame=1,6,14,0,4,11,5,12
frame=1,7,9,836,9,10,8,13
frame=2,0,7,1017,7,9,9,16
frame=2,1,15,1144,3,3,-2,9
frame=2,2,6,1069,6,11,-3,17
frame=2,3,0,514,10,10,-4,14
frame=2,4,0,609,10,9,-3,11
frame=2,5,0,997,7,10,1,10
frame=2,6,12,1073,6,11,6,11
frame=2,7,0,618,10,9,10,13
frame=3,0,0,492,10,11,11,18
frame=3,1,15,1136,3,4,5,21
frame=3,2,12,189,6,14,-4,21
frame=3,3,0,466,10,13,-6,18
frame=3,4,0,503,10,11,-6,13
frame=3,5,10,611,8,10,-2,10
frame=3,6,0,1158,5,10,4,10
frame=3,7,0,845,9,10,11,13
frame=4,0,10,534,8,12,12,19
frame=4,1,14,1005,4,6,6,23
frame=4,2,12,159,6,15,-3,23
frame=4,3,0,795,9,15,-7,21
frame=4,4,0,479,10,13,-7,16
frame=4,5,9,814,9,11,-3,12
frame=4,6,13,126,5,11,4,12
frame=4,7,10,580,8,11,11,15
frame=5,0,0,823,9,11,11,18
frame=5,1,10,521,8,13,5,21
frame=5,2,12,174,6,15,-4,22
frame=5,3,9,801,9,13,-6,18
frame=5,4,9,825,9,11,-6,14
frame=5,5,10,621,8,10,-1,10
frame=5,6,13,137,5,11,5,11
frame=5,7,9,846,9,10,11,14
frame=6,0,7,1026,7,9,8,16
frame=6,1,14,1023,4,5,-2,11
frame=6,2,11,229,7,12,-3,17
frame=6,3,0,524,10,10,-4,14
frame=6,4,0,627,10,9,-3,11
frame=6,5,7,997,7,10,1,10
frame=6,6,11,299,7,11,6,12
frame=6,7,0,636,10,9,10,13
frame=7,0,0,331,11,8,5,14
frame=7,1,5,1170,5,8,-2,13
frame=7,2,6,1100,6,9,-3,13
frame=7,3,9,946,9,8,-1,11
frame=7,4,0,645,10,9,2,10
frame=7,5,12,1084,6,10,3,10
frame=7,6,6,1057,6,12,5,13
frame=7,7,0,855,9,10,7,13

[shoot]
frames=4
duration=400ms
type=play_once
frame=0,0,13,61,5,13,3,13
frame=0,1,12,203,6,13,5,14
frame=0,2,0,534,10,10,6,14
frame=0,3,9,962,9,7,3,12
frame=0,4,16,993,2,1,-5,6
frame=0,5,12,1104,6,9,-2,13
frame=0,6,0,1027,7,9,-2,11
frame=0,7,10,546,8,12,1,12
frame=1,0,13,74,5,13,3,13
frame=1,1,12,1061,6,12,5,14
frame=1,2,0,544,10,10,6,14
frame=1,3,0,963,9,7,3,12
frame=1,4,13,57,1,2,-6,7
frame=1,5,6,1109,6,9,-2,13
frame=1,6,10,631,8,10,-1,12
frame=1,7,11,241,7,12,1,12
frame=2,0,13,87,5,13,3,13
frame=2,1,11,253,7,12,6,14
frame=2,2,9,856,9,10,6,14
frame=2,3,8,975,8,7,3,12
frame=2,4,16,991,2,2,-5,7
frame=2,5,12,1113,6,9,-2,13
frame=2,6,10,641,8,10,-1,12
frame=2,7,11,265,7,12,1,12
frame=3,0,13,100,5,13,3,13
frame=3,1,11,216,7,13,5,14
frame=3,2,0,834,9,11,6,15
frame=3,3,9,969,9,6,3,12
frame=3,4,0,1177,5,9,-2,14
frame=3,5,0,1110,6,9,-2,13
frame=3,6,10,651,8,10,-1,12
frame=3,7,11,310,7,11,1,12

[cast]
frames=4
duration=400ms
type=play_once
frame=0,0,13,113,5,13,-1,21
frame=0,1,0,810,9,13,-6,19
frame=0,2,0,288,11,10,-7,14
frame=0,3,0,865,9,10,-4,10
frame=0,4,13,148,5,11,2,9
frame=0,5,0,1007,7,10,11,11
frame=0,6,0,298,11,9,13,15
frame=0,7,11,321,7,11,9,20
frame=1,0,0,739,9,19,-3,32
frame=1,1,9,745,9,19,-9,29
frame=1,2,0,777,9,18,-10,24
frame=1,3,10,401,8,18,-4,21
frame=1,4,10,455,8,17,4,21
frame=1,5,10,363,8,19,11,24
frame=1,6,10,382,8,19,11,28
frame=1,7,10,472,8,17,5,32
frame=2,0,9,783,9,18,-3,29
frame=2,1,0,119,13,19,-1,29
frame=2,2,0,57,13,21,1,29
frame=2,3,0,208,11,22,3,29
frame=2,4,0,355,10,23,4,30
frame=2,5,0,78,13,21,6,31
frame=2,6,0,20,14,19,5,31
frame=2,7,0,156,12,19,1,31
frame=3,0,0,450,10,16,-4,28
frame=3,1,10,489,8,16,-7,25
frame=3,2,0,271,11,17,-4,23
frame=3,3,0,252,11,19,2,22
frame=3,4,16,975,2,7,6,24
frame=3,5,0,719,9,20,9,26
frame=3,6,0,192,12,16,8,28
frame=3,7,0,175,12,17,3,29

[die]
frames=6
duration=800ms
type=play_once
frame=0,0,14,1043,4,4,-1,10
frame=0,1,0,1090,6,10,-4,15
frame=0,2,0,654,10,9,-4,12
frame=0,3,0,663,10,9,-2,9
frame=0,4,6,1090,6,10,1,9
frame=0,5,12,1094,6,10,6,10
frame=0,6,9,904,9,9,11,12
frame=0,7,0,1036,7,8,9,14
frame=1,0,0,947,9,8,5,14
frame=1,1,14,53,4,8,-3,13
frame=1,2,0,972,8,8,-5,12
frame=1,3,0,689,10,8,-3,9
frame=1,4,7,1035,7,9,-1,8
frame=1,5,14,33,4,10,3,8
frame=1,6,7,1007,7,10,9,11
frame=1,7,0,1044,7,8,10,12
frame=2,0,6,1126,6,4,13,6
frame=2,1,0,991,8,3,7,8
frame=2,2,15,1140,3,4,-3,9
frame=2,3,14,1047,4,4,-8,6
frame=2,4,0,994,8,3,-7,2
frame=2,5,7,1044,7,6,-1,1
frame=2,6,14,1054,3,7,4,0
frame=2,7,5,1178,5,7,11,4
frame=3,0,8,982,8,4,16,5
frame=3,1,7,1050,7,4,11,10
frame=3,3,14,1011,4,6,-9,9
frame=3,4,8,986,8,4,-10,3
frame=3,5,0,987,8,4,-5,-1
frame=3,6,14,1017,4,6,3,-2
frame=3,7,10,1177,5,6,12,1
frame=4,0,8,994,8,3,18,5
frame=4,1,14,1028,4,5,9,10
frame=4,2,13,59,1,1,-4,11
frame=4,3,5,1185,5,2,-13,6
frame=4,4,0,1052,7,3,-12,1
frame=4,5,14,1033,4,5,-6,-2
frame=4,6,14,1038,4,5,5,-3
frame=4,7,8,990,8,4,16,-1
frame=5,0,0,1055,7,2,18,4
frame=5,1,16,987,2,4,7,9
frame=5,2,14,1051,4,2,-4,9
frame=5,3,14,1053,4,1,-14,4
frame=5,4,7,1054,7,3,-12,-1
frame=5,5,16,982,2,5,-5,-5
frame=5,6,10,1183,5,4,8,-5
frame=5,7,0,970,9,2,19,-2

[swing]
frames=4
duration=400ms
type=play_once
frame=0,0,0,39,14,18,-2,29
frame=0,1,0,433,10,17,-5,26
frame=0,2,0,397,10,18,-2,25
frame=0,3,0,138,13,18,4,25
frame=0,4,0,99,13,20,8,28
frame=0,5,15,1130,3,6,7,30
frame=0,6,0,230,11,22,4,32
frame=0,7,0,0,14,20,1,32
frame=1,0,10,505,8,16,7,30
frame=1,1,9,725,9,20,1,32
frame=1,2,0,378,10,19,-6,30
frame=1,3,0,415,10,18,-9,26
frame=1,4,10,419,8,18,-7,22
frame=1,5,10,437,8,18,1,21
frame=1,6,0,758,9,19,8,23
frame=1,7,9,764,9,19,11,27
frame=2,0,0,697,10,8,18,13
frame=2,1,9,866,9,10,11,19
frame=2,2,14,11,4,11,-2,21
frame=2,3,0,875,9,10,-9,17
frame=2,4,0,339,11,8,-10,11
frame=2,5,10,661,8,10,-7,7
frame=2,6,14,22,4,11,3,6
frame=2,7,9,876,9,10,14,9
frame=3,0,0,913,9,9,12,12
frame=3,1,0,980,8,7,8,14
frame=3,2,15,1147,3,3,-3,10
frame=3,3,0,1119,6,8,-6,13
frame=3,4,9,913,9,9,-6,10
frame=3,5,0,1100,6,10,-4,7
frame=3,6,14,43,4,10,2,7
frame=3,7,11,332,7,11,10,10

[hit]
frames=2
duration=133ms
type=play_once
frame=0,0,14,1043,4,4,-1,10
frame=0,1,0,1090,6,10,-4,15
frame=0,2,0,654,10,9,-4,12
frame=0,3,0,663,10,9,-2,9
frame=0,4,6,1090,6,10,1,9
frame=0,5,12,1094,6,10,6,10
frame=0,6,9,904,9,9,11,12
frame=0,7,0,1036,7,8,9,14
frame=1,0,0,947,9,8,5,14
frame=1,1,14,53,4,8,-3,13
frame=1,2,0,972,8,8,-5,12
frame=1,3,0,689,10,8,-3,9
frame=1,4,7,1035,7,9,-1,8
frame=1,5,14,33,4,10,3,8
frame=1,6,7,1007,7,10,9,11
frame=1,7,0,1044,7,8,10,12

[block]
frames=2
duration=66ms
type=play_once
frame=0,0,10,1160,5,9,-2,15
frame=0,1,10,671,8,10,-5,14
frame=0,2,0,347,11,8,-4,10
frame=0,3,0,554,10,10,0,9
frame=0,4,10,1150,5,10,4,9
frame=0,5,0,1127,5,11,9,11
frame=0,6,9,954,9,8,11,13
frame=0,7,0,672,10,9,6,15
frame=1,0,14,997,4,8,-4,14
frame=1,1,10,708,8,9,-6,13
frame=1,2,0,712,10,7,-4,9
frame=1,3,0,885,9,10,1,8
frame=1,4,5,1160,5,10,5,8
frame=1,5,0,1017,7,10,10,11
frame=1,6,0,922,9,9,11,14
frame=1,7,0,955,9,8,5,15
