# grassland area with cliffs, water, and some buildings

img=images/tilesets/tileset_grassland.png

# grass tiles (use in a 4x4 repeating grid for best results)
tile=16,0,0,32,16,16,8
tile=17,32,0,32,16,16,8
tile=18,64,0,32,16,16,8
tile=19,96,0,32,16,16,8
tile=20,128,0,32,16,16,8
tile=21,160,0,32,16,16,8
tile=22,192,0,32,16,16,8
tile=23,224,0,32,16,16,8
tile=24,256,0,32,16,16,8
tile=25,288,0,32,16,16,8
tile=26,320,0,32,16,16,8
tile=27,352,0,32,16,16,8
tile=28,384,0,32,16,16,8
tile=29,416,0,32,16,16,8
tile=30,448,0,32,16,16,8
tile=31,480,0,32,16,16,8

# old stonework path
tile=32,0,16,32,16,16,8
tile=33,32,16,32,16,16,8
tile=34,64,16,32,16,16,8
tile=35,96,16,32,16,16,8
tile=36,128,16,32,16,16,8
tile=37,160,16,32,16,16,8
tile=38,192,16,32,16,16,8
tile=39,224,16,32,16,16,8
tile=40,256,16,32,16,16,8
tile=41,288,16,32,16,16,8
tile=42,320,16,32,16,16,8
tile=43,352,16,32,16,16,8
tile=44,384,16,32,16,16,8
tile=45,416,16,32,16,16,8
tile=46,448,16,32,16,16,8
tile=47,480,16,32,16,16,8

# cliffs
tile=48,0,32,32,48,16,40
tile=49,32,32,32,48,16,40
tile=50,64,32,32,48,16,40
tile=51,96,32,32,48,16,40
tile=52,128,32,32,48,16,40
tile=53,160,32,32,48,16,40
tile=54,192,32,32,48,16,40
tile=55,224,32,32,48,16,40
tile=56,256,32,32,48,16,40
tile=57,288,32,32,48,16,40
tile=58,320,32,32,48,16,40
tile=59,352,32,32,48,16,40
tile=60,384,32,32,48,16,40
tile=61,416,32,32,48,16,40
tile=62,448,32,32,48,16,40
tile=63,480,32,32,48,16,40

# cliffs
tile=64,0,80,32,48,16,40
tile=65,32,80,32,48,16,40
tile=66,64,80,32,48,16,40
tile=67,96,80,32,48,16,40
tile=68,128,80,32,48,16,40
tile=69,160,80,32,48,16,40
tile=70,192,80,32,48,16,40
tile=71,224,80,32,48,16,40

# tents
tile=72,256,80,32,48,16,40
tile=73,288,80,32,48,16,40
tile=74,320,80,32,48,16,40
tile=75,352,80,32,48,16,40

# stash
tile=76,384,80,32,32,16,24
tile=77,416,80,32,32,16,24

# indicators
tile=92,384,112,32,16,16,8
tile=93,416,112,32,16,16,8
tile=94,448,112,32,16,16,8
tile=95,480,112,32,16,16,8

# town objects (e.g. containers)
tile=96,0,128,32,32,16,24
tile=97,32,128,32,32,16,24
tile=98,64,128,32,32,16,24
tile=99,96,128,32,32,16,24
tile=100,128,128,32,32,16,24
tile=101,160,128,32,32,16,24
tile=102,192,128,32,32,16,24
tile=103,224,128,32,32,16,24
tile=104,256,128,32,32,16,24
tile=105,288,128,32,32,16,24
tile=106,320,128,32,32,16,24
tile=107,352,128,32,32,16,24
tile=108,384,128,32,32,16,24
tile=109,416,128,32,32,16,24
tile=110,448,128,32,32,16,24
tile=111,480,128,32,32,16,24

# shrubs and grass tufts
tile=112,0,160,32,32,16,24
tile=113,32,160,32,32,16,24
tile=114,64,160,32,32,16,24
tile=115,96,160,32,32,16,24
tile=116,128,160,32,32,16,24
tile=117,160,160,32,32,16,24
tile=118,192,160,32,32,16,24
tile=119,224,160,32,32,16,24
tile=120,256,160,32,32,16,24
tile=121,288,160,32,32,16,24
tile=122,320,160,32,32,16,24
tile=123,352,160,32,32,16,24
tile=124,384,160,32,32,16,24
tile=125,416,160,32,32,16,24
tile=126,448,160,32,32,16,24
tile=127,480,160,32,32,16,24

# rocks
tile=128,0,192,32,48,16,40
tile=129,32,192,32,48,16,40
tile=130,64,192,32,48,16,40
tile=131,96,192,32,48,16,40
tile=132,128,192,32,48,16,40
tile=133,160,192,32,48,16,40
tile=134,192,192,32,48,16,40
tile=135,224,192,32,48,16,40

# tall town objects
tile=136,256,192,32,48,16,40
tile=137,288,192,32,48,16,40
tile=138,320,192,32,48,16,40
tile=139,352,192,32,48,16,40
tile=140,384,192,32,48,16,40
tile=141,416,192,32,48,16,40
tile=142,448,192,32,48,16,40
tile=143,480,192,32,48,16,40

# riverbanks
tile=144,0,240,32,32,16,8
tile=145,32,240,32,32,16,8
tile=146,64,240,32,32,16,8
tile=147,96,240,32,32,16,8
tile=148,128,240,32,32,16,8
tile=149,160,240,32,32,16,8
tile=150,192,240,32,32,16,8
tile=151,224,240,32,32,16,8
tile=152,256,240,32,32,16,8
tile=153,288,240,32,32,16,8
tile=154,320,240,32,32,16,8
tile=155,352,240,32,32,16,8
tile=156,384,240,32,32,16,8
tile=157,416,240,32,32,16,8
tile=158,448,240,32,32,16,8
tile=159,480,240,32,32,16,8

# riverbanks
tile=160,0,272,32,32,16,8
tile=161,32,272,32,32,16,8
tile=162,64,272,32,32,16,8
tile=163,96,272,32,32,16,8
tile=164,128,272,32,32,16,8
tile=165,160,272,32,32,16,8
tile=166,192,272,32,32,16,8
tile=167,224,272,32,32,16,8
tile=168,256,272,32,32,16,8
tile=169,288,272,32,32,16,8
tile=170,320,272,32,32,16,8
tile=171,352,272,32,32,16,8
tile=172,384,272,32,32,16,8
tile=173,416,272,32,32,16,8
tile=174,448,272,32,32,16,8
tile=175,480,272,32,32,16,8

# water tiles (use in a 4x4 grid)
tile=176,0,304,32,16,16,-8
tile=177,32,304,32,16,16,-8
tile=178,64,304,32,16,16,-8
tile=179,96,304,32,16,16,-8
tile=180,128,304,32,16,16,-8
tile=181,160,304,32,16,16,-8
tile=182,192,304,32,16,16,-8
tile=183,224,304,32,16,16,-8
tile=184,256,304,32,16,16,-8
tile=185,288,304,32,16,16,-8
tile=186,320,304,32,16,16,-8
tile=187,352,304,32,16,16,-8
tile=188,384,304,32,16,16,-8
tile=189,416,304,32,16,16,-8
tile=190,448,304,32,16,16,-8
tile=191,480,304,32,16,16,-8

# wood bridge/wharf
tile=192,0,320,32,32,16,8
tile=193,32,320,32,32,16,8
tile=194,64,320,32,32,16,8
tile=195,96,320,32,32,16,8
tile=196,128,320,32,32,16,8
tile=197,160,320,32,32,16,8
tile=198,192,320,32,32,16,8
tile=199,224,320,32,32,16,8
tile=200,256,320,32,32,16,8
tile=201,288,320,32,32,16,8
tile=202,320,320,32,32,16,8
tile=203,352,320,32,32,16,8
tile=204,384,320,32,32,16,8
tile=205,416,320,32,32,16,8
tile=206,448,320,32,32,16,8
tile=207,480,320,32,32,16,8

# buildings
tile=208,0,352,32,80,16,72
tile=209,32,352,32,80,16,72
tile=210,64,352,32,80,16,72
tile=211,96,352,32,80,16,72
tile=212,128,352,32,80,16,72
tile=213,160,352,32,80,16,72
tile=214,192,352,32,80,16,72
tile=215,224,352,32,80,16,72

# broken tower
tile=216,256,376,16,80,16,72
tile=217,272,368,16,96,16,88
tile=218,288,368,16,104,16,96
tile=219,304,376,32,96,16,96
tile=220,336,392,16,80,0,72
tile=221,352,416,16,48,0,40
tile=222,368,416,16,40,0,32

# cave tileset entrances
tile=224,0,432,32,64,16,56
tile=225,32,432,16,56,0,48
tile=226,48,432,16,56,16,48
tile=227,64,432,32,64,16,56
tile=228,96,432,32,64,16,56
tile=229,128,432,16,56,0,48
tile=230,144,432,16,56,16,48
tile=231,160,432,32,64,16,56

# temple entrance
tile=232,384,376,16,16,16,8
tile=233,400,368,16,32,16,24
tile=234,416,360,16,48,16,40
tile=235,432,352,32,64,16,56
tile=236,464,360,16,48,0,40
tile=237,480,368,16,32,0,24
tile=238,496,376,16,16,0,8

# blue trees
tile=240,0,496,64,64,32,56
tile=241,64,496,64,64,32,56
tile=242,128,496,64,64,32,56
tile=243,192,496,64,64,32,56

# dead trees
tile=244,256,480,64,112,32,104
tile=245,320,480,64,112,32,104
tile=246,384,480,64,112,32,104
tile=247,448,480,64,112,32,104

# tall trees
tile=248,0,560,64,112,32,104
tile=249,64,560,64,112,32,104
tile=250,128,560,64,112,32,104
tile=251,192,560,64,112,32,104

# fluffy trees
tile=252,256,592,64,80,32,72
tile=253,320,592,64,80,32,72
tile=254,384,592,64,80,32,72
tile=255,448,592,64,80,32,72

# teleporter circles
tile=264,0,672,64,32,16,16
tile=265,64,672,64,32,16,16

# teleporter animation
animation=265;256,672,66ms;192,672,66ms;128,672,66ms;64,672,66ms

# the rotten tower
tile=288,352,672,160,176,-5,150
