[header]
width=40
height=50
music=unrest_theme.ogg
tileset=tileset_dungeon.txt
title=Brothers' Lair Wind Hall

[layer]
type=background
data=
0,0,0,0,0,0,0,0,0,0,0,0,0,0,0,0,0,0,0,0,0,0,0,0,0,0,0,0,0,0,0,0,0,0,0,0,0,0,0,0,
0,0,0,0,0,0,0,0,0,0,0,0,0,0,0,0,0,0,0,0,0,0,0,0,0,0,0,0,0,0,0,0,0,0,0,0,0,0,0,0,
0,0,0,0,0,0,0,0,0,0,0,0,0,0,0,0,0,0,0,0,0,0,0,0,0,0,0,0,0,0,0,0,0,0,0,0,0,0,0,0,
0,0,0,0,0,0,0,0,0,0,0,0,0,0,0,0,0,0,0,0,0,0,0,0,0,0,0,0,0,0,0,0,0,0,0,0,0,0,0,0,
0,0,0,0,0,0,0,0,0,0,0,0,0,0,0,0,0,0,0,0,0,0,0,0,0,0,0,0,0,0,19,18,16,16,16,16,18,0,0,0,
0,0,0,0,0,0,0,0,0,0,0,0,0,0,0,0,0,0,0,0,0,0,0,0,0,0,0,0,0,0,17,33,34,34,34,34,34,0,0,0,
0,0,0,0,0,0,0,0,0,0,0,0,0,0,0,0,0,0,0,0,0,0,0,0,0,0,0,0,0,0,16,32,16,16,16,16,35,0,0,0,
0,0,0,0,0,0,0,0,0,0,0,0,0,0,0,0,0,0,0,0,0,0,0,0,0,0,0,0,0,0,16,32,16,16,16,16,35,0,0,0,
0,0,0,0,0,0,0,0,0,0,0,0,0,0,0,0,0,0,0,0,0,0,0,0,0,0,0,0,0,0,16,32,16,16,16,16,35,0,0,0,
0,0,0,0,0,0,0,0,0,0,0,0,0,0,0,0,0,0,0,0,0,0,0,19,18,16,16,16,16,16,17,35,16,16,16,16,35,0,0,0,
0,0,0,0,0,0,0,0,0,0,0,0,0,0,0,0,0,0,0,0,0,0,0,17,33,34,34,34,34,34,33,32,16,16,16,16,35,0,0,0,
0,0,0,0,0,0,0,0,0,0,0,0,0,0,0,0,0,0,0,0,0,0,0,16,32,16,16,16,16,16,16,16,16,16,16,16,35,0,0,0,
0,0,0,0,0,0,0,0,0,0,0,0,0,0,0,0,0,0,0,0,0,0,0,16,32,16,33,34,33,33,33,34,16,16,16,16,35,0,0,0,
0,0,0,0,0,0,0,0,0,0,0,0,0,0,0,0,0,0,0,0,0,0,0,16,32,16,32,0,0,0,18,35,16,16,16,16,35,0,0,0,
0,0,0,0,0,0,0,0,0,0,0,0,0,0,0,0,0,0,0,0,0,0,0,16,32,16,35,0,0,0,19,32,16,16,16,16,35,0,0,0,
0,0,0,0,0,0,0,0,0,0,0,0,0,0,0,0,0,0,0,0,0,0,0,16,32,16,35,0,0,0,19,34,33,33,33,33,35,0,0,0,
0,0,0,0,19,18,18,0,0,0,19,18,18,0,0,0,0,0,0,0,0,0,0,23,31,16,30,0,0,0,0,0,0,0,0,0,0,0,0,0,
0,0,16,16,17,35,35,18,19,16,17,35,35,18,19,16,16,18,0,0,19,18,16,17,20,16,22,18,19,18,0,0,0,0,0,0,0,0,0,0,
0,0,34,34,33,32,32,33,34,34,33,32,32,33,34,34,34,34,0,0,17,16,16,16,20,16,22,16,16,16,0,0,0,0,0,0,0,0,0,0,
0,0,33,33,34,32,33,34,33,33,34,32,33,34,33,33,34,35,0,0,16,16,16,16,20,16,22,16,16,16,0,0,0,0,0,0,0,0,0,0,
0,0,0,0,19,34,35,0,0,0,19,35,32,0,0,18,35,35,0,19,18,16,16,16,20,51,22,16,16,16,18,0,0,0,0,0,0,0,0,0,
0,0,0,0,0,0,0,0,0,0,0,0,0,0,0,19,32,35,0,17,16,16,16,16,20,16,22,16,16,16,16,0,0,0,0,0,0,0,0,0,
0,0,0,0,0,0,0,0,0,0,0,0,0,0,0,16,32,35,0,16,16,16,16,16,20,16,22,16,16,16,16,0,0,0,0,0,0,0,0,0,
0,0,0,0,0,0,0,0,0,0,0,0,0,0,0,16,32,35,0,16,16,16,16,16,20,16,22,16,16,16,16,0,0,0,0,0,0,0,0,0,
0,0,0,0,0,0,0,0,0,0,0,0,0,0,0,16,32,35,0,19,16,16,16,16,20,16,22,16,16,16,16,0,0,0,0,0,0,0,0,0,
0,0,0,0,0,0,0,0,0,0,0,0,0,0,19,17,35,32,18,0,19,16,16,16,20,16,22,16,16,16,0,0,0,0,0,0,0,0,0,0,
0,0,0,0,0,0,0,0,0,0,0,19,18,16,17,16,16,16,16,18,17,16,16,16,20,16,22,16,16,16,0,0,0,0,0,0,0,0,0,0,
0,0,0,0,0,0,0,0,0,0,0,17,16,16,16,16,16,16,16,16,16,16,16,16,20,16,22,16,16,16,0,0,0,0,0,0,0,0,0,0,
0,0,0,0,0,0,0,0,0,0,0,16,16,16,16,16,16,16,16,16,16,16,24,21,28,16,29,21,25,16,18,0,0,0,0,0,0,0,0,0,
0,0,0,0,0,19,18,16,16,16,22,17,16,16,16,16,16,16,16,16,16,16,20,16,16,16,16,16,22,16,16,0,0,0,0,0,0,0,0,0,
0,0,0,0,0,17,33,34,34,34,29,21,21,21,21,21,21,21,21,21,21,21,28,16,16,16,16,16,22,16,16,0,0,0,0,0,0,0,0,0,
0,0,0,0,0,16,32,16,16,16,16,16,16,16,16,16,16,16,16,16,16,16,16,16,16,16,16,16,22,16,16,0,0,0,0,0,0,0,0,0,
0,0,0,0,0,16,32,16,33,34,30,23,23,23,23,23,23,23,23,23,23,23,31,16,16,16,16,16,22,16,16,0,0,0,0,0,0,0,0,0,
0,0,0,0,0,16,32,16,32,0,0,18,16,16,16,16,16,16,16,16,16,16,20,16,16,16,16,16,22,16,0,0,0,0,0,0,0,0,0,0,
0,0,0,0,0,16,32,16,35,0,0,19,16,16,16,16,16,16,16,16,16,16,27,23,23,23,23,23,26,16,0,0,0,0,0,0,0,0,0,0,
0,0,0,0,0,16,32,16,35,0,0,19,16,16,16,16,16,16,16,16,16,16,16,16,16,16,16,16,16,16,0,0,0,0,0,0,0,0,0,0,
0,0,0,0,0,16,32,16,35,0,0,0,0,0,19,16,16,16,16,0,0,0,19,16,16,16,16,0,0,0,0,0,0,0,0,0,0,0,0,0,
0,0,0,0,0,16,32,16,35,0,0,0,0,0,0,0,0,0,0,0,0,0,0,0,0,0,0,0,0,0,0,0,0,0,0,0,0,0,0,0,
0,0,0,0,0,16,32,16,35,0,0,0,0,0,0,0,0,0,0,0,0,0,0,0,0,0,0,0,0,0,0,0,0,0,0,0,0,0,0,0,
0,0,19,18,16,17,35,16,35,18,19,18,0,0,0,0,0,0,0,0,0,0,0,0,0,0,0,0,0,0,0,0,0,0,0,0,0,0,0,0,
0,0,17,33,34,33,32,16,32,33,34,34,0,0,0,0,0,0,0,0,0,0,0,0,0,0,0,0,0,0,0,0,0,0,0,0,0,0,0,0,
0,0,16,32,16,16,16,16,16,16,16,35,0,0,0,0,0,0,0,0,0,0,0,0,0,0,0,0,0,0,0,0,0,0,0,0,0,0,0,0,
0,0,16,32,16,16,16,16,16,16,16,35,0,0,0,0,0,0,0,0,0,0,0,0,0,0,0,0,0,0,0,0,0,0,0,0,0,0,0,0,
0,0,16,32,16,16,16,16,16,16,16,35,0,0,0,0,0,0,0,0,0,0,0,0,0,0,0,0,0,0,0,0,0,0,0,0,0,0,0,0,
0,0,16,32,16,16,16,16,16,16,16,35,0,0,0,0,0,0,0,0,0,0,0,0,0,0,0,0,0,0,0,0,0,0,0,0,0,0,0,0,
0,0,16,32,16,16,16,16,16,16,16,35,0,0,0,0,0,0,0,0,0,0,0,0,0,0,0,0,0,0,0,0,0,0,0,0,0,0,0,0,
0,0,19,34,33,33,33,33,33,33,33,35,0,0,0,0,0,0,0,0,0,0,0,0,0,0,0,0,0,0,0,0,0,0,0,0,0,0,0,0,
0,0,0,0,0,0,0,0,0,0,0,0,0,0,0,0,0,0,0,0,0,0,0,0,0,0,0,0,0,0,0,0,0,0,0,0,0,0,0,0,
0,0,0,0,0,0,0,0,0,0,0,0,0,0,0,0,0,0,0,0,0,0,0,0,0,0,0,0,0,0,0,0,0,0,0,0,0,0,0,0,
0,0,0,0,0,0,0,0,0,0,0,0,0,0,0,0,0,0,0,0,0,0,0,0,0,0,0,0,0,0,0,0,0,0,0,0,0,0,0,0

[layer]
type=object
data=
0,0,0,0,0,0,0,0,0,0,0,0,0,0,0,0,0,0,0,0,0,0,0,0,0,0,0,0,0,0,0,0,0,0,0,0,0,0,0,0,
0,0,0,0,0,0,0,0,0,0,0,0,0,0,0,0,0,0,0,0,0,0,0,0,0,0,0,0,0,0,0,0,0,0,0,0,0,0,0,0,
0,0,0,0,0,0,0,0,0,0,0,0,0,0,0,0,0,0,0,0,0,0,0,0,0,0,0,0,0,0,0,0,0,0,0,0,0,0,0,0,
0,0,0,0,0,0,0,0,0,0,0,0,0,0,0,0,0,0,0,0,0,0,0,0,0,0,0,0,0,0,0,0,0,0,0,0,0,0,0,0,
0,0,0,0,0,0,0,0,0,0,0,0,0,0,0,0,0,0,0,0,0,0,0,0,0,0,0,0,0,0,77,69,97,65,65,65,97,78,0,0,
0,0,0,0,0,0,0,0,0,0,0,0,0,0,0,0,0,0,0,0,0,0,0,0,0,0,0,0,0,0,68,0,0,0,205,0,0,70,0,0,
0,0,0,0,0,0,0,0,0,0,0,0,0,0,0,0,0,0,0,0,0,0,0,0,0,0,0,0,0,0,64,0,193,0,204,0,193,82,0,0,
0,0,0,0,0,0,0,0,0,0,0,0,0,0,0,0,0,0,0,0,0,0,0,0,0,0,0,0,0,0,64,144,0,0,0,0,0,82,0,0,
0,0,0,0,0,0,0,0,0,0,0,0,0,0,0,0,0,0,0,0,0,0,0,0,0,0,0,0,0,0,102,148,0,0,0,0,136,82,0,0,
0,0,0,0,0,0,0,0,0,0,0,0,0,0,0,0,0,0,0,0,0,0,0,77,69,65,65,65,65,65,73,0,0,0,0,0,0,82,0,0,
0,0,0,0,0,0,0,0,0,0,0,0,0,0,0,0,0,0,0,0,0,0,0,68,0,0,0,0,0,0,0,0,0,0,0,0,0,82,0,0,
0,0,0,0,0,0,0,0,0,0,0,0,0,0,0,0,0,0,0,0,0,0,0,64,0,0,0,0,0,0,0,0,0,0,0,0,0,82,0,0,
0,0,0,0,0,0,0,0,0,0,0,0,0,0,0,0,0,0,0,0,0,0,0,64,0,0,0,0,0,0,0,0,0,0,0,0,0,82,0,0,
0,0,0,0,0,0,0,0,0,0,0,0,0,0,0,0,0,0,0,0,0,0,0,64,0,0,0,75,67,67,72,0,0,0,0,0,0,82,0,0,
0,0,0,0,0,0,0,0,0,0,0,0,0,0,0,0,0,0,0,0,0,0,0,64,0,0,0,66,0,0,102,0,0,0,0,0,147,82,0,0,
0,0,0,0,0,0,0,0,0,0,0,0,0,0,0,0,0,0,0,0,0,0,0,64,0,0,0,66,0,0,68,147,137,0,0,137,146,82,0,0,
0,0,0,0,77,69,105,78,0,0,77,69,69,78,0,0,0,0,0,0,0,0,0,77,107,115,107,78,0,0,76,67,71,83,83,83,83,95,0,0,
0,0,65,65,73,0,0,74,65,65,73,0,0,74,65,65,65,69,78,0,77,69,65,73,0,0,0,74,69,69,78,0,0,0,0,0,0,0,0,0,
0,0,242,0,0,0,0,0,0,0,0,0,0,0,0,0,0,0,66,0,68,0,0,129,0,0,0,151,0,0,70,0,0,0,0,0,0,0,0,0,
0,0,241,0,0,0,0,0,0,0,0,0,0,0,0,0,0,0,66,0,102,0,0,0,0,149,0,0,0,0,82,0,0,0,0,0,0,0,0,0,
0,0,67,71,88,0,0,91,83,83,88,0,0,75,67,72,0,0,66,77,73,0,0,0,0,0,0,0,0,0,90,94,0,0,0,0,0,0,0,0,
0,0,0,0,92,83,83,95,0,0,92,83,83,79,0,68,0,0,66,68,0,0,0,0,0,0,0,0,0,0,0,82,0,0,0,0,0,0,0,0,
0,0,0,0,0,0,0,0,0,0,0,0,0,0,0,64,0,0,66,64,0,0,0,0,0,0,0,0,0,0,0,82,0,0,0,0,0,0,0,0,
0,0,0,0,0,0,0,0,0,0,0,0,0,0,0,64,0,0,66,64,0,0,0,0,0,0,0,0,0,0,0,82,0,0,0,0,0,0,0,0,
0,0,0,0,0,0,0,0,0,0,0,0,0,0,0,64,0,0,66,76,72,0,0,0,0,0,0,0,0,0,0,82,0,0,0,0,0,0,0,0,
0,0,0,0,0,0,0,0,0,0,0,0,0,0,77,73,0,0,66,0,102,0,0,0,0,0,0,0,0,0,91,95,0,0,0,0,0,0,0,0,
0,0,0,0,0,0,0,0,0,0,0,77,69,103,73,0,0,0,74,103,73,0,0,0,0,0,0,0,0,0,82,0,0,0,0,0,0,0,0,0,
0,0,0,0,0,0,0,0,0,0,0,68,0,0,0,0,0,0,0,0,0,0,0,0,0,0,0,0,0,0,82,0,0,0,0,0,0,0,0,0,
0,0,0,0,0,0,0,0,0,0,0,64,0,0,0,0,0,0,0,0,0,0,0,0,0,0,0,0,0,0,90,94,0,0,0,0,0,0,0,0,
0,0,0,0,0,77,69,65,65,65,77,73,0,192,0,0,0,0,0,0,0,0,0,150,0,150,0,150,0,0,0,82,0,0,0,0,0,0,0,0,
0,0,0,0,0,68,0,0,0,0,106,0,0,0,0,0,0,0,0,0,0,0,0,0,0,0,0,0,0,0,0,82,0,0,0,0,0,0,0,0,
0,0,0,0,0,64,0,0,0,0,114,0,0,148,0,0,0,196,197,0,0,0,0,150,0,150,0,150,0,0,0,82,0,0,0,0,0,0,0,0,
0,0,0,0,0,64,0,0,0,0,106,0,0,0,0,0,0,0,0,0,0,0,0,0,0,0,0,0,0,0,0,82,0,0,0,0,0,0,0,0,
0,0,0,0,0,64,0,0,0,75,76,72,167,0,0,0,0,0,0,0,0,0,0,150,0,150,0,150,0,0,91,95,0,0,0,0,0,0,0,0,
0,0,0,0,0,64,0,0,0,66,0,64,0,0,0,0,0,0,0,0,0,0,0,0,0,0,0,0,0,0,82,0,0,0,0,0,0,0,0,0,
0,0,0,0,0,64,0,0,0,66,0,68,0,0,0,0,0,0,0,0,0,0,0,0,0,0,0,0,0,0,82,0,0,0,0,0,0,0,0,0,
0,0,0,0,0,64,0,0,0,66,0,76,71,83,88,0,0,0,0,91,83,83,88,0,0,0,0,91,83,83,95,0,0,0,0,0,0,0,0,0,
0,0,0,0,0,64,0,0,0,66,0,0,0,0,92,83,83,83,83,95,0,0,92,83,83,83,83,95,0,0,0,0,0,0,0,0,0,0,0,0,
0,0,0,0,0,64,0,0,0,66,0,0,0,0,0,0,0,0,0,0,0,0,0,0,0,0,0,0,0,0,0,0,0,0,0,0,0,0,0,0,
0,0,77,69,65,73,0,0,0,74,65,69,78,0,0,0,0,0,0,0,0,0,0,0,0,0,0,0,0,0,0,0,0,0,0,0,0,0,0,0,
0,0,104,0,0,0,0,0,0,0,0,0,70,0,0,0,0,0,0,0,0,0,0,0,0,0,0,0,0,0,0,0,0,0,0,0,0,0,0,0,
0,0,64,0,0,110,0,0,0,110,0,0,82,0,0,0,0,0,0,0,0,0,0,0,0,0,0,0,0,0,0,0,0,0,0,0,0,0,0,0,
0,0,64,0,0,0,0,0,0,0,0,0,82,0,0,0,0,0,0,0,0,0,0,0,0,0,0,0,0,0,0,0,0,0,0,0,0,0,0,0,
0,0,64,0,0,0,0,0,0,0,0,0,82,0,0,0,0,0,0,0,0,0,0,0,0,0,0,0,0,0,0,0,0,0,0,0,0,0,0,0,
0,0,64,0,0,0,0,0,0,0,0,146,82,0,0,0,0,0,0,0,0,0,0,0,0,0,0,0,0,0,0,0,0,0,0,0,0,0,0,0,
0,0,64,146,0,110,0,0,0,110,0,0,82,0,0,0,0,0,0,0,0,0,0,0,0,0,0,0,0,0,0,0,0,0,0,0,0,0,0,0,
0,0,68,147,146,0,0,0,0,0,146,147,82,0,0,0,0,0,0,0,0,0,0,0,0,0,0,0,0,0,0,0,0,0,0,0,0,0,0,0,
0,0,76,71,83,83,83,83,83,83,83,83,95,0,0,0,0,0,0,0,0,0,0,0,0,0,0,0,0,0,0,0,0,0,0,0,0,0,0,0,
0,0,0,0,0,0,0,0,0,0,0,0,0,0,0,0,0,0,0,0,0,0,0,0,0,0,0,0,0,0,0,0,0,0,0,0,0,0,0,0,
0,0,0,0,0,0,0,0,0,0,0,0,0,0,0,0,0,0,0,0,0,0,0,0,0,0,0,0,0,0,0,0,0,0,0,0,0,0,0,0

[layer]
type=collision
data=
3,3,3,3,3,3,3,3,3,3,3,3,3,3,3,3,3,3,3,3,3,3,3,3,3,3,3,3,3,3,3,3,3,3,3,3,3,3,3,3,
3,3,3,3,3,3,3,3,3,3,3,3,3,3,3,3,3,3,3,3,3,3,3,3,3,3,3,3,3,3,3,3,3,3,3,3,3,3,3,3,
3,3,3,3,3,3,3,3,3,3,3,3,3,3,3,3,3,3,3,3,3,3,3,3,3,3,3,3,3,3,3,3,3,3,3,3,3,3,3,3,
3,3,3,3,3,3,3,3,3,3,3,3,3,3,3,3,3,3,3,3,3,3,3,3,3,3,3,3,3,3,3,3,3,3,3,3,3,3,3,3,
3,3,3,3,3,3,3,3,3,3,3,3,3,3,3,3,3,3,3,3,3,3,3,3,3,3,3,3,3,3,1,1,1,1,1,1,1,1,3,3,
3,3,3,3,3,3,3,3,3,3,3,3,3,3,3,3,3,3,3,3,3,3,3,3,3,3,3,3,3,3,1,0,0,0,2,0,0,1,3,3,
3,3,3,3,3,3,3,3,3,3,3,3,3,3,3,3,3,3,3,3,3,3,3,3,3,3,3,3,3,3,1,0,2,0,2,0,2,1,3,3,
3,3,3,3,3,3,3,3,3,3,3,3,3,3,3,3,3,3,3,3,3,3,3,3,3,3,3,3,3,3,1,2,0,0,0,0,0,1,3,3,
3,3,3,3,3,3,3,3,3,3,3,3,3,3,3,3,3,3,3,3,3,3,3,3,3,3,3,3,3,3,1,2,0,0,0,0,2,1,3,3,
3,3,3,3,3,3,3,3,3,3,3,3,3,3,3,3,3,3,3,3,3,3,3,1,1,1,1,1,1,1,1,0,0,0,0,0,0,1,3,3,
3,3,3,3,3,3,3,3,3,3,3,3,3,3,3,3,3,3,3,3,3,3,3,1,0,0,0,0,0,0,0,0,0,0,0,0,0,1,3,3,
3,3,3,3,3,3,3,3,3,3,3,3,3,3,3,3,3,3,3,3,3,3,3,1,0,0,0,0,0,0,0,0,0,0,0,0,0,1,3,3,
3,3,3,3,3,3,3,3,3,3,3,3,3,3,3,3,3,3,3,3,3,3,3,1,0,0,0,0,0,0,0,0,0,0,0,0,0,1,3,3,
3,3,3,3,3,3,3,3,3,3,3,3,3,3,3,3,3,3,3,3,3,3,3,1,0,0,0,1,1,1,1,0,0,0,0,0,0,1,3,3,
3,3,3,3,3,3,3,3,3,3,3,3,3,3,3,3,3,3,3,3,3,3,3,1,0,0,0,1,3,3,1,0,0,0,0,0,2,1,3,3,
3,3,3,3,3,3,3,3,3,3,3,3,3,3,3,3,3,3,3,3,3,3,3,1,0,0,0,1,3,3,1,2,2,0,0,2,2,1,3,3,
3,3,3,3,1,1,1,1,3,3,1,1,1,1,3,3,3,3,3,3,3,3,3,1,1,2,1,1,3,3,1,1,1,1,1,1,1,1,3,3,
3,3,1,1,1,0,0,1,1,1,1,0,0,1,1,1,1,1,1,3,1,1,1,1,0,0,0,1,1,1,1,3,3,3,3,3,3,3,3,3,
3,3,0,0,0,0,0,0,0,0,0,0,0,0,0,0,0,0,1,3,1,0,0,1,0,0,0,2,0,0,1,3,3,3,3,3,3,3,3,3,
3,3,0,0,0,0,0,0,0,0,0,0,0,0,0,0,0,0,1,3,1,0,0,0,0,2,0,0,0,0,1,3,3,3,3,3,3,3,3,3,
3,3,1,1,1,0,0,1,1,1,1,0,0,1,1,1,0,0,1,1,1,0,0,0,0,0,0,0,0,0,1,1,3,3,3,3,3,3,3,3,
3,3,3,3,1,1,1,1,3,3,1,1,1,1,3,1,0,0,1,1,0,0,0,0,0,0,0,0,0,0,0,1,3,3,3,3,3,3,3,3,
3,3,3,3,3,3,3,3,3,3,3,3,3,3,3,1,0,0,1,1,0,0,0,0,0,0,0,0,0,0,0,1,3,3,3,3,3,3,3,3,
3,3,3,3,3,3,3,3,3,3,3,3,3,3,3,1,0,0,1,1,0,0,0,0,0,0,0,0,0,0,0,1,3,3,3,3,3,3,3,3,
3,3,3,3,3,3,3,3,3,3,3,3,3,3,3,1,0,0,1,1,1,0,0,0,0,0,0,0,0,0,0,1,3,3,3,3,3,3,3,3,
3,3,3,3,3,3,3,3,3,3,3,3,3,3,1,1,0,0,1,3,1,0,0,0,0,0,0,0,0,0,1,1,3,3,3,3,3,3,3,3,
3,3,3,3,3,3,3,3,3,3,3,1,1,1,1,0,0,0,1,1,1,0,0,0,0,0,0,0,0,0,1,3,3,3,3,3,3,3,3,3,
3,3,3,3,3,3,3,3,3,3,3,1,0,0,0,0,0,0,0,0,0,0,0,0,0,0,0,0,0,0,1,3,3,3,3,3,3,3,3,3,
3,3,3,3,3,3,3,3,3,3,3,1,0,0,0,0,0,0,0,0,0,0,0,0,0,0,0,0,0,0,1,1,3,3,3,3,3,3,3,3,
3,3,3,3,3,1,1,1,1,1,1,1,0,2,0,0,0,0,0,0,0,0,0,2,0,2,0,2,0,0,0,1,3,3,3,3,3,3,3,3,
3,3,3,3,3,1,0,0,0,0,1,0,0,0,0,0,0,0,0,0,0,0,0,0,0,0,0,0,0,0,0,1,3,3,3,3,3,3,3,3,
3,3,3,3,3,1,0,0,0,0,2,0,0,2,0,0,0,2,2,0,0,0,0,2,0,2,0,2,0,0,0,1,3,3,3,3,3,3,3,3,
3,3,3,3,3,1,0,0,0,0,1,0,0,0,0,0,0,0,0,0,0,0,0,0,0,0,0,0,0,0,0,1,3,3,3,3,3,3,3,3,
3,3,3,3,3,1,0,0,0,1,1,1,2,0,0,0,0,0,0,0,0,0,0,2,0,2,0,2,0,0,1,1,3,3,3,3,3,3,3,3,
3,3,3,3,3,1,0,0,0,1,3,1,0,0,0,0,0,0,0,0,0,0,0,0,0,0,0,0,0,0,1,3,3,3,3,3,3,3,3,3,
3,3,3,3,3,1,0,0,0,1,3,1,0,0,0,0,0,0,0,0,0,0,0,0,0,0,0,0,0,0,1,3,3,3,3,3,3,3,3,3,
3,3,3,3,3,1,0,0,0,1,3,1,1,1,1,0,0,0,0,1,1,1,1,0,0,0,0,1,1,1,1,3,3,3,3,3,3,3,3,3,
3,3,3,3,3,1,0,0,0,1,3,3,3,3,1,1,1,1,1,1,3,3,1,1,1,1,1,1,3,3,3,3,3,3,3,3,3,3,3,3,
3,3,3,3,3,1,0,0,0,1,3,3,3,3,3,3,3,3,3,3,3,3,3,3,3,3,3,3,3,3,3,3,3,3,3,3,3,3,3,3,
3,3,1,1,1,1,0,0,0,1,1,1,1,3,3,3,3,3,3,3,3,3,3,3,3,3,3,3,3,3,3,3,3,3,3,3,3,3,3,3,
3,3,1,0,0,0,0,0,0,0,0,0,1,3,3,3,3,3,3,3,3,3,3,3,3,3,3,3,3,3,3,3,3,3,3,3,3,3,3,3,
3,3,1,0,0,1,0,0,0,1,0,0,1,3,3,3,3,3,3,3,3,3,3,3,3,3,3,3,3,3,3,3,3,3,3,3,3,3,3,3,
3,3,1,0,0,0,0,0,0,0,0,0,1,3,3,3,3,3,3,3,3,3,3,3,3,3,3,3,3,3,3,3,3,3,3,3,3,3,3,3,
3,3,1,0,0,0,0,0,0,0,0,0,1,3,3,3,3,3,3,3,3,3,3,3,3,3,3,3,3,3,3,3,3,3,3,3,3,3,3,3,
3,3,1,0,0,0,0,0,0,0,0,2,1,3,3,3,3,3,3,3,3,3,3,3,3,3,3,3,3,3,3,3,3,3,3,3,3,3,3,3,
3,3,1,2,0,1,0,0,0,1,0,0,1,3,3,3,3,3,3,3,3,3,3,3,3,3,3,3,3,3,3,3,3,3,3,3,3,3,3,3,
3,3,1,2,2,0,0,0,0,0,2,2,1,3,3,3,3,3,3,3,3,3,3,3,3,3,3,3,3,3,3,3,3,3,3,3,3,3,3,3,
3,3,1,1,1,1,1,1,1,1,1,1,1,3,3,3,3,3,3,3,3,3,3,3,3,3,3,3,3,3,3,3,3,3,3,3,3,3,3,3,
3,3,3,3,3,3,3,3,3,3,3,3,3,3,3,3,3,3,3,3,3,3,3,3,3,3,3,3,3,3,3,3,3,3,3,3,3,3,3,3,
3,3,3,3,3,3,3,3,3,3,3,3,3,3,3,3,3,3,3,3,3,3,3,3,3,3,3,3,3,3,3,3,3,3,3,3,3,3,3,3

[event]
# Chain-Statue Switch
type=run_once
location=23,29,1,1
hotspot=-16,-28,32,34
mapmod=object,23,29,166
soundfx=soundfx/door_open.ogg
tooltip=Switch

[event]
# Chain-Grate Switch
type=run_once
location=25,29,1,1
hotspot=-16,-28,32,34
mapmod=object,25,29,166
soundfx=soundfx/door_open.ogg
tooltip=Switch

[event]
# Chain-ColdUrn Switch
type=run_once
location=27,29,1,1
hotspot=-16,-28,32,34
mapmod=object,27,29,166
soundfx=soundfx/door_open.ogg
tooltip=Switch

[event]
# Tomb-ColdUrn Switch
type=run_once
location=27,31,1,1
hotspot=-16,-28,32,34
mapmod=object,27,31,166
soundfx=soundfx/door_open.ogg
tooltip=Switch

[event]
# Tomb-Statue Switch
type=run_once
location=23,31,1,1
hotspot=-16,-28,32,34
mapmod=object,23,31,166
soundfx=soundfx/door_open.ogg
tooltip=Switch

[event]
# Tomb-Grate Switch
type=run_once
location=25,31,1,1
hotspot=-16,-28,32,34
mapmod=object,25,31,166
soundfx=soundfx/door_open.ogg
tooltip=Switch

[event]
# HotUrn-Statue Switch
type=run_once
location=23,33,1,1
hotspot=-16,-28,32,34
mapmod=object,23,33,166
soundfx=soundfx/door_open.ogg
tooltip=Switch

[event]
# HotUrn-Grate Switch
type=run_once
location=25,33,1,1
hotspot=-16,-28,32,34
mapmod=object,25,33,166
soundfx=soundfx/door_open.ogg
tooltip=Switch

[event]
# HotUrn-ColdUrn Switch
type=run_once
location=27,33,1,1
hotspot=-16,-28,32,34
mapmod=object,27,33,166
soundfx=soundfx/door_open.ogg
tooltip=Switch

[event]
# Storage Room Clue Book
type=run_always
location=13,31,1,1
hotspot=-16,-48,32,56
mapmod=object,13,31,164
msg="The fiercest warrior's sword is as a flame to his enemies."
soundfx=soundfx/inventory/inventory_page.ogg
tooltip=Aldrenan's Proverbs

[event]
# Bedroom Clue Book
type=run_always
location=25,19,1,1
hotspot=-16,-48,32,56
mapmod=object,25,19,165
msg="And so my lover lay there, cold as the grave, the fire of life having left him forever."
soundfx=soundfx/inventory/inventory_page.ogg
tooltip=Siobhan's Love

[event]
# Warp to Atrium
type=teleport
location=2,18,1,2
intermap=brothers_lair_atrium.txt,26,14

[event]
# Storage Room Clue Book
type=run_always
location=31,8,1,1
hotspot=-16,-48,32,56
mapmod=object,31,8,164
msg="People used to ask me why I use a sword rather than a wand. It never occurs to them that the metal blade can conduct and channel lightning as well as (or better than!) any enchanted twig. ~Grisbon"
soundfx=soundfx/inventory/inventory_page.ogg
tooltip=Diary

[event]
# Crate
type=run_once
location=31,15,1,1
hotspot=-16,-30,32,36
loot=random,31,14,6
mapmod=object,31,15,163
soundfx=soundfx/wood_open.ogg
tooltip=Crate

[event]
# Crate
type=run_once
location=36,14,1,1
hotspot=-16,-30,32,36
loot=random,35,13,7
mapmod=object,36,14,163
soundfx=soundfx/wood_open.ogg
tooltip=Crate

[event]
# Crate
type=run_once
location=11,46,1,1
hotspot=-16,-30,32,36
loot=random,11,45,8
mapmod=object,11,46,163
soundfx=soundfx/wood_open.ogg
tooltip=Crate

[event]
# Crate
type=run_once
location=3,46,1,1
hotspot=-16,-30,32,36
loot=random,4,45,6
mapmod=object,3,46,163
soundfx=soundfx/wood_open.ogg
tooltip=Crate

[event]
# Barrel
type=run_once
location=3,45,1,1
hotspot=-16,-36,32,44
loot=random,3,44,7
mapmod=object,3,45,162
soundfx=soundfx/wood_open.ogg
tooltip=Barrel

[event]
# Barrel
type=run_once
location=4,46,1,1
hotspot=-16,-36,32,44
loot=random,5,46,7
mapmod=object,4,46,162
soundfx=soundfx/wood_open.ogg
tooltip=Barrel

[event]
# Barrel
type=run_once
location=10,46,1,1
hotspot=-16,-36,32,44
loot=random,9,46,7
mapmod=object,10,46,162
soundfx=soundfx/wood_open.ogg
tooltip=Barrel

[event]
# Barrel
type=run_once
location=11,44,1,1
hotspot=-16,-36,32,44
loot=random,10,44,8
mapmod=object,11,44,162
soundfx=soundfx/wood_open.ogg
tooltip=Barrel

[event]
# Barrel
type=run_once
location=36,15,1,1
hotspot=-16,-36,32,44
loot=random,35,14,6
mapmod=object,36,15,162
soundfx=soundfx/wood_open.ogg
tooltip=Barrel

[enemygroup]
# 4-5 Undead
type=undead
location=3,40,9,7
level=4,7
number=4,5

[enemygroup]
# 1-3 Undead
type=undead
location=12,27,18,9
level=4,7
number=1,3

[enemygroup]
# 1-3 Undead
type=undead
location=21,18,9,18
level=4,7
number=1,3

